LabVIEW Measurement	
Writer_Version	2
Reader_Version	2
Separator	Tab
Decimal_Separator	.
Multi_Headings	No
X_Columns	Multi
Time_Pref	Relative
Operator	TG lab
Date	2015/03/06
Time	16:13:17.8545789718627929687
***End_of_Header***	
	
Channels	1	
Samples	2000	
Date	1903/12/31	
Time	19:00:00	
X_Dimension	Time	
X0	0.0000000000000000E+0	
Delta_X	5.000000E-11	
***End_of_Header***		
X_Value	Untitled	Comment
0.000000	0.001384
5.000000E-11	0.001441
1.000000E-10	0.001469
1.500000E-10	0.001478
2.000000E-10	0.001503
2.500000E-10	0.001559
3.000000E-10	0.001572
3.500000E-10	0.001600
4.000000E-10	0.001522
4.500000E-10	0.001534
5.000000E-10	0.001516
5.500000E-10	0.001584
6.000000E-10	0.001575
6.500000E-10	0.001606
7.000000E-10	0.001472
7.500000E-10	0.001541
8.000000E-10	0.001506
8.500000E-10	0.001528
9.000000E-10	0.001538
9.500000E-10	0.001491
1.000000E-9	0.001469
1.050000E-9	0.001437
1.100000E-9	0.001403
1.150000E-9	0.001372
1.200000E-9	0.001331
1.250000E-9	0.001369
1.300000E-9	0.001125
1.350000E-9	0.001222
1.400000E-9	0.001156
1.450000E-9	0.001194
1.500000E-9	0.001197
1.550000E-9	0.001078
1.600000E-9	0.001166
1.650000E-9	0.001094
1.700000E-9	0.001012
1.750000E-9	0.001184
1.800000E-9	0.001000
1.850000E-9	0.001009
1.900000E-9	0.001122
1.950000E-9	0.001269
2.000000E-9	0.001244
2.050000E-9	0.001231
2.100000E-9	0.001263
2.150000E-9	0.001478
2.200000E-9	0.001428
2.250000E-9	0.001553
2.300000E-9	0.001513
2.350000E-9	0.001544
2.400000E-9	0.001497
2.450000E-9	0.001341
2.500000E-9	0.001416
2.550000E-9	0.001409
2.600000E-9	0.001187
2.650000E-9	0.001325
2.700000E-9	0.001228
2.750000E-9	0.001197
2.800000E-9	0.001253
2.850000E-9	0.001269
2.900000E-9	0.001278
2.950000E-9	0.001372
3.000000E-9	0.001284
3.050000E-9	0.001453
3.100000E-9	0.001437
3.150000E-9	0.001456
3.200000E-9	0.001453
3.250000E-9	0.001316
3.300000E-9	0.001225
3.350000E-9	0.001109
3.400000E-9	0.001159
3.450000E-9	0.001072
3.500000E-9	0.001084
3.550000E-9	0.001178
3.600000E-9	0.001181
3.650000E-9	0.001291
3.700000E-9	0.001272
3.750000E-9	0.001294
3.800000E-9	0.001353
3.850000E-9	0.001353
3.900000E-9	0.001469
3.950000E-9	0.001484
4.000000E-9	0.001450
4.050000E-9	0.001519
4.100000E-9	0.001544
4.150000E-9	0.001456
4.200000E-9	0.001441
4.250000E-9	0.001519
4.300000E-9	0.001422
4.350000E-9	0.001553
4.400000E-9	0.001413
4.450000E-9	0.001413
4.500000E-9	0.001256
4.550000E-9	0.001319
4.600000E-9	0.001250
4.650000E-9	0.001159
4.700000E-9	0.001231
4.750000E-9	0.001238
4.800000E-9	0.001213
4.850000E-9	0.001266
4.900000E-9	0.001225
4.950000E-9	0.001144
5.000000E-9	0.001138
5.050000E-9	0.001003
5.100000E-9	0.001025
5.150000E-9	0.000994
5.200000E-9	0.000906
5.250000E-9	0.000981
5.300000E-9	0.001109
5.350000E-9	0.001206
5.400000E-9	0.001194
5.450000E-9	0.001275
5.500000E-9	0.001209
5.550000E-9	0.001278
5.600000E-9	0.001169
5.650000E-9	0.001112
5.700000E-9	0.001072
5.750000E-9	0.001072
5.800000E-9	0.000988
5.850000E-9	0.000897
5.900000E-9	0.000853
5.950000E-9	0.000884
6.000000E-9	0.000863
6.050000E-9	0.001081
6.100000E-9	0.001012
6.150000E-9	0.001122
6.200000E-9	0.001175
6.250000E-9	0.001116
6.300000E-9	0.001066
6.350000E-9	0.001044
6.400000E-9	0.000969
6.450000E-9	0.000963
6.500000E-9	0.000956
6.550000E-9	0.000916
6.600000E-9	0.000878
6.650000E-9	0.000831
6.700000E-9	0.000841
6.750000E-9	0.000919
6.800000E-9	0.000803
6.850000E-9	0.000906
6.900000E-9	0.001159
6.950000E-9	0.001222
7.000000E-9	0.001306
7.050000E-9	0.001478
7.100000E-9	0.001538
7.150000E-9	0.001753
7.200000E-9	0.002000
7.250000E-9	0.002194
7.300000E-9	0.002341
7.350000E-9	0.002650
7.400000E-9	0.003016
7.450000E-9	0.003484
7.500000E-9	0.004097
7.550000E-9	0.004716
7.600000E-9	0.005138
7.650000E-9	0.005591
7.700000E-9	0.005975
7.750000E-9	0.006056
7.800000E-9	0.005700
7.850000E-9	0.004994
7.900000E-9	0.003913
7.950000E-9	0.002272
8.000000E-9	0.000263
8.050000E-9	-0.002222
8.100000E-9	-0.004931
8.150000E-9	-0.007756
8.200000E-9	-0.010663
8.250000E-9	-0.013497
8.300000E-9	-0.016175
8.350000E-9	-0.018422
8.400000E-9	-0.020306
8.450000E-9	-0.021663
8.500000E-9	-0.022619
8.550000E-9	-0.022772
8.600000E-9	-0.022494
8.650000E-9	-0.021669
8.700000E-9	-0.020472
8.750000E-9	-0.018959
8.800000E-9	-0.017425
8.850000E-9	-0.015775
8.900000E-9	-0.014278
8.950000E-9	-0.012950
9.000000E-9	-0.012081
9.050000E-9	-0.011678
9.100000E-9	-0.011509
9.150000E-9	-0.011678
9.200000E-9	-0.012172
9.250000E-9	-0.012850
9.300000E-9	-0.013525
9.350000E-9	-0.014216
9.400000E-9	-0.014694
9.450000E-9	-0.014772
9.500000E-9	-0.014706
9.550000E-9	-0.014250
9.600000E-9	-0.013428
9.650000E-9	-0.012494
9.700000E-9	-0.011288
9.750000E-9	-0.010091
9.800000E-9	-0.008809
9.850000E-9	-0.007653
9.900000E-9	-0.006734
9.950000E-9	-0.006103
1.000000E-8	-0.005697
1.005000E-8	-0.005572
1.010000E-8	-0.005669
1.015000E-8	-0.006138
1.020000E-8	-0.006700
1.025000E-8	-0.007263
1.030000E-8	-0.007838
1.035000E-8	-0.008313
1.040000E-8	-0.008569
1.045000E-8	-0.008806
1.050000E-8	-0.008681
1.055000E-8	-0.008334
1.060000E-8	-0.007906
1.065000E-8	-0.007034
1.070000E-8	-0.006256
1.075000E-8	-0.005175
1.080000E-8	-0.004272
1.085000E-8	-0.003369
1.090000E-8	-0.002634
1.095000E-8	-0.002134
1.100000E-8	-0.001838
1.105000E-8	-0.001769
1.110000E-8	-0.002012
1.115000E-8	-0.002422
1.120000E-8	-0.002884
1.125000E-8	-0.003503
1.130000E-8	-0.004016
1.135000E-8	-0.004500
1.140000E-8	-0.005028
1.145000E-8	-0.005156
1.150000E-8	-0.005237
1.155000E-8	-0.005063
1.160000E-8	-0.004625
1.165000E-8	-0.003994
1.170000E-8	-0.003356
1.175000E-8	-0.002503
1.180000E-8	-0.001841
1.185000E-8	-0.001066
1.190000E-8	-0.000634
1.195000E-8	-0.000359
1.200000E-8	-0.000319
1.205000E-8	-0.000372
1.210000E-8	-0.000694
1.215000E-8	-0.001187
1.220000E-8	-0.001797
1.225000E-8	-0.002463
1.230000E-8	-0.003094
1.235000E-8	-0.003619
1.240000E-8	-0.003991
1.245000E-8	-0.004203
1.250000E-8	-0.004259
1.255000E-8	-0.004003
1.260000E-8	-0.003569
1.265000E-8	-0.002969
1.270000E-8	-0.002203
1.275000E-8	-0.001516
1.280000E-8	-0.000641
1.285000E-8	0.000113
1.290000E-8	0.000631
1.295000E-8	0.000969
1.300000E-8	0.000984
1.305000E-8	0.000878
1.310000E-8	0.000484
1.315000E-8	5.937500E-5
1.320000E-8	-0.000713
1.325000E-8	-0.001300
1.330000E-8	-0.002000
1.335000E-8	-0.002587
1.340000E-8	-0.002966
1.345000E-8	-0.003050
1.350000E-8	-0.002981
1.355000E-8	-0.002806
1.360000E-8	-0.002381
1.365000E-8	-0.001638
1.370000E-8	-0.000788
1.375000E-8	5.312500E-5
1.380000E-8	0.000719
1.385000E-8	0.001441
1.390000E-8	0.001891
1.395000E-8	0.002131
1.400000E-8	0.002087
1.405000E-8	0.001763
1.410000E-8	0.001256
1.415000E-8	0.000703
1.420000E-8	-5.937500E-5
1.425000E-8	-0.000709
1.430000E-8	-0.001338
1.435000E-8	-0.001888
1.440000E-8	-0.002306
1.445000E-8	-0.002406
1.450000E-8	-0.002331
1.455000E-8	-0.001925
1.460000E-8	-0.001447
1.465000E-8	-0.000731
1.470000E-8	-5.000000E-5
1.475000E-8	0.000769
1.480000E-8	0.001413
1.485000E-8	0.002012
1.490000E-8	0.002366
1.495000E-8	0.002544
1.500000E-8	0.002453
1.505000E-8	0.002172
1.510000E-8	0.001525
1.515000E-8	0.000925
1.520000E-8	0.000119
1.525000E-8	-0.000659
1.530000E-8	-0.001222
1.535000E-8	-0.001753
1.540000E-8	-0.002063
1.545000E-8	-0.002106
1.550000E-8	-0.001928
1.555000E-8	-0.001503
1.560000E-8	-0.000834
1.565000E-8	-0.000150
1.570000E-8	0.000588
1.575000E-8	0.001444
1.580000E-8	0.002213
1.585000E-8	0.002631
1.590000E-8	0.002775
1.595000E-8	0.002819
1.600000E-8	0.002531
1.605000E-8	0.002219
1.610000E-8	0.001619
1.615000E-8	0.000966
1.620000E-8	0.000169
1.625000E-8	-0.000481
1.630000E-8	-0.001063
1.635000E-8	-0.001325
1.640000E-8	-0.001603
1.645000E-8	-0.001428
1.650000E-8	-0.001200
1.655000E-8	-0.000650
1.660000E-8	7.187500E-5
1.665000E-8	0.000863
1.670000E-8	0.001641
1.675000E-8	0.002453
1.680000E-8	0.002847
1.685000E-8	0.003106
1.690000E-8	0.003213
1.695000E-8	0.003028
1.700000E-8	0.002616
1.705000E-8	0.002031
1.710000E-8	0.001347
1.715000E-8	0.000681
1.720000E-8	-6.250000E-6
1.725000E-8	-0.000550
1.730000E-8	-0.001047
1.735000E-8	-0.001134
1.740000E-8	-0.001091
1.745000E-8	-0.000869
1.750000E-8	-0.000375
1.755000E-8	0.000175
1.760000E-8	0.000791
1.765000E-8	0.001450
1.770000E-8	0.002038
1.775000E-8	0.002600
1.780000E-8	0.002950
1.785000E-8	0.003122
1.790000E-8	0.002997
1.795000E-8	0.002737
1.800000E-8	0.002206
1.805000E-8	0.001453
1.810000E-8	0.000737
1.815000E-8	0.000116
1.820000E-8	-0.000500
1.825000E-8	-0.000878
1.830000E-8	-0.001169
1.835000E-8	-0.001084
1.840000E-8	-0.000997
1.845000E-8	-0.000519
1.850000E-8	0.000100
1.855000E-8	0.000663
1.860000E-8	0.001244
1.865000E-8	0.001969
1.870000E-8	0.002441
1.875000E-8	0.002928
1.880000E-8	0.003156
1.885000E-8	0.003184
1.890000E-8	0.002934
1.895000E-8	0.002434
1.900000E-8	0.001834
1.905000E-8	0.001253
1.910000E-8	0.000650
1.915000E-8	2.500000E-5
1.920000E-8	-0.000375
1.925000E-8	-0.000763
1.930000E-8	-0.000897
1.935000E-8	-0.000772
1.940000E-8	-0.000541
1.945000E-8	-0.000116
1.950000E-8	0.000322
1.955000E-8	0.001072
1.960000E-8	0.001650
1.965000E-8	0.002184
1.970000E-8	0.002584
1.975000E-8	0.002934
1.980000E-8	0.002972
1.985000E-8	0.002903
1.990000E-8	0.002613
1.995000E-8	0.002291
2.000000E-8	0.001731
2.005000E-8	0.001153
2.010000E-8	0.000606
2.015000E-8	0.000163
2.020000E-8	-0.000216
2.025000E-8	-0.000575
2.030000E-8	-0.000622
2.035000E-8	-0.000537
2.040000E-8	-0.000188
2.045000E-8	0.000331
2.050000E-8	0.000906
2.055000E-8	0.001388
2.060000E-8	0.001869
2.065000E-8	0.002259
2.070000E-8	0.002556
2.075000E-8	0.002737
2.080000E-8	0.002737
2.085000E-8	0.002634
2.090000E-8	0.002200
2.095000E-8	0.001706
2.100000E-8	0.001197
2.105000E-8	0.000763
2.110000E-8	0.000291
2.115000E-8	-0.000244
2.120000E-8	-0.000641
2.125000E-8	-0.000847
2.130000E-8	-0.000900
2.135000E-8	-0.000763
2.140000E-8	-0.000459
2.145000E-8	6.562500E-5
2.150000E-8	0.000616
2.155000E-8	0.001278
2.160000E-8	0.001763
2.165000E-8	0.002269
2.170000E-8	0.002512
2.175000E-8	0.002700
2.180000E-8	0.002703
2.185000E-8	0.002544
2.190000E-8	0.002272
2.195000E-8	0.001819
2.200000E-8	0.001306
2.205000E-8	0.000794
2.210000E-8	0.000256
2.215000E-8	-0.000213
2.220000E-8	-0.000513
2.225000E-8	-0.000588
2.230000E-8	-0.000456
2.235000E-8	-0.000116
2.240000E-8	0.000278
2.245000E-8	0.000803
2.250000E-8	0.001419
2.255000E-8	0.002059
2.260000E-8	0.002613
2.265000E-8	0.003119
2.270000E-8	0.003306
2.275000E-8	0.003391
2.280000E-8	0.003181
2.285000E-8	0.002850
2.290000E-8	0.002316
2.295000E-8	0.001809
2.300000E-8	0.001184
2.305000E-8	0.000603
2.310000E-8	-3.125000E-5
2.315000E-8	-0.000406
2.320000E-8	-0.000653
2.325000E-8	-0.000594
2.330000E-8	-0.000444
2.335000E-8	-6.250000E-6
2.340000E-8	0.000419
2.345000E-8	0.000997
2.350000E-8	0.001781
2.355000E-8	0.002369
2.360000E-8	0.002763
2.365000E-8	0.003044
2.370000E-8	0.003150
2.375000E-8	0.003084
2.380000E-8	0.002894
2.385000E-8	0.002384
2.390000E-8	0.001794
2.395000E-8	0.001259
2.400000E-8	0.000516
2.405000E-8	6.250000E-6
2.410000E-8	-0.000453
2.415000E-8	-0.000681
2.420000E-8	-0.000788
2.425000E-8	-0.000619
2.430000E-8	-0.000294
2.435000E-8	3.750000E-5
2.440000E-8	0.000609
2.445000E-8	0.001156
2.450000E-8	0.001681
2.455000E-8	0.002275
2.460000E-8	0.002697
2.465000E-8	0.002834
2.470000E-8	0.002788
2.475000E-8	0.002584
2.480000E-8	0.002222
2.485000E-8	0.001759
2.490000E-8	0.001191
2.495000E-8	0.000725
2.500000E-8	0.000150
2.505000E-8	-0.000163
2.510000E-8	-0.000369
2.515000E-8	-0.000438
2.520000E-8	-0.000353
2.525000E-8	-6.562500E-5
2.530000E-8	0.000319
2.535000E-8	0.000878
2.540000E-8	0.001409
2.545000E-8	0.001919
2.550000E-8	0.002422
2.555000E-8	0.002797
2.560000E-8	0.003059
2.565000E-8	0.003156
2.570000E-8	0.002969
2.575000E-8	0.002684
2.580000E-8	0.002250
2.585000E-8	0.001747
2.590000E-8	0.001138
2.595000E-8	0.000619
2.600000E-8	8.125000E-5
2.605000E-8	-0.000291
2.610000E-8	-0.000563
2.615000E-8	-0.000622
2.620000E-8	-0.000450
2.625000E-8	-5.625000E-5
2.630000E-8	0.000250
2.635000E-8	0.000906
2.640000E-8	0.001419
2.645000E-8	0.001975
2.650000E-8	0.002313
2.655000E-8	0.002672
2.660000E-8	0.002872
2.665000E-8	0.002916
2.670000E-8	0.002666
2.675000E-8	0.002338
2.680000E-8	0.001925
2.685000E-8	0.001494
2.690000E-8	0.000888
2.695000E-8	0.000459
2.700000E-8	3.437500E-5
2.705000E-8	-0.000234
2.710000E-8	-0.000412
2.715000E-8	-0.000369
2.720000E-8	-8.437500E-5
2.725000E-8	0.000291
2.730000E-8	0.000681
2.735000E-8	0.001197
2.740000E-8	0.001572
2.745000E-8	0.001947
2.750000E-8	0.002369
2.755000E-8	0.002666
2.760000E-8	0.002647
2.765000E-8	0.002606
2.770000E-8	0.002503
2.775000E-8	0.002178
2.780000E-8	0.001772
2.785000E-8	0.001325
2.790000E-8	0.000847
2.795000E-8	0.000297
2.800000E-8	-0.000109
2.805000E-8	-0.000287
2.810000E-8	-0.000491
2.815000E-8	-0.000425
2.820000E-8	-0.000306
2.825000E-8	6.250000E-5
2.830000E-8	0.000547
2.835000E-8	0.001112
2.840000E-8	0.001647
2.845000E-8	0.001978
2.850000E-8	0.002356
2.855000E-8	0.002578
2.860000E-8	0.002584
2.865000E-8	0.002547
2.870000E-8	0.002309
2.875000E-8	0.002072
2.880000E-8	0.001569
2.885000E-8	0.001222
2.890000E-8	0.000847
2.895000E-8	0.000500
2.900000E-8	0.000241
2.905000E-8	7.812500E-5
2.910000E-8	9.687500E-5
2.915000E-8	0.000188
2.920000E-8	0.000431
2.925000E-8	0.000794
2.930000E-8	0.001134
2.935000E-8	0.001653
2.940000E-8	0.002016
2.945000E-8	0.002409
2.950000E-8	0.002753
2.955000E-8	0.002863
2.960000E-8	0.002847
2.965000E-8	0.002656
2.970000E-8	0.002359
2.975000E-8	0.001934
2.980000E-8	0.001381
2.985000E-8	0.000916
2.990000E-8	0.000384
2.995000E-8	8.750000E-5
3.000000E-8	-9.375000E-5
3.005000E-8	-0.000231
3.010000E-8	-0.000172
3.015000E-8	-6.562500E-5
3.020000E-8	0.000344
3.025000E-8	0.000778
3.030000E-8	0.001222
3.035000E-8	0.001716
3.040000E-8	0.002031
3.045000E-8	0.002244
3.050000E-8	0.002388
3.055000E-8	0.002481
3.060000E-8	0.002419
3.065000E-8	0.002175
3.070000E-8	0.001800
3.075000E-8	0.001378
3.080000E-8	0.000922
3.085000E-8	0.000619
3.090000E-8	0.000228
3.095000E-8	4.687500E-5
3.100000E-8	-0.000106
3.105000E-8	-7.187500E-5
3.110000E-8	0.000131
3.115000E-8	0.000447
3.120000E-8	0.000884
3.125000E-8	0.001322
3.130000E-8	0.001800
3.135000E-8	0.002259
3.140000E-8	0.002569
3.145000E-8	0.002791
3.150000E-8	0.002834
3.155000E-8	0.002709
3.160000E-8	0.002444
3.165000E-8	0.002194
3.170000E-8	0.001791
3.175000E-8	0.001434
3.180000E-8	0.000994
3.185000E-8	0.000641
3.190000E-8	0.000450
3.195000E-8	0.000309
3.200000E-8	0.000319
3.205000E-8	0.000469
3.210000E-8	0.000666
3.215000E-8	0.001056
3.220000E-8	0.001391
3.225000E-8	0.001687
3.230000E-8	0.001997
3.235000E-8	0.002266
3.240000E-8	0.002259
3.245000E-8	0.002413
3.250000E-8	0.002394
3.255000E-8	0.002209
3.260000E-8	0.001963
3.265000E-8	0.001659
3.270000E-8	0.001247
3.275000E-8	0.000922
3.280000E-8	0.000603
3.285000E-8	0.000378
3.290000E-8	0.000178
3.295000E-8	0.000200
3.300000E-8	0.000225
3.305000E-8	0.000347
3.310000E-8	0.000581
3.315000E-8	0.000953
3.320000E-8	0.001278
3.325000E-8	0.001584
3.330000E-8	0.001984
3.335000E-8	0.002191
3.340000E-8	0.002284
3.345000E-8	0.002363
3.350000E-8	0.002259
3.355000E-8	0.002119
3.360000E-8	0.001803
3.365000E-8	0.001556
3.370000E-8	0.001259
3.375000E-8	0.000903
3.380000E-8	0.000666
3.385000E-8	0.000494
3.390000E-8	0.000263
3.395000E-8	0.000263
3.400000E-8	0.000463
3.405000E-8	0.000616
3.410000E-8	0.000919
3.415000E-8	0.001344
3.420000E-8	0.001653
3.425000E-8	0.002056
3.430000E-8	0.002313
3.435000E-8	0.002641
3.440000E-8	0.002894
3.445000E-8	0.002972
3.450000E-8	0.002825
3.455000E-8	0.002628
3.460000E-8	0.002309
3.465000E-8	0.001922
3.470000E-8	0.001391
3.475000E-8	0.001000
3.480000E-8	0.000600
3.485000E-8	0.000394
3.490000E-8	0.000319
3.495000E-8	0.000237
3.500000E-8	0.000284
3.505000E-8	0.000763
3.510000E-8	0.000978
3.515000E-8	0.001334
3.520000E-8	0.001663
3.525000E-8	0.001950
3.530000E-8	0.002209
3.535000E-8	0.002344
3.540000E-8	0.002291
3.545000E-8	0.002266
3.550000E-8	0.001994
3.555000E-8	0.001791
3.560000E-8	0.001431
3.565000E-8	0.001078
3.570000E-8	0.000744
3.575000E-8	0.000522
3.580000E-8	0.000263
3.585000E-8	4.062500E-5
3.590000E-8	-1.250000E-5
3.595000E-8	0.000225
3.600000E-8	0.000313
3.605000E-8	0.000575
3.610000E-8	0.000744
3.615000E-8	0.001169
3.620000E-8	0.001384
3.625000E-8	0.001669
3.630000E-8	0.001913
3.635000E-8	0.002169
3.640000E-8	0.002237
3.645000E-8	0.002122
3.650000E-8	0.001981
3.655000E-8	0.001791
3.660000E-8	0.001509
3.665000E-8	0.001131
3.670000E-8	0.000856
3.675000E-8	0.000641
3.680000E-8	0.000431
3.685000E-8	0.000331
3.690000E-8	0.000216
3.695000E-8	0.000213
3.700000E-8	0.000488
3.705000E-8	0.000763
3.710000E-8	0.001178
3.715000E-8	0.001509
3.720000E-8	0.001866
3.725000E-8	0.002144
3.730000E-8	0.002319
3.735000E-8	0.002322
3.740000E-8	0.002341
3.745000E-8	0.002237
3.750000E-8	0.001922
3.755000E-8	0.001656
3.760000E-8	0.001200
3.765000E-8	0.000781
3.770000E-8	0.000409
3.775000E-8	0.000253
3.780000E-8	0.000147
3.785000E-8	0.000175
3.790000E-8	0.000159
3.795000E-8	0.000319
3.800000E-8	0.000622
3.805000E-8	0.000850
3.810000E-8	0.001281
3.815000E-8	0.001678
3.820000E-8	0.001944
3.825000E-8	0.002197
3.830000E-8	0.002356
3.835000E-8	0.002394
3.840000E-8	0.002175
3.845000E-8	0.001981
3.850000E-8	0.001669
3.855000E-8	0.001375
3.860000E-8	0.001034
3.865000E-8	0.000684
3.870000E-8	0.000419
3.875000E-8	0.000237
3.880000E-8	0.000116
3.885000E-8	0.000263
3.890000E-8	0.000419
3.895000E-8	0.000638
3.900000E-8	0.000969
3.905000E-8	0.001272
3.910000E-8	0.001606
3.915000E-8	0.001913
3.920000E-8	0.002103
3.925000E-8	0.002256
3.930000E-8	0.002250
3.935000E-8	0.002284
3.940000E-8	0.002097
3.945000E-8	0.001803
3.950000E-8	0.001572
3.955000E-8	0.001344
3.960000E-8	0.001006
3.965000E-8	0.000872
3.970000E-8	0.000609
3.975000E-8	0.000594
3.980000E-8	0.000478
3.985000E-8	0.000541
3.990000E-8	0.000644
3.995000E-8	0.000972
4.000000E-8	0.001203
4.005000E-8	0.001597
4.010000E-8	0.001750
4.015000E-8	0.002087
4.020000E-8	0.002181
4.025000E-8	0.002272
4.030000E-8	0.002269
4.035000E-8	0.002122
4.040000E-8	0.001984
4.045000E-8	0.001716
4.050000E-8	0.001334
4.055000E-8	0.001156
4.060000E-8	0.000869
4.065000E-8	0.000737
4.070000E-8	0.000531
4.075000E-8	0.000625
4.080000E-8	0.000688
4.085000E-8	0.000822
4.090000E-8	0.001075
4.095000E-8	0.001334
4.100000E-8	0.001663
4.105000E-8	0.001966
4.110000E-8	0.002141
4.115000E-8	0.002384
4.120000E-8	0.002444
4.125000E-8	0.002356
4.130000E-8	0.002228
4.135000E-8	0.002012
4.140000E-8	0.001675
4.145000E-8	0.001475
4.150000E-8	0.001116
4.155000E-8	0.000934
4.160000E-8	0.000737
4.165000E-8	0.000684
4.170000E-8	0.000584
4.175000E-8	0.000603
4.180000E-8	0.000591
4.185000E-8	0.000803
4.190000E-8	0.000869
4.195000E-8	0.001222
4.200000E-8	0.001369
4.205000E-8	0.001719
4.210000E-8	0.001844
4.215000E-8	0.001997
4.220000E-8	0.002159
4.225000E-8	0.002125
4.230000E-8	0.002038
4.235000E-8	0.001759
4.240000E-8	0.001594
4.245000E-8	0.001378
4.250000E-8	0.001112
4.255000E-8	0.000822
4.260000E-8	0.000550
4.265000E-8	0.000459
4.270000E-8	0.000375
4.275000E-8	0.000438
4.280000E-8	0.000469
4.285000E-8	0.000706
4.290000E-8	0.000900
4.295000E-8	0.001134
4.300000E-8	0.001463
4.305000E-8	0.001684
4.310000E-8	0.001734
4.315000E-8	0.002012
4.320000E-8	0.002119
4.325000E-8	0.002044
4.330000E-8	0.001925
4.335000E-8	0.001731
4.340000E-8	0.001437
4.345000E-8	0.001203
4.350000E-8	0.000953
4.355000E-8	0.000797
4.360000E-8	0.000728
4.365000E-8	0.000753
4.370000E-8	0.000697
4.375000E-8	0.000828
4.380000E-8	0.000863
4.385000E-8	0.001116
4.390000E-8	0.001294
4.395000E-8	0.001506
4.400000E-8	0.001606
4.405000E-8	0.001838
4.410000E-8	0.001994
4.415000E-8	0.002063
4.420000E-8	0.001963
4.425000E-8	0.001878
4.430000E-8	0.001825
4.435000E-8	0.001706
4.440000E-8	0.001475
4.445000E-8	0.001303
4.450000E-8	0.001003
4.455000E-8	0.000772
4.460000E-8	0.000734
4.465000E-8	0.000597
4.470000E-8	0.000644
4.475000E-8	0.000716
4.480000E-8	0.000791
4.485000E-8	0.000994
4.490000E-8	0.001378
4.495000E-8	0.001559
4.500000E-8	0.001594
4.505000E-8	0.001797
4.510000E-8	0.001844
4.515000E-8	0.001963
4.520000E-8	0.001909
4.525000E-8	0.001703
4.530000E-8	0.001488
4.535000E-8	0.001322
4.540000E-8	0.001141
4.545000E-8	0.000969
4.550000E-8	0.000709
4.555000E-8	0.000513
4.560000E-8	0.000556
4.565000E-8	0.000578
4.570000E-8	0.000675
4.575000E-8	0.000734
4.580000E-8	0.000934
4.585000E-8	0.001038
4.590000E-8	0.001147
4.595000E-8	0.001419
4.600000E-8	0.001469
4.605000E-8	0.001622
4.610000E-8	0.001581
4.615000E-8	0.001569
4.620000E-8	0.001481
4.625000E-8	0.001456
4.630000E-8	0.001213
4.635000E-8	0.001084
4.640000E-8	0.000853
4.645000E-8	0.000825
4.650000E-8	0.000537
4.655000E-8	0.000588
4.660000E-8	0.000378
4.665000E-8	0.000359
4.670000E-8	0.000544
4.675000E-8	0.000834
4.680000E-8	0.001075
4.685000E-8	0.001344
4.690000E-8	0.001572
4.695000E-8	0.001719
4.700000E-8	0.001866
4.705000E-8	0.002000
4.710000E-8	0.002019
4.715000E-8	0.001959
4.720000E-8	0.001800
4.725000E-8	0.001681
4.730000E-8	0.001475
4.735000E-8	0.001388
4.740000E-8	0.001134
4.745000E-8	0.000922
4.750000E-8	0.000744
4.755000E-8	0.000697
4.760000E-8	0.000681
4.765000E-8	0.000641
4.770000E-8	0.000728
4.775000E-8	0.000806
4.780000E-8	0.000959
4.785000E-8	0.001178
4.790000E-8	0.001422
4.795000E-8	0.001603
4.800000E-8	0.001706
4.805000E-8	0.001791
4.810000E-8	0.001803
4.815000E-8	0.001728
4.820000E-8	0.001622
4.825000E-8	0.001381
4.830000E-8	0.001234
4.835000E-8	0.001138
4.840000E-8	0.001047
4.845000E-8	0.000959
4.850000E-8	0.000794
4.855000E-8	0.000800
4.860000E-8	0.000709
4.865000E-8	0.000691
4.870000E-8	0.000678
4.875000E-8	0.000913
4.880000E-8	0.001016
4.885000E-8	0.001144
4.890000E-8	0.001341
4.895000E-8	0.001563
4.900000E-8	0.001659
4.905000E-8	0.001722
4.910000E-8	0.001722
4.915000E-8	0.001788
4.920000E-8	0.001716
4.925000E-8	0.001597
4.930000E-8	0.001388
4.935000E-8	0.001275
4.940000E-8	0.001016
4.945000E-8	0.000884
4.950000E-8	0.000819
4.955000E-8	0.000737
4.960000E-8	0.000781
4.965000E-8	0.001003
4.970000E-8	0.001091
4.975000E-8	0.001359
4.980000E-8	0.001594
4.985000E-8	0.001822
4.990000E-8	0.001922
4.995000E-8	0.002056
5.000000E-8	0.002038
5.005000E-8	0.001934
5.010000E-8	0.001828
5.015000E-8	0.001672
5.020000E-8	0.001491
5.025000E-8	0.001263
5.030000E-8	0.001012
5.035000E-8	0.000922
5.040000E-8	0.000750
5.045000E-8	0.000716
5.050000E-8	0.000703
5.055000E-8	0.000794
5.060000E-8	0.000878
5.065000E-8	0.000947
5.070000E-8	0.001031
5.075000E-8	0.001147
5.080000E-8	0.001278
5.085000E-8	0.001437
5.090000E-8	0.001519
5.095000E-8	0.001675
5.100000E-8	0.001791
5.105000E-8	0.001841
5.110000E-8	0.001694
5.115000E-8	0.001666
5.120000E-8	0.001469
5.125000E-8	0.001347
5.130000E-8	0.001131
5.135000E-8	0.001003
5.140000E-8	0.000763
5.145000E-8	0.000688
5.150000E-8	0.000737
5.155000E-8	0.000797
5.160000E-8	0.000891
5.165000E-8	0.001034
5.170000E-8	0.001100
5.175000E-8	0.001316
5.180000E-8	0.001509
5.185000E-8	0.001778
5.190000E-8	0.001847
5.195000E-8	0.001888
5.200000E-8	0.001909
5.205000E-8	0.001966
5.210000E-8	0.001822
5.215000E-8	0.001625
5.220000E-8	0.001437
5.225000E-8	0.001341
5.230000E-8	0.001125
5.235000E-8	0.000872
5.240000E-8	0.000741
5.245000E-8	0.000609
5.250000E-8	0.000663
5.255000E-8	0.000766
5.260000E-8	0.000809
5.265000E-8	0.000903
5.270000E-8	0.001066
5.275000E-8	0.001328
5.280000E-8	0.001444
5.285000E-8	0.001709
5.290000E-8	0.001806
5.295000E-8	0.001966
5.300000E-8	0.001894
5.305000E-8	0.001847
5.310000E-8	0.001678
5.315000E-8	0.001525
5.320000E-8	0.001259
5.325000E-8	0.001175
5.330000E-8	0.000941
5.335000E-8	0.000831
5.340000E-8	0.000725
5.345000E-8	0.000759
5.350000E-8	0.000737
5.355000E-8	0.001025
5.360000E-8	0.001025
5.365000E-8	0.001144
5.370000E-8	0.001238
5.375000E-8	0.001431
5.380000E-8	0.001506
5.385000E-8	0.001634
5.390000E-8	0.001769
5.395000E-8	0.001753
5.400000E-8	0.001694
5.405000E-8	0.001647
5.410000E-8	0.001497
5.415000E-8	0.001375
5.420000E-8	0.001134
5.425000E-8	0.001084
5.430000E-8	0.000913
5.435000E-8	0.000825
5.440000E-8	0.000816
5.445000E-8	0.000881
5.450000E-8	0.000884
5.455000E-8	0.001128
5.460000E-8	0.001362
5.465000E-8	0.001434
5.470000E-8	0.001569
5.475000E-8	0.001803
5.480000E-8	0.001834
5.485000E-8	0.001866
5.490000E-8	0.001822
5.495000E-8	0.001728
5.500000E-8	0.001628
5.505000E-8	0.001531
5.510000E-8	0.001425
5.515000E-8	0.001187
5.520000E-8	0.001069
5.525000E-8	0.000959
5.530000E-8	0.000991
5.535000E-8	0.000931
5.540000E-8	0.000934
5.545000E-8	0.001019
5.550000E-8	0.001053
5.555000E-8	0.001056
5.560000E-8	0.001153
5.565000E-8	0.001184
5.570000E-8	0.001222
5.575000E-8	0.001300
5.580000E-8	0.001456
5.585000E-8	0.001509
5.590000E-8	0.001572
5.595000E-8	0.001556
5.600000E-8	0.001588
5.605000E-8	0.001616
5.610000E-8	0.001403
5.615000E-8	0.001225
5.620000E-8	0.001056
5.625000E-8	0.001006
5.630000E-8	0.001031
5.635000E-8	0.001056
5.640000E-8	0.000997
5.645000E-8	0.001100
5.650000E-8	0.001128
5.655000E-8	0.001247
5.660000E-8	0.001241
5.665000E-8	0.001422
5.670000E-8	0.001538
5.675000E-8	0.001722
5.680000E-8	0.001709
5.685000E-8	0.001659
5.690000E-8	0.001641
5.695000E-8	0.001616
5.700000E-8	0.001550
5.705000E-8	0.001500
5.710000E-8	0.001281
5.715000E-8	0.001156
5.720000E-8	0.000863
5.725000E-8	0.000881
5.730000E-8	0.000809
5.735000E-8	0.000881
5.740000E-8	0.000919
5.745000E-8	0.001103
5.750000E-8	0.001241
5.755000E-8	0.001534
5.760000E-8	0.001694
5.765000E-8	0.001988
5.770000E-8	0.002191
5.775000E-8	0.002184
5.780000E-8	0.002209
5.785000E-8	0.002253
5.790000E-8	0.002197
5.795000E-8	0.002144
5.800000E-8	0.001888
5.805000E-8	0.001672
5.810000E-8	0.001506
5.815000E-8	0.001344
5.820000E-8	0.001094
5.825000E-8	0.000853
5.830000E-8	0.000806
5.835000E-8	0.000784
5.840000E-8	0.000866
5.845000E-8	0.000847
5.850000E-8	0.000956
5.855000E-8	0.001125
5.860000E-8	0.001200
5.865000E-8	0.001381
5.870000E-8	0.001431
5.875000E-8	0.001466
5.880000E-8	0.001513
5.885000E-8	0.001534
5.890000E-8	0.001550
5.895000E-8	0.001566
5.900000E-8	0.001481
5.905000E-8	0.001313
5.910000E-8	0.001134
5.915000E-8	0.001119
5.920000E-8	0.001075
5.925000E-8	0.000894
5.930000E-8	0.000900
5.935000E-8	0.000931
5.940000E-8	0.001009
5.945000E-8	0.001184
5.950000E-8	0.001172
5.955000E-8	0.001503
5.960000E-8	0.001578
5.965000E-8	0.001778
5.970000E-8	0.001769
5.975000E-8	0.001753
5.980000E-8	0.001759
5.985000E-8	0.001878
5.990000E-8	0.001734
5.995000E-8	0.001750
6.000000E-8	0.001606
6.005000E-8	0.001481
6.010000E-8	0.001453
6.015000E-8	0.001338
6.020000E-8	0.001222
6.025000E-8	0.001094
6.030000E-8	0.001134
6.035000E-8	0.001159
6.040000E-8	0.001047
6.045000E-8	0.001047
6.050000E-8	0.001147
6.055000E-8	0.001306
6.060000E-8	0.001375
6.065000E-8	0.001437
6.070000E-8	0.001575
6.075000E-8	0.001716
6.080000E-8	0.001766
6.085000E-8	0.001781
6.090000E-8	0.001744
6.095000E-8	0.001525
6.100000E-8	0.001419
6.105000E-8	0.001231
6.110000E-8	0.001038
6.115000E-8	0.001038
6.120000E-8	0.000913
6.125000E-8	0.000916
6.130000E-8	0.000909
6.135000E-8	0.001097
6.140000E-8	0.001153
6.145000E-8	0.001178
6.150000E-8	0.001325
6.155000E-8	0.001453
6.160000E-8	0.001497
6.165000E-8	0.001631
6.170000E-8	0.001547
6.175000E-8	0.001478
6.180000E-8	0.001422
6.185000E-8	0.001478
6.190000E-8	0.001231
6.195000E-8	0.001047
6.200000E-8	0.000984
6.205000E-8	0.001003
6.210000E-8	0.000975
6.215000E-8	0.000919
6.220000E-8	0.000903
6.225000E-8	0.000988
6.230000E-8	0.000984
6.235000E-8	0.001075
6.240000E-8	0.001150
6.245000E-8	0.001144
6.250000E-8	0.001225
6.255000E-8	0.001297
6.260000E-8	0.001381
6.265000E-8	0.001416
6.270000E-8	0.001466
6.275000E-8	0.001491
6.280000E-8	0.001497
6.285000E-8	0.001406
6.290000E-8	0.001469
6.295000E-8	0.001459
6.300000E-8	0.001297
6.305000E-8	0.001269
6.310000E-8	0.001253
6.315000E-8	0.001366
6.320000E-8	0.001344
6.325000E-8	0.001350
6.330000E-8	0.001300
6.335000E-8	0.001394
6.340000E-8	0.001484
6.345000E-8	0.001591
6.350000E-8	0.001644
6.355000E-8	0.001719
6.360000E-8	0.001713
6.365000E-8	0.001709
6.370000E-8	0.001838
6.375000E-8	0.001819
6.380000E-8	0.001738
6.385000E-8	0.001731
6.390000E-8	0.001681
6.395000E-8	0.001731
6.400000E-8	0.001678
6.405000E-8	0.001625
6.410000E-8	0.001484
6.415000E-8	0.001472
6.420000E-8	0.001378
6.425000E-8	0.001338
6.430000E-8	0.001325
6.435000E-8	0.001384
6.440000E-8	0.001422
6.445000E-8	0.001444
6.450000E-8	0.001447
6.455000E-8	0.001625
6.460000E-8	0.001781
6.465000E-8	0.001625
6.470000E-8	0.001644
6.475000E-8	0.001550
6.480000E-8	0.001378
6.485000E-8	0.001391
6.490000E-8	0.001187
6.495000E-8	0.001209
6.500000E-8	0.001109
6.505000E-8	0.001044
6.510000E-8	0.000988
6.515000E-8	0.000944
6.520000E-8	0.000934
6.525000E-8	0.001034
6.530000E-8	0.001075
6.535000E-8	0.001116
6.540000E-8	0.001172
6.545000E-8	0.001297
6.550000E-8	0.001406
6.555000E-8	0.001500
6.560000E-8	0.001484
6.565000E-8	0.001581
6.570000E-8	0.001500
6.575000E-8	0.001597
6.580000E-8	0.001491
6.585000E-8	0.001469
6.590000E-8	0.001328
6.595000E-8	0.001362
6.600000E-8	0.001178
6.605000E-8	0.001213
6.610000E-8	0.001063
6.615000E-8	0.001072
6.620000E-8	0.001075
6.625000E-8	0.001063
6.630000E-8	0.001034
6.635000E-8	0.001138
6.640000E-8	0.001297
6.645000E-8	0.001334
6.650000E-8	0.001406
6.655000E-8	0.001578
6.660000E-8	0.001597
6.665000E-8	0.001766
6.670000E-8	0.001631
6.675000E-8	0.001734
6.680000E-8	0.001506
6.685000E-8	0.001500
6.690000E-8	0.001403
6.695000E-8	0.001269
6.700000E-8	0.001109
6.705000E-8	0.000938
6.710000E-8	0.000947
6.715000E-8	0.000944
6.720000E-8	0.001047
6.725000E-8	0.001128
6.730000E-8	0.001181
6.735000E-8	0.001300
6.740000E-8	0.001359
6.745000E-8	0.001563
6.750000E-8	0.001469
6.755000E-8	0.001628
6.760000E-8	0.001634
6.765000E-8	0.001644
6.770000E-8	0.001766
6.775000E-8	0.001703
6.780000E-8	0.001653
6.785000E-8	0.001541
6.790000E-8	0.001453
6.795000E-8	0.001425
6.800000E-8	0.001391
6.805000E-8	0.001516
6.810000E-8	0.001428
6.815000E-8	0.001463
6.820000E-8	0.001378
6.825000E-8	0.001294
6.830000E-8	0.001288
6.835000E-8	0.001269
6.840000E-8	0.001319
6.845000E-8	0.001369
6.850000E-8	0.001334
6.855000E-8	0.001475
6.860000E-8	0.001463
6.865000E-8	0.001541
6.870000E-8	0.001469
6.875000E-8	0.001447
6.880000E-8	0.001441
6.885000E-8	0.001334
6.890000E-8	0.001191
6.895000E-8	0.001144
6.900000E-8	0.001038
6.905000E-8	0.001078
6.910000E-8	0.001078
6.915000E-8	0.001134
6.920000E-8	0.001184
6.925000E-8	0.001413
6.930000E-8	0.001522
6.935000E-8	0.001719
6.940000E-8	0.001750
6.945000E-8	0.001747
6.950000E-8	0.001794
6.955000E-8	0.001741
6.960000E-8	0.001706
6.965000E-8	0.001628
6.970000E-8	0.001472
6.975000E-8	0.001409
6.980000E-8	0.001269
6.985000E-8	0.001203
6.990000E-8	0.000975
6.995000E-8	0.001066
7.000000E-8	0.001063
7.005000E-8	0.001053
7.010000E-8	0.001088
7.015000E-8	0.001181
7.020000E-8	0.001300
7.025000E-8	0.001503
7.030000E-8	0.001631
7.035000E-8	0.001747
7.040000E-8	0.001706
7.045000E-8	0.001694
7.050000E-8	0.001700
7.055000E-8	0.001725
7.060000E-8	0.001612
7.065000E-8	0.001553
7.070000E-8	0.001503
7.075000E-8	0.001419
7.080000E-8	0.001281
7.085000E-8	0.001047
7.090000E-8	0.001131
7.095000E-8	0.001053
7.100000E-8	0.000925
7.105000E-8	0.000956
7.110000E-8	0.000947
7.115000E-8	0.000981
7.120000E-8	0.001078
7.125000E-8	0.001178
7.130000E-8	0.001256
7.135000E-8	0.001394
7.140000E-8	0.001278
7.145000E-8	0.001456
7.150000E-8	0.001334
7.155000E-8	0.001322
7.160000E-8	0.001266
7.165000E-8	0.001134
7.170000E-8	0.001122
7.175000E-8	0.001200
7.180000E-8	0.001088
7.185000E-8	0.001106
7.190000E-8	0.001088
7.195000E-8	0.001266
7.200000E-8	0.001144
7.205000E-8	0.001319
7.210000E-8	0.001372
7.215000E-8	0.001500
7.220000E-8	0.001628
7.225000E-8	0.001713
7.230000E-8	0.001612
7.235000E-8	0.001800
7.240000E-8	0.001756
7.245000E-8	0.001725
7.250000E-8	0.001709
7.255000E-8	0.001578
7.260000E-8	0.001500
7.265000E-8	0.001375
7.270000E-8	0.001278
7.275000E-8	0.001272
7.280000E-8	0.001303
7.285000E-8	0.001216
7.290000E-8	0.001209
7.295000E-8	0.001341
7.300000E-8	0.001313
7.305000E-8	0.001441
7.310000E-8	0.001375
7.315000E-8	0.001538
7.320000E-8	0.001550
7.325000E-8	0.001684
7.330000E-8	0.001653
7.335000E-8	0.001669
7.340000E-8	0.001531
7.345000E-8	0.001609
7.350000E-8	0.001506
7.355000E-8	0.001491
7.360000E-8	0.001513
7.365000E-8	0.001519
7.370000E-8	0.001506
7.375000E-8	0.001506
7.380000E-8	0.001484
7.385000E-8	0.001475
7.390000E-8	0.001428
7.395000E-8	0.001488
7.400000E-8	0.001509
7.405000E-8	0.001616
7.410000E-8	0.001563
7.415000E-8	0.001591
7.420000E-8	0.001534
7.425000E-8	0.001544
7.430000E-8	0.001519
7.435000E-8	0.001531
7.440000E-8	0.001513
7.445000E-8	0.001544
7.450000E-8	0.001488
7.455000E-8	0.001478
7.460000E-8	0.001494
7.465000E-8	0.001406
7.470000E-8	0.001331
7.475000E-8	0.001303
7.480000E-8	0.001309
7.485000E-8	0.001444
7.490000E-8	0.001369
7.495000E-8	0.001328
7.500000E-8	0.001309
7.505000E-8	0.001331
7.510000E-8	0.001347
7.515000E-8	0.001441
7.520000E-8	0.001544
7.525000E-8	0.001700
7.530000E-8	0.001650
7.535000E-8	0.001772
7.540000E-8	0.001803
7.545000E-8	0.001663
7.550000E-8	0.001606
7.555000E-8	0.001597
7.560000E-8	0.001503
7.565000E-8	0.001500
7.570000E-8	0.001409
7.575000E-8	0.001397
7.580000E-8	0.001319
7.585000E-8	0.001300
7.590000E-8	0.001297
7.595000E-8	0.001428
7.600000E-8	0.001384
7.605000E-8	0.001356
7.610000E-8	0.001441
7.615000E-8	0.001475
7.620000E-8	0.001394
7.625000E-8	0.001463
7.630000E-8	0.001344
7.635000E-8	0.001431
7.640000E-8	0.001344
7.645000E-8	0.001325
7.650000E-8	0.001266
7.655000E-8	0.001197
7.660000E-8	0.001159
7.665000E-8	0.001281
7.670000E-8	0.001194
7.675000E-8	0.001275
7.680000E-8	0.001322
7.685000E-8	0.001403
7.690000E-8	0.001403
7.695000E-8	0.001400
7.700000E-8	0.001313
7.705000E-8	0.001369
7.710000E-8	0.001397
7.715000E-8	0.001381
7.720000E-8	0.001359
7.725000E-8	0.001494
7.730000E-8	0.001469
7.735000E-8	0.001484
7.740000E-8	0.001400
7.745000E-8	0.001503
7.750000E-8	0.001484
7.755000E-8	0.001431
7.760000E-8	0.001397
7.765000E-8	0.001425
7.770000E-8	0.001341
7.775000E-8	0.001372
7.780000E-8	0.001366
7.785000E-8	0.001406
7.790000E-8	0.001419
7.795000E-8	0.001466
7.800000E-8	0.001556
7.805000E-8	0.001744
7.810000E-8	0.001684
7.815000E-8	0.001734
7.820000E-8	0.001603
7.825000E-8	0.001722
7.830000E-8	0.001678
7.835000E-8	0.001600
7.840000E-8	0.001503
7.845000E-8	0.001413
7.850000E-8	0.001397
7.855000E-8	0.001403
7.860000E-8	0.001209
7.865000E-8	0.001169
7.870000E-8	0.001119
7.875000E-8	0.001191
7.880000E-8	0.001225
7.885000E-8	0.001294
7.890000E-8	0.001194
7.895000E-8	0.001294
7.900000E-8	0.001331
7.905000E-8	0.001538
7.910000E-8	0.001416
7.915000E-8	0.001484
7.920000E-8	0.001459
7.925000E-8	0.001369
7.930000E-8	0.001263
7.935000E-8	0.001288
7.940000E-8	0.001234
7.945000E-8	0.001131
7.950000E-8	0.001128
7.955000E-8	0.001178
7.960000E-8	0.001103
7.965000E-8	0.001072
7.970000E-8	0.001106
7.975000E-8	0.001172
7.980000E-8	0.001125
7.985000E-8	0.001112
7.990000E-8	0.001134
7.995000E-8	0.001281
8.000000E-8	0.001316
8.005000E-8	0.001309
8.010000E-8	0.001428
8.015000E-8	0.001466
8.020000E-8	0.001409
8.025000E-8	0.001350
8.030000E-8	0.001325
8.035000E-8	0.001294
8.040000E-8	0.001169
8.045000E-8	0.001159
8.050000E-8	0.001053
8.055000E-8	0.001131
8.060000E-8	0.001203
8.065000E-8	0.001266
8.070000E-8	0.001275
8.075000E-8	0.001391
8.080000E-8	0.001559
8.085000E-8	0.001641
8.090000E-8	0.001603
8.095000E-8	0.001619
8.100000E-8	0.001616
8.105000E-8	0.001500
8.110000E-8	0.001509
8.115000E-8	0.001469
8.120000E-8	0.001463
8.125000E-8	0.001416
8.130000E-8	0.001488
8.135000E-8	0.001494
8.140000E-8	0.001384
8.145000E-8	0.001428
8.150000E-8	0.001353
8.155000E-8	0.001294
8.160000E-8	0.001194
8.165000E-8	0.001256
8.170000E-8	0.001184
8.175000E-8	0.001266
8.180000E-8	0.001156
8.185000E-8	0.001134
8.190000E-8	0.001081
8.195000E-8	0.001222
8.200000E-8	0.001147
8.205000E-8	0.001325
8.210000E-8	0.001194
8.215000E-8	0.001184
8.220000E-8	0.001134
8.225000E-8	0.001197
8.230000E-8	0.001003
8.235000E-8	0.001050
8.240000E-8	0.001034
8.245000E-8	0.000903
8.250000E-8	0.000925
8.255000E-8	0.001025
8.260000E-8	0.000963
8.265000E-8	0.001116
8.270000E-8	0.001138
8.275000E-8	0.001266
8.280000E-8	0.001409
8.285000E-8	0.001444
8.290000E-8	0.001500
8.295000E-8	0.001578
8.300000E-8	0.001528
8.305000E-8	0.001516
8.310000E-8	0.001406
8.315000E-8	0.001484
8.320000E-8	0.001300
8.325000E-8	0.001150
8.330000E-8	0.001125
8.335000E-8	0.001106
8.340000E-8	0.001031
8.345000E-8	0.001047
8.350000E-8	0.001028
8.355000E-8	0.001028
8.360000E-8	0.001041
8.365000E-8	0.001147
8.370000E-8	0.001256
8.375000E-8	0.001284
8.380000E-8	0.001269
8.385000E-8	0.001322
8.390000E-8	0.001372
8.395000E-8	0.001478
8.400000E-8	0.001472
8.405000E-8	0.001466
8.410000E-8	0.001544
8.415000E-8	0.001578
8.420000E-8	0.001475
8.425000E-8	0.001434
8.430000E-8	0.001397
8.435000E-8	0.001397
8.440000E-8	0.001284
8.445000E-8	0.001253
8.450000E-8	0.001213
8.455000E-8	0.001203
8.460000E-8	0.001134
8.465000E-8	0.001072
8.470000E-8	0.000994
8.475000E-8	0.001025
8.480000E-8	0.001028
8.485000E-8	0.000972
8.490000E-8	0.001009
8.495000E-8	0.001159
8.500000E-8	0.001084
8.505000E-8	0.001112
8.510000E-8	0.001144
8.515000E-8	0.001059
8.520000E-8	0.001203
8.525000E-8	0.001159
8.530000E-8	0.001288
8.535000E-8	0.001222
8.540000E-8	0.001144
8.545000E-8	0.001144
8.550000E-8	0.001147
8.555000E-8	0.001288
8.560000E-8	0.001284
8.565000E-8	0.001225
8.570000E-8	0.001259
8.575000E-8	0.001384
8.580000E-8	0.001419
8.585000E-8	0.001325
8.590000E-8	0.001388
8.595000E-8	0.001369
8.600000E-8	0.001250
8.605000E-8	0.001297
8.610000E-8	0.001244
8.615000E-8	0.001294
8.620000E-8	0.001278
8.625000E-8	0.001153
8.630000E-8	0.001125
8.635000E-8	0.001156
8.640000E-8	0.001222
8.645000E-8	0.001197
8.650000E-8	0.001272
8.655000E-8	0.001303
8.660000E-8	0.001300
8.665000E-8	0.001388
8.670000E-8	0.001528
8.675000E-8	0.001572
8.680000E-8	0.001597
8.685000E-8	0.001666
8.690000E-8	0.001675
8.695000E-8	0.001606
8.700000E-8	0.001547
8.705000E-8	0.001513
8.710000E-8	0.001403
8.715000E-8	0.001350
8.720000E-8	0.001350
8.725000E-8	0.001381
8.730000E-8	0.001281
8.735000E-8	0.001231
8.740000E-8	0.001334
8.745000E-8	0.001356
8.750000E-8	0.001319
8.755000E-8	0.001244
8.760000E-8	0.001359
8.765000E-8	0.001288
8.770000E-8	0.001209
8.775000E-8	0.001325
8.780000E-8	0.001213
8.785000E-8	0.001400
8.790000E-8	0.001441
8.795000E-8	0.001441
8.800000E-8	0.001325
8.805000E-8	0.001284
8.810000E-8	0.001328
8.815000E-8	0.001419
8.820000E-8	0.001275
8.825000E-8	0.001322
8.830000E-8	0.001238
8.835000E-8	0.001288
8.840000E-8	0.001344
8.845000E-8	0.001250
8.850000E-8	0.001238
8.855000E-8	0.001288
8.860000E-8	0.001269
8.865000E-8	0.001316
8.870000E-8	0.001350
8.875000E-8	0.001444
8.880000E-8	0.001519
8.885000E-8	0.001491
8.890000E-8	0.001447
8.895000E-8	0.001419
8.900000E-8	0.001253
8.905000E-8	0.001225
8.910000E-8	0.001231
8.915000E-8	0.001350
8.920000E-8	0.001159
8.925000E-8	0.001316
8.930000E-8	0.001303
8.935000E-8	0.001406
8.940000E-8	0.001397
8.945000E-8	0.001428
8.950000E-8	0.001397
8.955000E-8	0.001478
8.960000E-8	0.001509
8.965000E-8	0.001441
8.970000E-8	0.001447
8.975000E-8	0.001441
8.980000E-8	0.001350
8.985000E-8	0.001372
8.990000E-8	0.001347
8.995000E-8	0.001316
9.000000E-8	0.001275
9.005000E-8	0.001209
9.010000E-8	0.001191
9.015000E-8	0.001316
9.020000E-8	0.001253
9.025000E-8	0.001272
9.030000E-8	0.001228
9.035000E-8	0.001191
9.040000E-8	0.001025
9.045000E-8	0.001103
9.050000E-8	0.000969
9.055000E-8	0.000981
9.060000E-8	0.000891
9.065000E-8	0.001009
9.070000E-8	0.000959
9.075000E-8	0.001128
9.080000E-8	0.001141
9.085000E-8	0.001178
9.090000E-8	0.001213
9.095000E-8	0.001466
9.100000E-8	0.001463
9.105000E-8	0.001584
9.110000E-8	0.001500
9.115000E-8	0.001584
9.120000E-8	0.001509
9.125000E-8	0.001331
9.130000E-8	0.001238
9.135000E-8	0.001234
9.140000E-8	0.001122
9.145000E-8	0.001016
9.150000E-8	0.000984
9.155000E-8	0.000981
9.160000E-8	0.001047
9.165000E-8	0.001078
9.170000E-8	0.001038
9.175000E-8	0.000997
9.180000E-8	0.000956
9.185000E-8	0.001053
9.190000E-8	0.001116
9.195000E-8	0.001178
9.200000E-8	0.001178
9.205000E-8	0.001206
9.210000E-8	0.001131
9.215000E-8	0.001056
9.220000E-8	0.001066
9.225000E-8	0.001034
9.230000E-8	0.000934
9.235000E-8	0.001072
9.240000E-8	0.001047
9.245000E-8	0.001141
9.250000E-8	0.001222
9.255000E-8	0.001350
9.260000E-8	0.001388
9.265000E-8	0.001566
9.270000E-8	0.001456
9.275000E-8	0.001616
9.280000E-8	0.001547
9.285000E-8	0.001666
9.290000E-8	0.001609
9.295000E-8	0.001469
9.300000E-8	0.001453
9.305000E-8	0.001519
9.310000E-8	0.001403
9.315000E-8	0.001384
9.320000E-8	0.001344
9.325000E-8	0.001362
9.330000E-8	0.001288
9.335000E-8	0.001366
9.340000E-8	0.001281
9.345000E-8	0.001381
9.350000E-8	0.001309
9.355000E-8	0.001309
9.360000E-8	0.001316
9.365000E-8	0.001359
9.370000E-8	0.001316
9.375000E-8	0.001403
9.380000E-8	0.001431
9.385000E-8	0.001488
9.390000E-8	0.001541
9.395000E-8	0.001550
9.400000E-8	0.001575
9.405000E-8	0.001600
9.410000E-8	0.001581
9.415000E-8	0.001544
9.420000E-8	0.001394
9.425000E-8	0.001366
9.430000E-8	0.001353
9.435000E-8	0.001281
9.440000E-8	0.001128
9.445000E-8	0.001153
9.450000E-8	0.001175
9.455000E-8	0.001234
9.460000E-8	0.001278
9.465000E-8	0.001334
9.470000E-8	0.001347
9.475000E-8	0.001281
9.480000E-8	0.001259
9.485000E-8	0.001362
9.490000E-8	0.001288
9.495000E-8	0.001394
9.500000E-8	0.001269
9.505000E-8	0.001381
9.510000E-8	0.001306
9.515000E-8	0.001316
9.520000E-8	0.001403
9.525000E-8	0.001447
9.530000E-8	0.001278
9.535000E-8	0.001459
9.540000E-8	0.001403
9.545000E-8	0.001391
9.550000E-8	0.001416
9.555000E-8	0.001450
9.560000E-8	0.001303
9.565000E-8	0.001272
9.570000E-8	0.001203
9.575000E-8	0.001138
9.580000E-8	0.001072
9.585000E-8	0.001009
9.590000E-8	0.000984
9.595000E-8	0.001222
9.600000E-8	0.001197
9.605000E-8	0.001256
9.610000E-8	0.001278
9.615000E-8	0.001359
9.620000E-8	0.001175
9.625000E-8	0.001225
9.630000E-8	0.001050
9.635000E-8	0.000969
9.640000E-8	0.000909
9.645000E-8	0.000903
9.650000E-8	0.000856
9.655000E-8	0.000875
9.660000E-8	0.000900
9.665000E-8	0.000919
9.670000E-8	0.000969
9.675000E-8	0.001056
9.680000E-8	0.001031
9.685000E-8	0.001034
9.690000E-8	0.001069
9.695000E-8	0.001056
9.700000E-8	0.000950
9.705000E-8	0.001103
9.710000E-8	0.001050
9.715000E-8	0.001191
9.720000E-8	0.001094
9.725000E-8	0.001122
9.730000E-8	0.001084
9.735000E-8	0.001187
9.740000E-8	0.001259
9.745000E-8	0.001394
9.750000E-8	0.001422
9.755000E-8	0.001478
9.760000E-8	0.001547
9.765000E-8	0.001597
9.770000E-8	0.001666
9.775000E-8	0.001622
9.780000E-8	0.001616
9.785000E-8	0.001578
9.790000E-8	0.001538
9.795000E-8	0.001475
9.800000E-8	0.001388
9.805000E-8	0.001331
9.810000E-8	0.001203
9.815000E-8	0.001284
9.820000E-8	0.001225
9.825000E-8	0.001213
9.830000E-8	0.001134
9.835000E-8	0.001059
9.840000E-8	0.001069
9.845000E-8	0.001069
9.850000E-8	0.001122
9.855000E-8	0.001275
9.860000E-8	0.001200
9.865000E-8	0.001209
9.870000E-8	0.001253
9.875000E-8	0.001350
9.880000E-8	0.001216
9.885000E-8	0.001169
9.890000E-8	0.001178
9.895000E-8	0.001266
9.900000E-8	0.001247
9.905000E-8	0.001238
9.910000E-8	0.001259
9.915000E-8	0.001266
9.920000E-8	0.001381
9.925000E-8	0.001406
9.930000E-8	0.001494
9.935000E-8	0.001569
9.940000E-8	0.001481
9.945000E-8	0.001441
9.950000E-8	0.001422
9.955000E-8	0.001563
9.960000E-8	0.001428
9.965000E-8	0.001459
9.970000E-8	0.001388
9.975000E-8	0.001319
9.980000E-8	0.001322
9.985000E-8	0.001319
9.990000E-8	0.001394
9.995000E-8	0.001447
