LabVIEW Measurement	
Writer_Version	2
Reader_Version	2
Separator	Tab
Decimal_Separator	.
Multi_Headings	No
X_Columns	Multi
Time_Pref	Relative
Operator	TG lab
Date	2015/03/06
Time	16:35:39.676326751708984375
***End_of_Header***	
	
Channels	1	
Samples	2000	
Date	1903/12/31	
Time	19:00:00	
X_Dimension	Time	
X0	0.0000000000000000E+0	
Delta_X	5.000000E-11	
***End_of_Header***		
X_Value	Untitled	Comment
0.000000	0.002697
5.000000E-11	0.002813
1.000000E-10	0.002813
1.500000E-10	0.002828
2.000000E-10	0.002897
2.500000E-10	0.002959
3.000000E-10	0.002906
3.500000E-10	0.002872
4.000000E-10	0.002859
4.500000E-10	0.002828
5.000000E-10	0.002759
5.500000E-10	0.002734
6.000000E-10	0.002644
6.500000E-10	0.002603
7.000000E-10	0.002494
7.500000E-10	0.002475
8.000000E-10	0.002450
8.500000E-10	0.002453
9.000000E-10	0.002466
9.500000E-10	0.002547
1.000000E-9	0.002428
1.050000E-9	0.002425
1.100000E-9	0.002394
1.150000E-9	0.002484
1.200000E-9	0.002409
1.250000E-9	0.002481
1.300000E-9	0.002472
1.350000E-9	0.002544
1.400000E-9	0.002566
1.450000E-9	0.002584
1.500000E-9	0.002563
1.550000E-9	0.002550
1.600000E-9	0.002522
1.650000E-9	0.002594
1.700000E-9	0.002500
1.750000E-9	0.002434
1.800000E-9	0.002416
1.850000E-9	0.002381
1.900000E-9	0.002297
1.950000E-9	0.002419
2.000000E-9	0.002444
2.050000E-9	0.002506
2.100000E-9	0.002403
2.150000E-9	0.002522
2.200000E-9	0.002550
2.250000E-9	0.002631
2.300000E-9	0.002616
2.350000E-9	0.002641
2.400000E-9	0.002575
2.450000E-9	0.002653
2.500000E-9	0.002550
2.550000E-9	0.002691
2.600000E-9	0.002716
2.650000E-9	0.002906
2.700000E-9	0.002897
2.750000E-9	0.003047
2.800000E-9	0.003094
2.850000E-9	0.003012
2.900000E-9	0.002963
2.950000E-9	0.002994
3.000000E-9	0.003006
3.050000E-9	0.003025
3.100000E-9	0.002959
3.150000E-9	0.002884
3.200000E-9	0.002769
3.250000E-9	0.002731
3.300000E-9	0.002725
3.350000E-9	0.002672
3.400000E-9	0.002644
3.450000E-9	0.002713
3.500000E-9	0.002694
3.550000E-9	0.002737
3.600000E-9	0.002662
3.650000E-9	0.002775
3.700000E-9	0.002816
3.750000E-9	0.002716
3.800000E-9	0.002669
3.850000E-9	0.002628
3.900000E-9	0.002603
3.950000E-9	0.002722
4.000000E-9	0.002594
4.050000E-9	0.002634
4.100000E-9	0.002628
4.150000E-9	0.002728
4.200000E-9	0.002694
4.250000E-9	0.002894
4.300000E-9	0.002944
4.350000E-9	0.003012
4.400000E-9	0.003100
4.450000E-9	0.003125
4.500000E-9	0.003072
4.550000E-9	0.003197
4.600000E-9	0.003087
4.650000E-9	0.003175
4.700000E-9	0.003097
4.750000E-9	0.003056
4.800000E-9	0.003038
4.850000E-9	0.003059
4.900000E-9	0.003028
4.950000E-9	0.003278
5.000000E-9	0.003219
5.050000E-9	0.003250
5.100000E-9	0.003434
5.150000E-9	0.003463
5.200000E-9	0.003516
5.250000E-9	0.003544
5.300000E-9	0.003531
5.350000E-9	0.003578
5.400000E-9	0.003475
5.450000E-9	0.003516
5.500000E-9	0.003438
5.550000E-9	0.003334
5.600000E-9	0.003219
5.650000E-9	0.003209
5.700000E-9	0.003263
5.750000E-9	0.003213
5.800000E-9	0.003181
5.850000E-9	0.003291
5.900000E-9	0.003181
5.950000E-9	0.003269
6.000000E-9	0.003238
6.050000E-9	0.003181
6.100000E-9	0.003069
6.150000E-9	0.003106
6.200000E-9	0.003025
6.250000E-9	0.003150
6.300000E-9	0.003247
6.350000E-9	0.003378
6.400000E-9	0.003428
6.450000E-9	0.003447
6.500000E-9	0.003512
6.550000E-9	0.003681
6.600000E-9	0.003700
6.650000E-9	0.003819
6.700000E-9	0.003797
6.750000E-9	0.003794
6.800000E-9	0.003716
6.850000E-9	0.004009
6.900000E-9	0.004122
6.950000E-9	0.004225
7.000000E-9	0.004359
7.050000E-9	0.004603
7.100000E-9	0.004872
7.150000E-9	0.005216
7.200000E-9	0.005525
7.250000E-9	0.006041
7.300000E-9	0.006541
7.350000E-9	0.007147
7.400000E-9	0.007806
7.450000E-9	0.008678
7.500000E-9	0.009806
7.550000E-9	0.010938
7.600000E-9	0.012078
7.650000E-9	0.013488
7.700000E-9	0.014619
7.750000E-9	0.015959
7.800000E-9	0.017150
7.850000E-9	0.018409
7.900000E-9	0.019463
7.950000E-9	0.020431
8.000000E-9	0.021319
8.050000E-9	0.022453
8.100000E-9	0.023481
8.150000E-9	0.024634
8.200000E-9	0.025847
8.250000E-9	0.027222
8.300000E-9	0.028459
8.350000E-9	0.029625
8.400000E-9	0.030378
8.450000E-9	0.030944
8.500000E-9	0.030978
8.550000E-9	0.030666
8.600000E-9	0.029847
8.650000E-9	0.028656
8.700000E-9	0.027028
8.750000E-9	0.025225
8.800000E-9	0.023303
8.850000E-9	0.021409
8.900000E-9	0.019728
8.950000E-9	0.018409
9.000000E-9	0.017381
9.050000E-9	0.016969
9.100000E-9	0.016775
9.150000E-9	0.017075
9.200000E-9	0.017625
9.250000E-9	0.018325
9.300000E-9	0.018941
9.350000E-9	0.019559
9.400000E-9	0.019984
9.450000E-9	0.020128
9.500000E-9	0.019897
9.550000E-9	0.019372
9.600000E-9	0.018484
9.650000E-9	0.017369
9.700000E-9	0.016159
9.750000E-9	0.014841
9.800000E-9	0.013428
9.850000E-9	0.012184
9.900000E-9	0.011219
9.950000E-9	0.010566
1.000000E-8	0.010044
1.005000E-8	0.010066
1.010000E-8	0.010228
1.015000E-8	0.010797
1.020000E-8	0.011406
1.025000E-8	0.012072
1.030000E-8	0.012575
1.035000E-8	0.013197
1.040000E-8	0.013516
1.045000E-8	0.013628
1.050000E-8	0.013494
1.055000E-8	0.013100
1.060000E-8	0.012372
1.065000E-8	0.011572
1.070000E-8	0.010553
1.075000E-8	0.009681
1.080000E-8	0.008725
1.085000E-8	0.008006
1.090000E-8	0.007309
1.095000E-8	0.006919
1.100000E-8	0.006681
1.105000E-8	0.006913
1.110000E-8	0.007206
1.115000E-8	0.007747
1.120000E-8	0.008375
1.125000E-8	0.009056
1.130000E-8	0.009550
1.135000E-8	0.010091
1.140000E-8	0.010378
1.145000E-8	0.010516
1.150000E-8	0.010216
1.155000E-8	0.009831
1.160000E-8	0.009197
1.165000E-8	0.008513
1.170000E-8	0.007575
1.175000E-8	0.006709
1.180000E-8	0.005763
1.185000E-8	0.005203
1.190000E-8	0.004578
1.195000E-8	0.004353
1.200000E-8	0.004175
1.205000E-8	0.004313
1.210000E-8	0.004684
1.215000E-8	0.005259
1.220000E-8	0.005797
1.225000E-8	0.006456
1.230000E-8	0.007016
1.235000E-8	0.007553
1.240000E-8	0.007747
1.245000E-8	0.007903
1.250000E-8	0.007869
1.255000E-8	0.007500
1.260000E-8	0.007063
1.265000E-8	0.006384
1.270000E-8	0.005662
1.275000E-8	0.005034
1.280000E-8	0.004184
1.285000E-8	0.003644
1.290000E-8	0.003197
1.295000E-8	0.002950
1.300000E-8	0.002769
1.305000E-8	0.002956
1.310000E-8	0.003356
1.315000E-8	0.003906
1.320000E-8	0.004459
1.325000E-8	0.005159
1.330000E-8	0.005781
1.335000E-8	0.006378
1.340000E-8	0.006822
1.345000E-8	0.006913
1.350000E-8	0.006888
1.355000E-8	0.006584
1.360000E-8	0.006122
1.365000E-8	0.005616
1.370000E-8	0.004913
1.375000E-8	0.004141
1.380000E-8	0.003350
1.385000E-8	0.002828
1.390000E-8	0.002413
1.395000E-8	0.002325
1.400000E-8	0.002384
1.405000E-8	0.002813
1.410000E-8	0.003172
1.415000E-8	0.003866
1.420000E-8	0.004469
1.425000E-8	0.005097
1.430000E-8	0.005681
1.435000E-8	0.006109
1.440000E-8	0.006250
1.445000E-8	0.006353
1.450000E-8	0.006106
1.455000E-8	0.005869
1.460000E-8	0.005241
1.465000E-8	0.004603
1.470000E-8	0.003691
1.475000E-8	0.003003
1.480000E-8	0.002313
1.485000E-8	0.001884
1.490000E-8	0.001544
1.495000E-8	0.001503
1.500000E-8	0.001553
1.505000E-8	0.002009
1.510000E-8	0.002466
1.515000E-8	0.003125
1.520000E-8	0.003728
1.525000E-8	0.004484
1.530000E-8	0.005084
1.535000E-8	0.005575
1.540000E-8	0.005772
1.545000E-8	0.005859
1.550000E-8	0.005537
1.555000E-8	0.005066
1.560000E-8	0.004503
1.565000E-8	0.003634
1.570000E-8	0.002884
1.575000E-8	0.002228
1.580000E-8	0.001641
1.585000E-8	0.001288
1.590000E-8	0.001053
1.595000E-8	0.001134
1.600000E-8	0.001469
1.605000E-8	0.001975
1.610000E-8	0.002594
1.615000E-8	0.003444
1.620000E-8	0.004262
1.625000E-8	0.005022
1.630000E-8	0.005419
1.635000E-8	0.005891
1.640000E-8	0.005966
1.645000E-8	0.005809
1.650000E-8	0.005397
1.655000E-8	0.004681
1.660000E-8	0.003859
1.665000E-8	0.003072
1.670000E-8	0.002094
1.675000E-8	0.001441
1.680000E-8	0.000913
1.685000E-8	0.000647
1.690000E-8	0.000675
1.695000E-8	0.000850
1.700000E-8	0.001250
1.705000E-8	0.001969
1.710000E-8	0.002756
1.715000E-8	0.003569
1.720000E-8	0.004262
1.725000E-8	0.004863
1.730000E-8	0.005369
1.735000E-8	0.005469
1.740000E-8	0.005403
1.745000E-8	0.005044
1.750000E-8	0.004516
1.755000E-8	0.003766
1.760000E-8	0.002894
1.765000E-8	0.002228
1.770000E-8	0.001453
1.775000E-8	0.000978
1.780000E-8	0.000703
1.785000E-8	0.000744
1.790000E-8	0.000891
1.795000E-8	0.001313
1.800000E-8	0.001853
1.805000E-8	0.002600
1.810000E-8	0.003338
1.815000E-8	0.004122
1.820000E-8	0.004506
1.825000E-8	0.004831
1.830000E-8	0.004962
1.835000E-8	0.004997
1.840000E-8	0.004616
1.845000E-8	0.004147
1.850000E-8	0.003431
1.855000E-8	0.002931
1.860000E-8	0.002275
1.865000E-8	0.001666
1.870000E-8	0.001153
1.875000E-8	0.000875
1.880000E-8	0.000859
1.885000E-8	0.000941
1.890000E-8	0.001163
1.895000E-8	0.001678
1.900000E-8	0.002253
1.905000E-8	0.003012
1.910000E-8	0.003484
1.915000E-8	0.004047
1.920000E-8	0.004359
1.925000E-8	0.004816
1.930000E-8	0.005047
1.935000E-8	0.005031
1.940000E-8	0.004747
1.945000E-8	0.004416
1.950000E-8	0.003863
1.955000E-8	0.003369
1.960000E-8	0.002766
1.965000E-8	0.002125
1.970000E-8	0.001641
1.975000E-8	0.001378
1.980000E-8	0.001156
1.985000E-8	0.001228
1.990000E-8	0.001400
1.995000E-8	0.001941
2.000000E-8	0.002447
2.005000E-8	0.003084
2.010000E-8	0.003625
2.015000E-8	0.004206
2.020000E-8	0.004528
2.025000E-8	0.004812
2.030000E-8	0.004834
2.035000E-8	0.004681
2.040000E-8	0.004200
2.045000E-8	0.003772
2.050000E-8	0.003141
2.055000E-8	0.002388
2.060000E-8	0.001781
2.065000E-8	0.001316
2.070000E-8	0.000928
2.075000E-8	0.000838
2.080000E-8	0.000747
2.085000E-8	0.001081
2.090000E-8	0.001372
2.095000E-8	0.001916
2.100000E-8	0.002519
2.105000E-8	0.003078
2.110000E-8	0.003628
2.115000E-8	0.004078
2.120000E-8	0.004459
2.125000E-8	0.004588
2.130000E-8	0.004425
2.135000E-8	0.004262
2.140000E-8	0.003697
2.145000E-8	0.003291
2.150000E-8	0.002662
2.155000E-8	0.002087
2.160000E-8	0.001509
2.165000E-8	0.001166
2.170000E-8	0.000859
2.175000E-8	0.000675
2.180000E-8	0.000803
2.185000E-8	0.001213
2.190000E-8	0.001556
2.195000E-8	0.002113
2.200000E-8	0.002672
2.205000E-8	0.003438
2.210000E-8	0.003909
2.215000E-8	0.004313
2.220000E-8	0.004463
2.225000E-8	0.004531
2.230000E-8	0.004394
2.235000E-8	0.004147
2.240000E-8	0.003678
2.245000E-8	0.003150
2.250000E-8	0.002506
2.255000E-8	0.001925
2.260000E-8	0.001381
2.265000E-8	0.001031
2.270000E-8	0.000650
2.275000E-8	0.000678
2.280000E-8	0.000916
2.285000E-8	0.001362
2.290000E-8	0.001831
2.295000E-8	0.002559
2.300000E-8	0.003162
2.305000E-8	0.003909
2.310000E-8	0.004316
2.315000E-8	0.004678
2.320000E-8	0.004869
2.325000E-8	0.004756
2.330000E-8	0.004466
2.335000E-8	0.003903
2.340000E-8	0.003244
2.345000E-8	0.002606
2.350000E-8	0.001884
2.355000E-8	0.001303
2.360000E-8	0.000788
2.365000E-8	0.000444
2.370000E-8	0.000328
2.375000E-8	0.000534
2.380000E-8	0.000725
2.385000E-8	0.001362
2.390000E-8	0.001888
2.395000E-8	0.002644
2.400000E-8	0.003244
2.405000E-8	0.003947
2.410000E-8	0.004397
2.415000E-8	0.004644
2.420000E-8	0.004603
2.425000E-8	0.004341
2.430000E-8	0.003903
2.435000E-8	0.003353
2.440000E-8	0.002784
2.445000E-8	0.002053
2.450000E-8	0.001416
2.455000E-8	0.000891
2.460000E-8	0.000575
2.465000E-8	0.000463
2.470000E-8	0.000391
2.475000E-8	0.000684
2.480000E-8	0.001031
2.485000E-8	0.001666
2.490000E-8	0.002259
2.495000E-8	0.002919
2.500000E-8	0.003466
2.505000E-8	0.003888
2.510000E-8	0.004213
2.515000E-8	0.004469
2.520000E-8	0.004281
2.525000E-8	0.004053
2.530000E-8	0.003650
2.535000E-8	0.003219
2.540000E-8	0.002622
2.545000E-8	0.002134
2.550000E-8	0.001581
2.555000E-8	0.001331
2.560000E-8	0.001088
2.565000E-8	0.001112
2.570000E-8	0.001300
2.575000E-8	0.001772
2.580000E-8	0.002150
2.585000E-8	0.002869
2.590000E-8	0.003434
2.595000E-8	0.003928
2.600000E-8	0.004369
2.605000E-8	0.004684
2.610000E-8	0.004753
2.615000E-8	0.004706
2.620000E-8	0.004369
2.625000E-8	0.003959
2.630000E-8	0.003400
2.635000E-8	0.002747
2.640000E-8	0.002213
2.645000E-8	0.001713
2.650000E-8	0.001275
2.655000E-8	0.000919
2.660000E-8	0.000778
2.665000E-8	0.000925
2.670000E-8	0.001144
2.675000E-8	0.001478
2.680000E-8	0.001966
2.685000E-8	0.002609
2.690000E-8	0.003050
2.695000E-8	0.003584
2.700000E-8	0.003947
2.705000E-8	0.004256
2.710000E-8	0.004288
2.715000E-8	0.004278
2.720000E-8	0.003928
2.725000E-8	0.003603
2.730000E-8	0.003097
2.735000E-8	0.002575
2.740000E-8	0.002009
2.745000E-8	0.001575
2.750000E-8	0.001200
2.755000E-8	0.000947
2.760000E-8	0.000750
2.765000E-8	0.000931
2.770000E-8	0.001116
2.775000E-8	0.001638
2.780000E-8	0.001994
2.785000E-8	0.002669
2.790000E-8	0.003072
2.795000E-8	0.003597
2.800000E-8	0.004019
2.805000E-8	0.004294
2.810000E-8	0.004172
2.815000E-8	0.004119
2.820000E-8	0.003788
2.825000E-8	0.003419
2.830000E-8	0.002853
2.835000E-8	0.002450
2.840000E-8	0.001866
2.845000E-8	0.001434
2.850000E-8	0.001112
2.855000E-8	0.001022
2.860000E-8	0.000950
2.865000E-8	0.001191
2.870000E-8	0.001541
2.875000E-8	0.002069
2.880000E-8	0.002625
2.885000E-8	0.003147
2.890000E-8	0.003456
2.895000E-8	0.003791
2.900000E-8	0.003928
2.905000E-8	0.004087
2.910000E-8	0.003928
2.915000E-8	0.003834
2.920000E-8	0.003441
2.925000E-8	0.002906
2.930000E-8	0.002453
2.935000E-8	0.002119
2.940000E-8	0.001647
2.945000E-8	0.001316
2.950000E-8	0.001238
2.955000E-8	0.001191
2.960000E-8	0.001200
2.965000E-8	0.001534
2.970000E-8	0.001878
2.975000E-8	0.002259
2.980000E-8	0.002656
2.985000E-8	0.003106
2.990000E-8	0.003531
2.995000E-8	0.003841
3.000000E-8	0.004034
3.005000E-8	0.004150
3.010000E-8	0.003919
3.015000E-8	0.003725
3.020000E-8	0.003300
3.025000E-8	0.002794
3.030000E-8	0.002209
3.035000E-8	0.001722
3.040000E-8	0.001331
3.045000E-8	0.001038
3.050000E-8	0.000819
3.055000E-8	0.000931
3.060000E-8	0.001072
3.065000E-8	0.001456
3.070000E-8	0.001919
3.075000E-8	0.002469
3.080000E-8	0.003081
3.085000E-8	0.003556
3.090000E-8	0.003909
3.095000E-8	0.004178
3.100000E-8	0.004213
3.105000E-8	0.004069
3.110000E-8	0.003781
3.115000E-8	0.003394
3.120000E-8	0.002844
3.125000E-8	0.002288
3.130000E-8	0.001913
3.135000E-8	0.001413
3.140000E-8	0.001059
3.145000E-8	0.000891
3.150000E-8	0.000931
3.155000E-8	0.001222
3.160000E-8	0.001550
3.165000E-8	0.002025
3.170000E-8	0.002522
3.175000E-8	0.003078
3.180000E-8	0.003553
3.185000E-8	0.003856
3.190000E-8	0.004094
3.195000E-8	0.004219
3.200000E-8	0.004038
3.205000E-8	0.003803
3.210000E-8	0.003444
3.215000E-8	0.002981
3.220000E-8	0.002428
3.225000E-8	0.002044
3.230000E-8	0.001506
3.235000E-8	0.001184
3.240000E-8	0.000916
3.245000E-8	0.000894
3.250000E-8	0.001000
3.255000E-8	0.001191
3.260000E-8	0.001472
3.265000E-8	0.002006
3.270000E-8	0.002444
3.275000E-8	0.002856
3.280000E-8	0.003269
3.285000E-8	0.003616
3.290000E-8	0.003631
3.295000E-8	0.003734
3.300000E-8	0.003650
3.305000E-8	0.003331
3.310000E-8	0.002975
3.315000E-8	0.002688
3.320000E-8	0.002178
3.325000E-8	0.001781
3.330000E-8	0.001291
3.335000E-8	0.001306
3.340000E-8	0.001100
3.345000E-8	0.001191
3.350000E-8	0.001288
3.355000E-8	0.001684
3.360000E-8	0.002009
3.365000E-8	0.002478
3.370000E-8	0.002878
3.375000E-8	0.003350
3.380000E-8	0.003691
3.385000E-8	0.003944
3.390000E-8	0.003944
3.395000E-8	0.004028
3.400000E-8	0.003900
3.405000E-8	0.003628
3.410000E-8	0.003216
3.415000E-8	0.002997
3.420000E-8	0.002491
3.425000E-8	0.002122
3.430000E-8	0.001850
3.435000E-8	0.001616
3.440000E-8	0.001472
3.445000E-8	0.001459
3.450000E-8	0.001619
3.455000E-8	0.001794
3.460000E-8	0.002038
3.465000E-8	0.002559
3.470000E-8	0.002903
3.475000E-8	0.003216
3.480000E-8	0.003369
3.485000E-8	0.003556
3.490000E-8	0.003600
3.495000E-8	0.003603
3.500000E-8	0.003416
3.505000E-8	0.003225
3.510000E-8	0.002891
3.515000E-8	0.002494
3.520000E-8	0.002053
3.525000E-8	0.001797
3.530000E-8	0.001534
3.535000E-8	0.001459
3.540000E-8	0.001369
3.545000E-8	0.001359
3.550000E-8	0.001547
3.555000E-8	0.001956
3.560000E-8	0.002375
3.565000E-8	0.002809
3.570000E-8	0.003147
3.575000E-8	0.003472
3.580000E-8	0.003581
3.585000E-8	0.003684
3.590000E-8	0.003584
3.595000E-8	0.003453
3.600000E-8	0.003063
3.605000E-8	0.002784
3.610000E-8	0.002375
3.615000E-8	0.002094
3.620000E-8	0.001728
3.625000E-8	0.001484
3.630000E-8	0.001300
3.635000E-8	0.001406
3.640000E-8	0.001338
3.645000E-8	0.001525
3.650000E-8	0.001800
3.655000E-8	0.002175
3.660000E-8	0.002338
3.665000E-8	0.002675
3.670000E-8	0.003091
3.675000E-8	0.003359
3.680000E-8	0.003534
3.685000E-8	0.003634
3.690000E-8	0.003556
3.695000E-8	0.003597
3.700000E-8	0.003263
3.705000E-8	0.002959
3.710000E-8	0.002544
3.715000E-8	0.002072
3.720000E-8	0.001722
3.725000E-8	0.001419
3.730000E-8	0.001119
3.735000E-8	0.001175
3.740000E-8	0.001219
3.745000E-8	0.001484
3.750000E-8	0.001731
3.755000E-8	0.002153
3.760000E-8	0.002419
3.765000E-8	0.002838
3.770000E-8	0.003072
3.775000E-8	0.003384
3.780000E-8	0.003528
3.785000E-8	0.003519
3.790000E-8	0.003369
3.795000E-8	0.003319
3.800000E-8	0.002978
3.805000E-8	0.002728
3.810000E-8	0.002406
3.815000E-8	0.002181
3.820000E-8	0.001916
3.825000E-8	0.001778
3.830000E-8	0.001622
3.835000E-8	0.001659
3.840000E-8	0.001784
3.845000E-8	0.001922
3.850000E-8	0.002259
3.855000E-8	0.002572
3.860000E-8	0.002813
3.865000E-8	0.003069
3.870000E-8	0.003484
3.875000E-8	0.003738
3.880000E-8	0.003859
3.885000E-8	0.003956
3.890000E-8	0.003659
3.895000E-8	0.003400
3.900000E-8	0.002950
3.905000E-8	0.002566
3.910000E-8	0.002259
3.915000E-8	0.001909
3.920000E-8	0.001653
3.925000E-8	0.001650
3.930000E-8	0.001491
3.935000E-8	0.001644
3.940000E-8	0.001728
3.945000E-8	0.002075
3.950000E-8	0.002416
3.955000E-8	0.002734
3.960000E-8	0.003059
3.965000E-8	0.003488
3.970000E-8	0.003541
3.975000E-8	0.003719
3.980000E-8	0.003766
3.985000E-8	0.003628
3.990000E-8	0.003450
3.995000E-8	0.003184
4.000000E-8	0.002791
4.005000E-8	0.002578
4.010000E-8	0.002256
4.015000E-8	0.002056
4.020000E-8	0.002003
4.025000E-8	0.001984
4.030000E-8	0.002150
4.035000E-8	0.002172
4.040000E-8	0.002334
4.045000E-8	0.002650
4.050000E-8	0.002909
4.055000E-8	0.003241
4.060000E-8	0.003391
4.065000E-8	0.003688
4.070000E-8	0.003825
4.075000E-8	0.003928
4.080000E-8	0.003888
4.085000E-8	0.003781
4.090000E-8	0.003534
4.095000E-8	0.003347
4.100000E-8	0.003053
4.105000E-8	0.002744
4.110000E-8	0.002503
4.115000E-8	0.002294
4.120000E-8	0.002138
4.125000E-8	0.002050
4.130000E-8	0.001975
4.135000E-8	0.002159
4.140000E-8	0.002259
4.145000E-8	0.002619
4.150000E-8	0.002759
4.155000E-8	0.003103
4.160000E-8	0.003363
4.165000E-8	0.003572
4.170000E-8	0.003703
4.175000E-8	0.003684
4.180000E-8	0.003581
4.185000E-8	0.003453
4.190000E-8	0.003216
4.195000E-8	0.002919
4.200000E-8	0.002503
4.205000E-8	0.002203
4.210000E-8	0.001944
4.215000E-8	0.001819
4.220000E-8	0.001731
4.225000E-8	0.001709
4.230000E-8	0.001788
4.235000E-8	0.001913
4.240000E-8	0.002119
4.245000E-8	0.002503
4.250000E-8	0.002728
4.255000E-8	0.003075
4.260000E-8	0.003309
4.265000E-8	0.003466
4.270000E-8	0.003428
4.275000E-8	0.003478
4.280000E-8	0.003238
4.285000E-8	0.003122
4.290000E-8	0.002763
4.295000E-8	0.002584
4.300000E-8	0.002181
4.305000E-8	0.001991
4.310000E-8	0.001838
4.315000E-8	0.001809
4.320000E-8	0.001772
4.325000E-8	0.001900
4.330000E-8	0.002069
4.335000E-8	0.002275
4.340000E-8	0.002441
4.345000E-8	0.002775
4.350000E-8	0.003034
4.355000E-8	0.003256
4.360000E-8	0.003259
4.365000E-8	0.003388
4.370000E-8	0.003266
4.375000E-8	0.003344
4.380000E-8	0.003109
4.385000E-8	0.002997
4.390000E-8	0.002700
4.395000E-8	0.002475
4.400000E-8	0.002275
4.405000E-8	0.002069
4.410000E-8	0.001906
4.415000E-8	0.001825
4.420000E-8	0.001838
4.425000E-8	0.001828
4.430000E-8	0.001872
4.435000E-8	0.002097
4.440000E-8	0.002347
4.445000E-8	0.002703
4.450000E-8	0.002934
4.455000E-8	0.003141
4.460000E-8	0.003331
4.465000E-8	0.003438
4.470000E-8	0.003397
4.475000E-8	0.003325
4.480000E-8	0.003103
4.485000E-8	0.002950
4.490000E-8	0.002678
4.495000E-8	0.002406
4.500000E-8	0.002125
4.505000E-8	0.001944
4.510000E-8	0.001906
4.515000E-8	0.001966
4.520000E-8	0.001878
4.525000E-8	0.002141
4.530000E-8	0.002263
4.535000E-8	0.002566
4.540000E-8	0.002822
4.545000E-8	0.003059
4.550000E-8	0.003144
4.555000E-8	0.003319
4.560000E-8	0.003303
4.565000E-8	0.003331
4.570000E-8	0.003191
4.575000E-8	0.002963
4.580000E-8	0.002591
4.585000E-8	0.002325
4.590000E-8	0.002128
4.595000E-8	0.001937
4.600000E-8	0.001822
4.605000E-8	0.001747
4.610000E-8	0.001669
4.615000E-8	0.001709
4.620000E-8	0.001709
4.625000E-8	0.001950
4.630000E-8	0.002297
4.635000E-8	0.002456
4.640000E-8	0.002641
4.645000E-8	0.002934
4.650000E-8	0.003034
4.655000E-8	0.003191
4.660000E-8	0.003162
4.665000E-8	0.003350
4.670000E-8	0.003188
4.675000E-8	0.003091
4.680000E-8	0.002872
4.685000E-8	0.002653
4.690000E-8	0.002341
4.695000E-8	0.002259
4.700000E-8	0.002059
4.705000E-8	0.001994
4.710000E-8	0.002075
4.715000E-8	0.002237
4.720000E-8	0.002334
4.725000E-8	0.002600
4.730000E-8	0.002838
4.735000E-8	0.003125
4.740000E-8	0.003263
4.745000E-8	0.003547
4.750000E-8	0.003522
4.755000E-8	0.003556
4.760000E-8	0.003388
4.765000E-8	0.003256
4.770000E-8	0.003050
4.775000E-8	0.002778
4.780000E-8	0.002456
4.785000E-8	0.002359
4.790000E-8	0.002069
4.795000E-8	0.002003
4.800000E-8	0.001909
4.805000E-8	0.001903
4.810000E-8	0.001803
4.815000E-8	0.001966
4.820000E-8	0.002141
4.825000E-8	0.002469
4.830000E-8	0.002662
4.835000E-8	0.003000
4.840000E-8	0.003150
4.845000E-8	0.003328
4.850000E-8	0.003250
4.855000E-8	0.003303
4.860000E-8	0.003291
4.865000E-8	0.003122
4.870000E-8	0.002819
4.875000E-8	0.002634
4.880000E-8	0.002303
4.885000E-8	0.002153
4.890000E-8	0.001931
4.895000E-8	0.001872
4.900000E-8	0.001772
4.905000E-8	0.001994
4.910000E-8	0.002075
4.915000E-8	0.002288
4.920000E-8	0.002463
4.925000E-8	0.002744
4.930000E-8	0.002888
4.935000E-8	0.002978
4.940000E-8	0.003219
4.945000E-8	0.003278
4.950000E-8	0.003219
4.955000E-8	0.003331
4.960000E-8	0.003169
4.965000E-8	0.003119
4.970000E-8	0.002913
4.975000E-8	0.002700
4.980000E-8	0.002522
4.985000E-8	0.002303
4.990000E-8	0.002241
4.995000E-8	0.002162
5.000000E-8	0.001981
5.005000E-8	0.001981
5.010000E-8	0.002078
5.015000E-8	0.002122
5.020000E-8	0.002288
5.025000E-8	0.002494
5.030000E-8	0.002734
5.035000E-8	0.002884
5.040000E-8	0.003081
5.045000E-8	0.003184
5.050000E-8	0.003153
5.055000E-8	0.003191
5.060000E-8	0.003006
5.065000E-8	0.002922
5.070000E-8	0.002706
5.075000E-8	0.002559
5.080000E-8	0.002319
5.085000E-8	0.002056
5.090000E-8	0.001816
5.095000E-8	0.001666
5.100000E-8	0.001619
5.105000E-8	0.001600
5.110000E-8	0.001631
5.115000E-8	0.001863
5.120000E-8	0.002044
5.125000E-8	0.002319
5.130000E-8	0.002469
5.135000E-8	0.002675
5.140000E-8	0.002834
5.145000E-8	0.002997
5.150000E-8	0.002875
5.155000E-8	0.002925
5.160000E-8	0.002806
5.165000E-8	0.002853
5.170000E-8	0.002675
5.175000E-8	0.002566
5.180000E-8	0.002375
5.185000E-8	0.002237
5.190000E-8	0.002091
5.195000E-8	0.001978
5.200000E-8	0.002041
5.205000E-8	0.002197
5.210000E-8	0.002328
5.215000E-8	0.002419
5.220000E-8	0.002672
5.225000E-8	0.002819
5.230000E-8	0.002906
5.235000E-8	0.003144
5.240000E-8	0.003250
5.245000E-8	0.003250
5.250000E-8	0.003113
5.255000E-8	0.002925
5.260000E-8	0.002800
5.265000E-8	0.002581
5.270000E-8	0.002484
5.275000E-8	0.002341
5.280000E-8	0.002128
5.285000E-8	0.002172
5.290000E-8	0.002103
5.295000E-8	0.002091
5.300000E-8	0.002103
5.305000E-8	0.002188
5.310000E-8	0.002259
5.315000E-8	0.002406
5.320000E-8	0.002544
5.325000E-8	0.002706
5.330000E-8	0.002838
5.335000E-8	0.002919
5.340000E-8	0.002934
5.345000E-8	0.003056
5.350000E-8	0.003028
5.355000E-8	0.003156
5.360000E-8	0.003038
5.365000E-8	0.002953
5.370000E-8	0.002731
5.375000E-8	0.002581
5.380000E-8	0.002381
5.385000E-8	0.002191
5.390000E-8	0.002059
5.395000E-8	0.002087
5.400000E-8	0.002122
5.405000E-8	0.002294
5.410000E-8	0.002331
5.415000E-8	0.002609
5.420000E-8	0.002928
5.425000E-8	0.003087
5.430000E-8	0.003169
5.435000E-8	0.003266
5.440000E-8	0.003188
5.445000E-8	0.003194
5.450000E-8	0.002994
5.455000E-8	0.002878
5.460000E-8	0.002638
5.465000E-8	0.002428
5.470000E-8	0.002253
5.475000E-8	0.002241
5.480000E-8	0.002169
5.485000E-8	0.002075
5.490000E-8	0.002213
5.495000E-8	0.002347
5.500000E-8	0.002434
5.505000E-8	0.002766
5.510000E-8	0.002988
5.515000E-8	0.003150
5.520000E-8	0.003331
5.525000E-8	0.003406
5.530000E-8	0.003338
5.535000E-8	0.003369
5.540000E-8	0.003222
5.545000E-8	0.003188
5.550000E-8	0.003103
5.555000E-8	0.003038
5.560000E-8	0.002816
5.565000E-8	0.002616
5.570000E-8	0.002450
5.575000E-8	0.002481
5.580000E-8	0.002291
5.585000E-8	0.002306
5.590000E-8	0.002087
5.595000E-8	0.002097
5.600000E-8	0.001963
5.605000E-8	0.002122
5.610000E-8	0.002206
5.615000E-8	0.002359
5.620000E-8	0.002528
5.625000E-8	0.002741
5.630000E-8	0.002831
5.635000E-8	0.002966
5.640000E-8	0.002872
5.645000E-8	0.002903
5.650000E-8	0.002781
5.655000E-8	0.002669
5.660000E-8	0.002481
5.665000E-8	0.002381
5.670000E-8	0.002153
5.675000E-8	0.002134
5.680000E-8	0.002056
5.685000E-8	0.002128
5.690000E-8	0.002159
5.695000E-8	0.002278
5.700000E-8	0.002366
5.705000E-8	0.002475
5.710000E-8	0.002578
5.715000E-8	0.002803
5.720000E-8	0.002828
5.725000E-8	0.003009
5.730000E-8	0.003084
5.735000E-8	0.003028
5.740000E-8	0.002947
5.745000E-8	0.002825
5.750000E-8	0.002797
5.755000E-8	0.002775
5.760000E-8	0.002522
5.765000E-8	0.002409
5.770000E-8	0.002291
5.775000E-8	0.002169
5.780000E-8	0.002056
5.785000E-8	0.002078
5.790000E-8	0.002097
5.795000E-8	0.002197
5.800000E-8	0.002313
5.805000E-8	0.002556
5.810000E-8	0.002603
5.815000E-8	0.002709
5.820000E-8	0.002766
5.825000E-8	0.002972
5.830000E-8	0.002853
5.835000E-8	0.002956
5.840000E-8	0.002772
5.845000E-8	0.002716
5.850000E-8	0.002591
5.855000E-8	0.002356
5.860000E-8	0.002331
5.865000E-8	0.002244
5.870000E-8	0.002134
5.875000E-8	0.002322
5.880000E-8	0.002259
5.885000E-8	0.002353
5.890000E-8	0.002291
5.895000E-8	0.002603
5.900000E-8	0.002706
5.905000E-8	0.002875
5.910000E-8	0.003003
5.915000E-8	0.003100
5.920000E-8	0.003194
5.925000E-8	0.003250
5.930000E-8	0.003216
5.935000E-8	0.003084
5.940000E-8	0.002956
5.945000E-8	0.002878
5.950000E-8	0.002725
5.955000E-8	0.002431
5.960000E-8	0.002316
5.965000E-8	0.002200
5.970000E-8	0.002188
5.975000E-8	0.002269
5.980000E-8	0.002184
5.985000E-8	0.002259
5.990000E-8	0.002331
5.995000E-8	0.002466
6.000000E-8	0.002587
6.005000E-8	0.002734
6.010000E-8	0.002675
6.015000E-8	0.002816
6.020000E-8	0.002822
6.025000E-8	0.002966
6.030000E-8	0.002900
6.035000E-8	0.002822
6.040000E-8	0.002709
6.045000E-8	0.002697
6.050000E-8	0.002550
6.055000E-8	0.002419
6.060000E-8	0.002419
6.065000E-8	0.002419
6.070000E-8	0.002403
6.075000E-8	0.002406
6.080000E-8	0.002553
6.085000E-8	0.002662
6.090000E-8	0.002769
6.095000E-8	0.002906
6.100000E-8	0.003081
6.105000E-8	0.003059
6.110000E-8	0.003159
6.115000E-8	0.003125
6.120000E-8	0.003100
6.125000E-8	0.003091
6.130000E-8	0.002813
6.135000E-8	0.002850
6.140000E-8	0.002641
6.145000E-8	0.002556
6.150000E-8	0.002444
6.155000E-8	0.002409
6.160000E-8	0.002225
6.165000E-8	0.002394
6.170000E-8	0.002231
6.175000E-8	0.002241
6.180000E-8	0.002350
6.185000E-8	0.002431
6.190000E-8	0.002522
6.195000E-8	0.002566
6.200000E-8	0.002597
6.205000E-8	0.002809
6.210000E-8	0.002781
6.215000E-8	0.002884
6.220000E-8	0.002806
6.225000E-8	0.002875
6.230000E-8	0.002697
6.235000E-8	0.002813
6.240000E-8	0.002594
6.245000E-8	0.002559
6.250000E-8	0.002419
6.255000E-8	0.002241
6.260000E-8	0.002141
6.265000E-8	0.002100
6.270000E-8	0.002059
6.275000E-8	0.002119
6.280000E-8	0.002175
6.285000E-8	0.002344
6.290000E-8	0.002472
6.295000E-8	0.002638
6.300000E-8	0.002784
6.305000E-8	0.002922
6.310000E-8	0.003081
6.315000E-8	0.003303
6.320000E-8	0.003325
6.325000E-8	0.003425
6.330000E-8	0.003272
6.335000E-8	0.003200
6.340000E-8	0.003103
6.345000E-8	0.002988
6.350000E-8	0.002716
6.355000E-8	0.002522
6.360000E-8	0.002403
6.365000E-8	0.002334
6.370000E-8	0.002250
6.375000E-8	0.002134
6.380000E-8	0.002197
6.385000E-8	0.002319
6.390000E-8	0.002366
6.395000E-8	0.002525
6.400000E-8	0.002613
6.405000E-8	0.002778
6.410000E-8	0.002781
6.415000E-8	0.002863
6.420000E-8	0.002834
6.425000E-8	0.002931
6.430000E-8	0.002813
6.435000E-8	0.002713
6.440000E-8	0.002456
6.445000E-8	0.002463
6.450000E-8	0.002266
6.455000E-8	0.002188
6.460000E-8	0.002122
6.465000E-8	0.002106
6.470000E-8	0.002166
6.475000E-8	0.002284
6.480000E-8	0.002353
6.485000E-8	0.002628
6.490000E-8	0.002772
6.495000E-8	0.002884
6.500000E-8	0.003056
6.505000E-8	0.003041
6.510000E-8	0.003000
6.515000E-8	0.002903
6.520000E-8	0.002884
6.525000E-8	0.002863
6.530000E-8	0.002728
6.535000E-8	0.002600
6.540000E-8	0.002459
6.545000E-8	0.002409
6.550000E-8	0.002441
6.555000E-8	0.002484
6.560000E-8	0.002397
6.565000E-8	0.002506
6.570000E-8	0.002600
6.575000E-8	0.002631
6.580000E-8	0.002594
6.585000E-8	0.002672
6.590000E-8	0.002703
6.595000E-8	0.002847
6.600000E-8	0.002906
6.605000E-8	0.002963
6.610000E-8	0.002972
6.615000E-8	0.003003
6.620000E-8	0.002900
6.625000E-8	0.002866
6.630000E-8	0.002775
6.635000E-8	0.002669
6.640000E-8	0.002463
6.645000E-8	0.002488
6.650000E-8	0.002366
6.655000E-8	0.002309
6.660000E-8	0.002272
6.665000E-8	0.002328
6.670000E-8	0.002206
6.675000E-8	0.002450
6.680000E-8	0.002509
6.685000E-8	0.002744
6.690000E-8	0.002922
6.695000E-8	0.002969
6.700000E-8	0.003016
6.705000E-8	0.003050
6.710000E-8	0.002972
6.715000E-8	0.003044
6.720000E-8	0.002813
6.725000E-8	0.002775
6.730000E-8	0.002784
6.735000E-8	0.002644
6.740000E-8	0.002525
6.745000E-8	0.002453
6.750000E-8	0.002406
6.755000E-8	0.002494
6.760000E-8	0.002459
6.765000E-8	0.002575
6.770000E-8	0.002600
6.775000E-8	0.002747
6.780000E-8	0.002756
6.785000E-8	0.003053
6.790000E-8	0.003056
6.795000E-8	0.003091
6.800000E-8	0.003116
6.805000E-8	0.003134
6.810000E-8	0.003016
6.815000E-8	0.002922
6.820000E-8	0.002853
6.825000E-8	0.002778
6.830000E-8	0.002634
6.835000E-8	0.002606
6.840000E-8	0.002359
6.845000E-8	0.002425
6.850000E-8	0.002363
6.855000E-8	0.002366
6.860000E-8	0.002384
6.865000E-8	0.002450
6.870000E-8	0.002553
6.875000E-8	0.002750
6.880000E-8	0.002803
6.885000E-8	0.002997
6.890000E-8	0.003022
6.895000E-8	0.003056
6.900000E-8	0.003069
6.905000E-8	0.003047
6.910000E-8	0.002903
6.915000E-8	0.002825
6.920000E-8	0.002659
6.925000E-8	0.002522
6.930000E-8	0.002294
6.935000E-8	0.002288
6.940000E-8	0.002172
6.945000E-8	0.002216
6.950000E-8	0.002159
6.955000E-8	0.002213
6.960000E-8	0.002372
6.965000E-8	0.002544
6.970000E-8	0.002587
6.975000E-8	0.002775
6.980000E-8	0.002784
6.985000E-8	0.002909
6.990000E-8	0.002722
6.995000E-8	0.002819
7.000000E-8	0.002759
7.005000E-8	0.002684
7.010000E-8	0.002600
7.015000E-8	0.002625
7.020000E-8	0.002481
7.025000E-8	0.002512
7.030000E-8	0.002400
7.035000E-8	0.002466
7.040000E-8	0.002397
7.045000E-8	0.002394
7.050000E-8	0.002397
7.055000E-8	0.002384
7.060000E-8	0.002413
7.065000E-8	0.002422
7.070000E-8	0.002281
7.075000E-8	0.002453
7.080000E-8	0.002422
7.085000E-8	0.002525
7.090000E-8	0.002603
7.095000E-8	0.002691
7.100000E-8	0.002728
7.105000E-8	0.002719
7.110000E-8	0.002713
7.115000E-8	0.002641
7.120000E-8	0.002659
7.125000E-8	0.002684
7.130000E-8	0.002644
7.135000E-8	0.002650
7.140000E-8	0.002587
7.145000E-8	0.002716
7.150000E-8	0.002703
7.155000E-8	0.002800
7.160000E-8	0.002828
7.165000E-8	0.002888
7.170000E-8	0.002916
7.175000E-8	0.002931
7.180000E-8	0.002947
7.185000E-8	0.002906
7.190000E-8	0.002919
7.195000E-8	0.002925
7.200000E-8	0.002913
7.205000E-8	0.002869
7.210000E-8	0.002750
7.215000E-8	0.002788
7.220000E-8	0.002563
7.225000E-8	0.002575
7.230000E-8	0.002544
7.235000E-8	0.002516
7.240000E-8	0.002456
7.245000E-8	0.002400
7.250000E-8	0.002369
7.255000E-8	0.002466
7.260000E-8	0.002447
7.265000E-8	0.002500
7.270000E-8	0.002584
7.275000E-8	0.002713
7.280000E-8	0.002791
7.285000E-8	0.002841
7.290000E-8	0.002794
7.295000E-8	0.002903
7.300000E-8	0.002731
7.305000E-8	0.002731
7.310000E-8	0.002556
7.315000E-8	0.002409
7.320000E-8	0.002325
7.325000E-8	0.002291
7.330000E-8	0.002172
7.335000E-8	0.002288
7.340000E-8	0.002338
7.345000E-8	0.002422
7.350000E-8	0.002503
7.355000E-8	0.002700
7.360000E-8	0.002797
7.365000E-8	0.003003
7.370000E-8	0.002928
7.375000E-8	0.003084
7.380000E-8	0.003022
7.385000E-8	0.003119
7.390000E-8	0.002944
7.395000E-8	0.002872
7.400000E-8	0.002747
7.405000E-8	0.002822
7.410000E-8	0.002672
7.415000E-8	0.002572
7.420000E-8	0.002550
7.425000E-8	0.002600
7.430000E-8	0.002522
7.435000E-8	0.002472
7.440000E-8	0.002472
7.445000E-8	0.002600
7.450000E-8	0.002647
7.455000E-8	0.002697
7.460000E-8	0.002675
7.465000E-8	0.002809
7.470000E-8	0.002872
7.475000E-8	0.003022
7.480000E-8	0.003012
7.485000E-8	0.003087
7.490000E-8	0.003075
7.495000E-8	0.003238
7.500000E-8	0.003041
7.505000E-8	0.002934
7.510000E-8	0.002803
7.515000E-8	0.002709
7.520000E-8	0.002563
7.525000E-8	0.002494
7.530000E-8	0.002484
7.535000E-8	0.002428
7.540000E-8	0.002384
7.545000E-8	0.002534
7.550000E-8	0.002475
7.555000E-8	0.002728
7.560000E-8	0.002775
7.565000E-8	0.002941
7.570000E-8	0.002984
7.575000E-8	0.003025
7.580000E-8	0.002931
7.585000E-8	0.003000
7.590000E-8	0.002872
7.595000E-8	0.002828
7.600000E-8	0.002737
7.605000E-8	0.002563
7.610000E-8	0.002466
7.615000E-8	0.002522
7.620000E-8	0.002341
7.625000E-8	0.002284
7.630000E-8	0.002347
7.635000E-8	0.002453
7.640000E-8	0.002459
7.645000E-8	0.002512
7.650000E-8	0.002525
7.655000E-8	0.002716
7.660000E-8	0.002750
7.665000E-8	0.002863
7.670000E-8	0.002888
7.675000E-8	0.002850
7.680000E-8	0.002703
7.685000E-8	0.002731
7.690000E-8	0.002700
7.695000E-8	0.002709
7.700000E-8	0.002628
7.705000E-8	0.002556
7.710000E-8	0.002459
7.715000E-8	0.002425
7.720000E-8	0.002406
7.725000E-8	0.002497
7.730000E-8	0.002400
7.735000E-8	0.002478
7.740000E-8	0.002453
7.745000E-8	0.002444
7.750000E-8	0.002444
7.755000E-8	0.002650
7.760000E-8	0.002569
7.765000E-8	0.002791
7.770000E-8	0.002763
7.775000E-8	0.002819
7.780000E-8	0.002816
7.785000E-8	0.002791
7.790000E-8	0.002734
7.795000E-8	0.002722
7.800000E-8	0.002619
7.805000E-8	0.002578
7.810000E-8	0.002522
7.815000E-8	0.002603
7.820000E-8	0.002556
7.825000E-8	0.002553
7.830000E-8	0.002566
7.835000E-8	0.002659
7.840000E-8	0.002678
7.845000E-8	0.002825
7.850000E-8	0.002816
7.855000E-8	0.002816
7.860000E-8	0.002784
7.865000E-8	0.002859
7.870000E-8	0.002781
7.875000E-8	0.002853
7.880000E-8	0.002741
7.885000E-8	0.002719
7.890000E-8	0.002700
7.895000E-8	0.002694
7.900000E-8	0.002678
7.905000E-8	0.002584
7.910000E-8	0.002509
7.915000E-8	0.002503
7.920000E-8	0.002503
7.925000E-8	0.002625
7.930000E-8	0.002600
7.935000E-8	0.002559
7.940000E-8	0.002538
7.945000E-8	0.002669
7.950000E-8	0.002597
7.955000E-8	0.002613
7.960000E-8	0.002512
7.965000E-8	0.002463
7.970000E-8	0.002441
7.975000E-8	0.002500
7.980000E-8	0.002619
7.985000E-8	0.002591
7.990000E-8	0.002475
7.995000E-8	0.002519
8.000000E-8	0.002519
8.005000E-8	0.002488
8.010000E-8	0.002388
8.015000E-8	0.002384
8.020000E-8	0.002384
8.025000E-8	0.002488
8.030000E-8	0.002466
8.035000E-8	0.002566
8.040000E-8	0.002534
8.045000E-8	0.002625
8.050000E-8	0.002669
8.055000E-8	0.002813
8.060000E-8	0.002747
8.065000E-8	0.002900
8.070000E-8	0.002900
8.075000E-8	0.002969
8.080000E-8	0.002863
8.085000E-8	0.002928
8.090000E-8	0.002919
8.095000E-8	0.002963
8.100000E-8	0.002822
8.105000E-8	0.002794
8.110000E-8	0.002722
8.115000E-8	0.002653
8.120000E-8	0.002553
8.125000E-8	0.002538
8.130000E-8	0.002616
8.135000E-8	0.002578
8.140000E-8	0.002609
8.145000E-8	0.002606
8.150000E-8	0.002706
8.155000E-8	0.002766
8.160000E-8	0.002697
8.165000E-8	0.002750
8.170000E-8	0.002688
8.175000E-8	0.002662
8.180000E-8	0.002544
8.185000E-8	0.002478
8.190000E-8	0.002325
8.195000E-8	0.002253
8.200000E-8	0.002162
8.205000E-8	0.002084
8.210000E-8	0.001941
8.215000E-8	0.001994
8.220000E-8	0.001991
8.225000E-8	0.002100
8.230000E-8	0.002094
8.235000E-8	0.002234
8.240000E-8	0.002328
8.245000E-8	0.002453
8.250000E-8	0.002603
8.255000E-8	0.002703
8.260000E-8	0.002603
8.265000E-8	0.002631
8.270000E-8	0.002713
8.275000E-8	0.002725
8.280000E-8	0.002672
8.285000E-8	0.002597
8.290000E-8	0.002531
8.295000E-8	0.002553
8.300000E-8	0.002441
8.305000E-8	0.002466
8.310000E-8	0.002525
8.315000E-8	0.002506
8.320000E-8	0.002541
8.325000E-8	0.002600
8.330000E-8	0.002581
8.335000E-8	0.002516
8.340000E-8	0.002625
8.345000E-8	0.002694
8.350000E-8	0.002691
8.355000E-8	0.002784
8.360000E-8	0.002744
8.365000E-8	0.002788
8.370000E-8	0.002813
8.375000E-8	0.002784
8.380000E-8	0.002706
8.385000E-8	0.002706
8.390000E-8	0.002772
8.395000E-8	0.002903
8.400000E-8	0.002881
8.405000E-8	0.002909
8.410000E-8	0.002847
8.415000E-8	0.002800
8.420000E-8	0.002791
8.425000E-8	0.002628
8.430000E-8	0.002609
8.435000E-8	0.002694
8.440000E-8	0.002591
8.445000E-8	0.002653
8.450000E-8	0.002706
8.455000E-8	0.002784
8.460000E-8	0.002744
8.465000E-8	0.002763
8.470000E-8	0.002825
8.475000E-8	0.002794
8.480000E-8	0.002719
8.485000E-8	0.002784
8.490000E-8	0.002591
8.495000E-8	0.002541
8.500000E-8	0.002413
8.505000E-8	0.002359
8.510000E-8	0.002316
8.515000E-8	0.002259
8.520000E-8	0.002344
8.525000E-8	0.002400
8.530000E-8	0.002441
8.535000E-8	0.002512
8.540000E-8	0.002628
8.545000E-8	0.002769
8.550000E-8	0.002788
8.555000E-8	0.002841
8.560000E-8	0.002844
8.565000E-8	0.002850
8.570000E-8	0.002859
8.575000E-8	0.002881
8.580000E-8	0.002866
8.585000E-8	0.002894
8.590000E-8	0.002766
8.595000E-8	0.002781
8.600000E-8	0.002753
8.605000E-8	0.002750
8.610000E-8	0.002594
8.615000E-8	0.002666
8.620000E-8	0.002581
8.625000E-8	0.002597
8.630000E-8	0.002525
8.635000E-8	0.002488
8.640000E-8	0.002459
8.645000E-8	0.002481
8.650000E-8	0.002541
8.655000E-8	0.002563
8.660000E-8	0.002484
8.665000E-8	0.002509
8.670000E-8	0.002553
8.675000E-8	0.002581
8.680000E-8	0.002600
8.685000E-8	0.002578
8.690000E-8	0.002584
8.695000E-8	0.002475
8.700000E-8	0.002516
8.705000E-8	0.002566
8.710000E-8	0.002584
8.715000E-8	0.002638
8.720000E-8	0.002609
8.725000E-8	0.002644
8.730000E-8	0.002603
8.735000E-8	0.002719
8.740000E-8	0.002625
8.745000E-8	0.002662
8.750000E-8	0.002650
8.755000E-8	0.002566
8.760000E-8	0.002528
8.765000E-8	0.002494
8.770000E-8	0.002463
8.775000E-8	0.002406
8.780000E-8	0.002338
8.785000E-8	0.002341
8.790000E-8	0.002347
8.795000E-8	0.002353
8.800000E-8	0.002313
8.805000E-8	0.002275
8.810000E-8	0.002259
8.815000E-8	0.002288
8.820000E-8	0.002237
8.825000E-8	0.002328
8.830000E-8	0.002219
8.835000E-8	0.002363
8.840000E-8	0.002259
8.845000E-8	0.002353
8.850000E-8	0.002425
8.855000E-8	0.002569
8.860000E-8	0.002497
8.865000E-8	0.002638
8.870000E-8	0.002816
8.875000E-8	0.002778
8.880000E-8	0.002609
8.885000E-8	0.002616
8.890000E-8	0.002566
8.895000E-8	0.002466
8.900000E-8	0.002472
8.905000E-8	0.002397
8.910000E-8	0.002322
8.915000E-8	0.002409
8.920000E-8	0.002338
8.925000E-8	0.002459
8.930000E-8	0.002391
8.935000E-8	0.002378
8.940000E-8	0.002534
8.945000E-8	0.002584
8.950000E-8	0.002566
8.955000E-8	0.002681
8.960000E-8	0.002734
8.965000E-8	0.002838
8.970000E-8	0.002741
8.975000E-8	0.002625
8.980000E-8	0.002450
8.985000E-8	0.002497
8.990000E-8	0.002416
8.995000E-8	0.002347
9.000000E-8	0.002256
9.005000E-8	0.002431
9.010000E-8	0.002475
9.015000E-8	0.002522
9.020000E-8	0.002662
9.025000E-8	0.002847
9.030000E-8	0.002963
9.035000E-8	0.003009
9.040000E-8	0.002984
9.045000E-8	0.003012
9.050000E-8	0.002953
9.055000E-8	0.002772
9.060000E-8	0.002656
9.065000E-8	0.002566
9.070000E-8	0.002475
9.075000E-8	0.002431
9.080000E-8	0.002388
9.085000E-8	0.002463
9.090000E-8	0.002553
9.095000E-8	0.002581
9.100000E-8	0.002650
9.105000E-8	0.002813
9.110000E-8	0.002800
9.115000E-8	0.002831
9.120000E-8	0.002800
9.125000E-8	0.002897
9.130000E-8	0.002850
9.135000E-8	0.002906
9.140000E-8	0.002831
9.145000E-8	0.002788
9.150000E-8	0.002600
9.155000E-8	0.002616
9.160000E-8	0.002522
9.165000E-8	0.002384
9.170000E-8	0.002322
9.175000E-8	0.002400
9.180000E-8	0.002331
9.185000E-8	0.002363
9.190000E-8	0.002303
9.195000E-8	0.002534
9.200000E-8	0.002500
9.205000E-8	0.002662
9.210000E-8	0.002606
9.215000E-8	0.002728
9.220000E-8	0.002778
9.225000E-8	0.002888
9.230000E-8	0.002891
9.235000E-8	0.002944
9.240000E-8	0.002859
9.245000E-8	0.002875
9.250000E-8	0.002734
9.255000E-8	0.002638
9.260000E-8	0.002584
9.265000E-8	0.002597
9.270000E-8	0.002528
9.275000E-8	0.002512
9.280000E-8	0.002488
9.285000E-8	0.002503
9.290000E-8	0.002338
9.295000E-8	0.002369
9.300000E-8	0.002328
9.305000E-8	0.002416
9.310000E-8	0.002306
9.315000E-8	0.002353
9.320000E-8	0.002428
9.325000E-8	0.002463
9.330000E-8	0.002453
9.335000E-8	0.002469
9.340000E-8	0.002328
9.345000E-8	0.002413
9.350000E-8	0.002441
9.355000E-8	0.002547
9.360000E-8	0.002475
9.365000E-8	0.002378
9.370000E-8	0.002381
9.375000E-8	0.002541
9.380000E-8	0.002547
9.385000E-8	0.002575
9.390000E-8	0.002491
9.395000E-8	0.002553
9.400000E-8	0.002541
9.405000E-8	0.002534
9.410000E-8	0.002494
9.415000E-8	0.002544
9.420000E-8	0.002584
9.425000E-8	0.002653
9.430000E-8	0.002584
9.435000E-8	0.002728
9.440000E-8	0.002638
9.445000E-8	0.002763
9.450000E-8	0.002806
9.455000E-8	0.002869
9.460000E-8	0.002878
9.465000E-8	0.002950
9.470000E-8	0.002919
9.475000E-8	0.002813
9.480000E-8	0.002925
9.485000E-8	0.002963
9.490000E-8	0.002809
9.495000E-8	0.002875
9.500000E-8	0.002859
9.505000E-8	0.002781
9.510000E-8	0.002744
9.515000E-8	0.002681
9.520000E-8	0.002531
9.525000E-8	0.002591
9.530000E-8	0.002559
9.535000E-8	0.002500
9.540000E-8	0.002447
9.545000E-8	0.002413
9.550000E-8	0.002394
9.555000E-8	0.002350
9.560000E-8	0.002116
9.565000E-8	0.002178
9.570000E-8	0.002144
9.575000E-8	0.002169
9.580000E-8	0.002166
9.585000E-8	0.002278
9.590000E-8	0.002397
9.595000E-8	0.002394
9.600000E-8	0.002456
9.605000E-8	0.002509
9.610000E-8	0.002500
9.615000E-8	0.002509
9.620000E-8	0.002531
9.625000E-8	0.002613
9.630000E-8	0.002531
9.635000E-8	0.002713
9.640000E-8	0.002678
9.645000E-8	0.002788
9.650000E-8	0.002737
9.655000E-8	0.002772
9.660000E-8	0.002688
9.665000E-8	0.002659
9.670000E-8	0.002587
9.675000E-8	0.002556
9.680000E-8	0.002525
9.685000E-8	0.002531
9.690000E-8	0.002469
9.695000E-8	0.002522
9.700000E-8	0.002559
9.705000E-8	0.002450
9.710000E-8	0.002550
9.715000E-8	0.002550
9.720000E-8	0.002541
9.725000E-8	0.002681
9.730000E-8	0.002691
9.735000E-8	0.002694
9.740000E-8	0.002659
9.745000E-8	0.002656
9.750000E-8	0.002597
9.755000E-8	0.002616
9.760000E-8	0.002397
9.765000E-8	0.002381
9.770000E-8	0.002363
9.775000E-8	0.002481
9.780000E-8	0.002428
9.785000E-8	0.002472
9.790000E-8	0.002456
9.795000E-8	0.002566
9.800000E-8	0.002584
9.805000E-8	0.002662
9.810000E-8	0.002613
9.815000E-8	0.002653
9.820000E-8	0.002703
9.825000E-8	0.002678
9.830000E-8	0.002662
9.835000E-8	0.002725
9.840000E-8	0.002659
9.845000E-8	0.002631
9.850000E-8	0.002600
9.855000E-8	0.002428
9.860000E-8	0.002344
9.865000E-8	0.002284
9.870000E-8	0.002188
9.875000E-8	0.002237
9.880000E-8	0.002169
9.885000E-8	0.002322
9.890000E-8	0.002469
9.895000E-8	0.002566
9.900000E-8	0.002691
9.905000E-8	0.002778
9.910000E-8	0.002631
9.915000E-8	0.002669
9.920000E-8	0.002647
9.925000E-8	0.002759
9.930000E-8	0.002669
9.935000E-8	0.002572
9.940000E-8	0.002463
9.945000E-8	0.002428
9.950000E-8	0.002319
9.955000E-8	0.002384
9.960000E-8	0.002334
9.965000E-8	0.002553
9.970000E-8	0.002591
9.975000E-8	0.002500
9.980000E-8	0.002600
9.985000E-8	0.002531
9.990000E-8	0.002447
9.995000E-8	0.002388
