LabVIEW Measurement	
Writer_Version	2
Reader_Version	2
Separator	Tab
Decimal_Separator	.
Multi_Headings	No
X_Columns	Multi
Time_Pref	Relative
Operator	TG lab
Date	2015/03/06
Time	18:23:58.3830313682556152344
***End_of_Header***	
	
Channels	1	
Samples	2000	
Date	1903/12/31	
Time	19:00:00	
X_Dimension	Time	
X0	0.0000000000000000E+0	
Delta_X	5.000000E-11	
***End_of_Header***		
X_Value	Untitled	Comment
0.000000	0.001634
5.000000E-11	0.001609
1.000000E-10	0.001738
1.500000E-10	0.001806
2.000000E-10	0.001731
2.500000E-10	0.001775
3.000000E-10	0.001713
3.500000E-10	0.001800
4.000000E-10	0.001941
4.500000E-10	0.001934
5.000000E-10	0.001884
5.500000E-10	0.001934
6.000000E-10	0.001781
6.500000E-10	0.001959
7.000000E-10	0.001775
7.500000E-10	0.001794
8.000000E-10	0.001756
8.500000E-10	0.001747
9.000000E-10	0.001631
9.500000E-10	0.001588
1.000000E-9	0.001616
1.050000E-9	0.001581
1.100000E-9	0.001538
1.150000E-9	0.001609
1.200000E-9	0.001519
1.250000E-9	0.001684
1.300000E-9	0.001616
1.350000E-9	0.001709
1.400000E-9	0.001631
1.450000E-9	0.001716
1.500000E-9	0.001747
1.550000E-9	0.001684
1.600000E-9	0.001728
1.650000E-9	0.001706
1.700000E-9	0.001628
1.750000E-9	0.001622
1.800000E-9	0.001538
1.850000E-9	0.001397
1.900000E-9	0.001362
1.950000E-9	0.001381
2.000000E-9	0.001281
2.050000E-9	0.001194
2.100000E-9	0.001006
2.150000E-9	0.001034
2.200000E-9	0.000925
2.250000E-9	0.000925
2.300000E-9	0.000941
2.350000E-9	0.000963
2.400000E-9	0.001063
2.450000E-9	0.001187
2.500000E-9	0.001294
2.550000E-9	0.001425
2.600000E-9	0.001419
2.650000E-9	0.001478
2.700000E-9	0.001403
2.750000E-9	0.001422
2.800000E-9	0.001331
2.850000E-9	0.001406
2.900000E-9	0.001350
2.950000E-9	0.001375
3.000000E-9	0.001366
3.050000E-9	0.001266
3.100000E-9	0.001316
3.150000E-9	0.001466
3.200000E-9	0.001437
3.250000E-9	0.001544
3.300000E-9	0.001559
3.350000E-9	0.001544
3.400000E-9	0.001434
3.450000E-9	0.001431
3.500000E-9	0.001406
3.550000E-9	0.001334
3.600000E-9	0.001256
3.650000E-9	0.001153
3.700000E-9	0.001125
3.750000E-9	0.001116
3.800000E-9	0.001150
3.850000E-9	0.001181
3.900000E-9	0.001156
3.950000E-9	0.001222
4.000000E-9	0.001375
4.050000E-9	0.001566
4.100000E-9	0.001678
4.150000E-9	0.001838
4.200000E-9	0.001981
4.250000E-9	0.002097
4.300000E-9	0.002231
4.350000E-9	0.002344
4.400000E-9	0.002406
4.450000E-9	0.002606
4.500000E-9	0.002856
4.550000E-9	0.003144
4.600000E-9	0.003288
4.650000E-9	0.003406
4.700000E-9	0.003384
4.750000E-9	0.003275
4.800000E-9	0.002784
4.850000E-9	0.002069
4.900000E-9	0.001031
4.950000E-9	-0.000634
5.000000E-9	-0.002625
5.050000E-9	-0.004975
5.100000E-9	-0.007653
5.150000E-9	-0.010513
5.200000E-9	-0.013731
5.250000E-9	-0.016903
5.300000E-9	-0.019912
5.350000E-9	-0.022647
5.400000E-9	-0.025247
5.450000E-9	-0.027478
5.500000E-9	-0.029359
5.550000E-9	-0.030703
5.600000E-9	-0.031641
5.650000E-9	-0.032091
5.700000E-9	-0.032153
5.750000E-9	-0.031719
5.800000E-9	-0.030975
5.850000E-9	-0.029856
5.900000E-9	-0.028553
5.950000E-9	-0.026884
6.000000E-9	-0.025075
6.050000E-9	-0.023206
6.100000E-9	-0.021434
6.150000E-9	-0.019828
6.200000E-9	-0.018472
6.250000E-9	-0.017400
6.300000E-9	-0.016941
6.350000E-9	-0.016691
6.400000E-9	-0.016697
6.450000E-9	-0.017153
6.500000E-9	-0.017609
6.550000E-9	-0.018188
6.600000E-9	-0.018963
6.650000E-9	-0.019666
6.700000E-9	-0.020172
6.750000E-9	-0.020853
6.800000E-9	-0.021313
6.850000E-9	-0.021625
6.900000E-9	-0.021744
6.950000E-9	-0.021697
7.000000E-9	-0.021506
7.050000E-9	-0.020881
7.100000E-9	-0.020259
7.150000E-9	-0.019388
7.200000E-9	-0.018328
7.250000E-9	-0.017059
7.300000E-9	-0.015681
7.350000E-9	-0.014241
7.400000E-9	-0.012941
7.450000E-9	-0.011684
7.500000E-9	-0.010725
7.550000E-9	-0.009884
7.600000E-9	-0.009325
7.650000E-9	-0.008941
7.700000E-9	-0.008997
7.750000E-9	-0.009116
7.800000E-9	-0.009550
7.850000E-9	-0.009984
7.900000E-9	-0.010684
7.950000E-9	-0.011359
8.000000E-9	-0.012003
8.050000E-9	-0.012572
8.100000E-9	-0.013144
8.150000E-9	-0.013613
8.200000E-9	-0.013938
8.250000E-9	-0.013925
8.300000E-9	-0.013853
8.350000E-9	-0.013562
8.400000E-9	-0.012997
8.450000E-9	-0.012303
8.500000E-9	-0.011522
8.550000E-9	-0.010666
8.600000E-9	-0.009616
8.650000E-9	-0.008494
8.700000E-9	-0.007469
8.750000E-9	-0.006516
8.800000E-9	-0.005747
8.850000E-9	-0.004950
8.900000E-9	-0.004359
8.950000E-9	-0.004003
9.000000E-9	-0.004013
9.050000E-9	-0.004191
9.100000E-9	-0.004644
9.150000E-9	-0.005222
9.200000E-9	-0.005834
9.250000E-9	-0.006563
9.300000E-9	-0.007450
9.350000E-9	-0.008150
9.400000E-9	-0.008872
9.450000E-9	-0.009372
9.500000E-9	-0.009803
9.550000E-9	-0.010003
9.600000E-9	-0.010084
9.650000E-9	-0.009947
9.700000E-9	-0.009647
9.750000E-9	-0.009016
9.800000E-9	-0.008384
9.850000E-9	-0.007500
9.900000E-9	-0.006700
9.950000E-9	-0.005741
1.000000E-8	-0.004866
1.005000E-8	-0.003928
1.010000E-8	-0.003197
1.015000E-8	-0.002459
1.020000E-8	-0.001997
1.025000E-8	-0.001522
1.030000E-8	-0.001375
1.035000E-8	-0.001306
1.040000E-8	-0.001431
1.045000E-8	-0.001778
1.050000E-8	-0.002400
1.055000E-8	-0.002972
1.060000E-8	-0.003669
1.065000E-8	-0.004309
1.070000E-8	-0.005047
1.075000E-8	-0.005666
1.080000E-8	-0.006181
1.085000E-8	-0.006647
1.090000E-8	-0.006897
1.095000E-8	-0.006856
1.100000E-8	-0.006744
1.105000E-8	-0.006472
1.110000E-8	-0.006097
1.115000E-8	-0.005444
1.120000E-8	-0.004753
1.125000E-8	-0.003825
1.130000E-8	-0.003134
1.135000E-8	-0.002253
1.140000E-8	-0.001506
1.145000E-8	-0.000731
1.150000E-8	-0.000281
1.155000E-8	4.687500E-5
1.160000E-8	0.000256
1.165000E-8	0.000294
1.170000E-8	0.000225
1.175000E-8	-9.375000E-5
1.180000E-8	-0.000659
1.185000E-8	-0.001216
1.190000E-8	-0.001903
1.195000E-8	-0.002528
1.200000E-8	-0.003263
1.205000E-8	-0.003784
1.210000E-8	-0.004409
1.215000E-8	-0.005041
1.220000E-8	-0.005306
1.225000E-8	-0.005438
1.230000E-8	-0.005569
1.235000E-8	-0.005425
1.240000E-8	-0.005141
1.245000E-8	-0.004563
1.250000E-8	-0.003931
1.255000E-8	-0.003234
1.260000E-8	-0.002541
1.265000E-8	-0.001622
1.270000E-8	-0.000728
1.275000E-8	0.000131
1.280000E-8	0.000638
1.285000E-8	0.001147
1.290000E-8	0.001538
1.295000E-8	0.001750
1.300000E-8	0.001800
1.305000E-8	0.001716
1.310000E-8	0.001288
1.315000E-8	0.000881
1.320000E-8	0.000237
1.325000E-8	-0.000416
1.330000E-8	-0.001169
1.335000E-8	-0.001713
1.340000E-8	-0.002522
1.345000E-8	-0.003091
1.350000E-8	-0.003678
1.355000E-8	-0.004072
1.360000E-8	-0.004262
1.365000E-8	-0.004178
1.370000E-8	-0.003894
1.375000E-8	-0.003494
1.380000E-8	-0.002847
1.385000E-8	-0.002066
1.390000E-8	-0.001331
1.395000E-8	-0.000459
1.400000E-8	0.000488
1.405000E-8	0.001416
1.410000E-8	0.002119
1.415000E-8	0.002659
1.420000E-8	0.002997
1.425000E-8	0.003259
1.430000E-8	0.003169
1.435000E-8	0.002956
1.440000E-8	0.002597
1.445000E-8	0.001975
1.450000E-8	0.001347
1.455000E-8	0.000491
1.460000E-8	-0.000316
1.465000E-8	-0.001019
1.470000E-8	-0.001800
1.475000E-8	-0.002359
1.480000E-8	-0.002906
1.485000E-8	-0.003200
1.490000E-8	-0.003497
1.495000E-8	-0.003538
1.500000E-8	-0.003431
1.505000E-8	-0.003059
1.510000E-8	-0.002506
1.515000E-8	-0.001816
1.520000E-8	-0.001147
1.525000E-8	-0.000275
1.530000E-8	0.000581
1.535000E-8	0.001519
1.540000E-8	0.002266
1.545000E-8	0.003006
1.550000E-8	0.003484
1.555000E-8	0.003806
1.560000E-8	0.003838
1.565000E-8	0.003750
1.570000E-8	0.003238
1.575000E-8	0.002616
1.580000E-8	0.001903
1.585000E-8	0.001272
1.590000E-8	0.000294
1.595000E-8	-0.000525
1.600000E-8	-0.001444
1.605000E-8	-0.002078
1.610000E-8	-0.002525
1.615000E-8	-0.002809
1.620000E-8	-0.003053
1.625000E-8	-0.002900
1.630000E-8	-0.002569
1.635000E-8	-0.002078
1.640000E-8	-0.001459
1.645000E-8	-0.000841
1.650000E-8	2.812500E-5
1.655000E-8	0.001012
1.660000E-8	0.001803
1.665000E-8	0.002631
1.670000E-8	0.003303
1.675000E-8	0.003938
1.680000E-8	0.004416
1.685000E-8	0.004572
1.690000E-8	0.004631
1.695000E-8	0.004472
1.700000E-8	0.004138
1.705000E-8	0.003644
1.710000E-8	0.002850
1.715000E-8	0.001994
1.720000E-8	0.001231
1.725000E-8	0.000375
1.730000E-8	-0.000516
1.735000E-8	-0.001306
1.740000E-8	-0.001975
1.745000E-8	-0.002350
1.750000E-8	-0.002753
1.755000E-8	-0.002809
1.760000E-8	-0.002584
1.765000E-8	-0.002156
1.770000E-8	-0.001678
1.775000E-8	-0.000991
1.780000E-8	-0.000103
1.785000E-8	0.000778
1.790000E-8	0.001638
1.795000E-8	0.002491
1.800000E-8	0.003138
1.805000E-8	0.003681
1.810000E-8	0.004009
1.815000E-8	0.004172
1.820000E-8	0.004163
1.825000E-8	0.003888
1.830000E-8	0.003478
1.835000E-8	0.003009
1.840000E-8	0.002494
1.845000E-8	0.001725
1.850000E-8	0.000922
1.855000E-8	0.000166
1.860000E-8	-0.000519
1.865000E-8	-0.001103
1.870000E-8	-0.001697
1.875000E-8	-0.001953
1.880000E-8	-0.002222
1.885000E-8	-0.002159
1.890000E-8	-0.002084
1.895000E-8	-0.001775
1.900000E-8	-0.001181
1.905000E-8	-0.000456
1.910000E-8	0.000203
1.915000E-8	0.001134
1.920000E-8	0.001872
1.925000E-8	0.002741
1.930000E-8	0.003338
1.935000E-8	0.003950
1.940000E-8	0.004356
1.945000E-8	0.004738
1.950000E-8	0.004891
1.955000E-8	0.004731
1.960000E-8	0.004444
1.965000E-8	0.004028
1.970000E-8	0.003438
1.975000E-8	0.002709
1.980000E-8	0.001875
1.985000E-8	0.000991
1.990000E-8	0.000141
1.995000E-8	-0.000497
2.000000E-8	-0.001231
2.005000E-8	-0.001509
2.010000E-8	-0.001703
2.015000E-8	-0.001722
2.020000E-8	-0.001694
2.025000E-8	-0.001378
2.030000E-8	-0.000869
2.035000E-8	-0.000291
2.040000E-8	0.000284
2.045000E-8	0.000972
2.050000E-8	0.001628
2.055000E-8	0.002391
2.060000E-8	0.002841
2.065000E-8	0.003419
2.070000E-8	0.003813
2.075000E-8	0.003981
2.080000E-8	0.003888
2.085000E-8	0.003700
2.090000E-8	0.003534
2.095000E-8	0.003156
2.100000E-8	0.002684
2.105000E-8	0.002144
2.110000E-8	0.001475
2.115000E-8	0.000928
2.120000E-8	0.000197
2.125000E-8	-0.000341
2.130000E-8	-0.000831
2.135000E-8	-0.001181
2.140000E-8	-0.001409
2.145000E-8	-0.001484
2.150000E-8	-0.001456
2.155000E-8	-0.001294
2.160000E-8	-0.001069
2.165000E-8	-0.000569
2.170000E-8	-5.000000E-5
2.175000E-8	0.000550
2.180000E-8	0.001228
2.185000E-8	0.001972
2.190000E-8	0.002641
2.195000E-8	0.003216
2.200000E-8	0.003794
2.205000E-8	0.004022
2.210000E-8	0.004259
2.215000E-8	0.004309
2.220000E-8	0.004262
2.225000E-8	0.004009
2.230000E-8	0.003569
2.235000E-8	0.003069
2.240000E-8	0.002488
2.245000E-8	0.001863
2.250000E-8	0.001228
2.255000E-8	0.000703
2.260000E-8	0.000141
2.265000E-8	-0.000353
2.270000E-8	-0.000763
2.275000E-8	-0.000994
2.280000E-8	-0.001081
2.285000E-8	-0.001000
2.290000E-8	-0.000622
2.295000E-8	-0.000247
2.300000E-8	0.000106
2.305000E-8	0.000719
2.310000E-8	0.001413
2.315000E-8	0.002116
2.320000E-8	0.002719
2.325000E-8	0.003350
2.330000E-8	0.003925
2.335000E-8	0.004303
2.340000E-8	0.004416
2.345000E-8	0.004603
2.350000E-8	0.004534
2.355000E-8	0.004247
2.360000E-8	0.003831
2.365000E-8	0.003347
2.370000E-8	0.002659
2.375000E-8	0.001941
2.380000E-8	0.001259
2.385000E-8	0.000553
2.390000E-8	-8.750000E-5
2.395000E-8	-0.000566
2.400000E-8	-0.000934
2.405000E-8	-0.001116
2.410000E-8	-0.001138
2.415000E-8	-0.001009
2.420000E-8	-0.000847
2.425000E-8	-0.000481
2.430000E-8	-1.562500E-5
2.435000E-8	0.000625
2.440000E-8	0.001187
2.445000E-8	0.001906
2.450000E-8	0.002450
2.455000E-8	0.003106
2.460000E-8	0.003581
2.465000E-8	0.004116
2.470000E-8	0.004341
2.475000E-8	0.004544
2.480000E-8	0.004478
2.485000E-8	0.004422
2.490000E-8	0.004025
2.495000E-8	0.003466
2.500000E-8	0.002741
2.505000E-8	0.002134
2.510000E-8	0.001394
2.515000E-8	0.000644
2.520000E-8	-4.687500E-5
2.525000E-8	-0.000575
2.530000E-8	-0.001019
2.535000E-8	-0.001231
2.540000E-8	-0.001269
2.545000E-8	-0.001100
2.550000E-8	-0.000925
2.555000E-8	-0.000434
2.560000E-8	0.000131
2.565000E-8	0.000797
2.570000E-8	0.001372
2.575000E-8	0.002087
2.580000E-8	0.002662
2.585000E-8	0.003331
2.590000E-8	0.003797
2.595000E-8	0.004131
2.600000E-8	0.004363
2.605000E-8	0.004434
2.610000E-8	0.004419
2.615000E-8	0.004213
2.620000E-8	0.003828
2.625000E-8	0.003391
2.630000E-8	0.002859
2.635000E-8	0.002166
2.640000E-8	0.001434
2.645000E-8	0.000828
2.650000E-8	0.000125
2.655000E-8	-0.000484
2.660000E-8	-0.000947
2.665000E-8	-0.001172
2.670000E-8	-0.001222
2.675000E-8	-0.001156
2.680000E-8	-0.000972
2.685000E-8	-0.000463
2.690000E-8	0.000147
2.695000E-8	0.000703
2.700000E-8	0.001388
2.705000E-8	0.002119
2.710000E-8	0.002769
2.715000E-8	0.003403
2.720000E-8	0.003809
2.725000E-8	0.004103
2.730000E-8	0.004366
2.735000E-8	0.004284
2.740000E-8	0.004122
2.745000E-8	0.003881
2.750000E-8	0.003475
2.755000E-8	0.002966
2.760000E-8	0.002497
2.765000E-8	0.001900
2.770000E-8	0.001238
2.775000E-8	0.000638
2.780000E-8	-1.562500E-5
2.785000E-8	-0.000263
2.790000E-8	-0.000612
2.795000E-8	-0.000856
2.800000E-8	-0.000806
2.805000E-8	-0.000681
2.810000E-8	-0.000469
2.815000E-8	-6.562500E-5
2.820000E-8	0.000475
2.825000E-8	0.001203
2.830000E-8	0.001831
2.835000E-8	0.002406
2.840000E-8	0.003078
2.845000E-8	0.003628
2.850000E-8	0.004000
2.855000E-8	0.004328
2.860000E-8	0.004500
2.865000E-8	0.004509
2.870000E-8	0.004356
2.875000E-8	0.004125
2.880000E-8	0.003794
2.885000E-8	0.003356
2.890000E-8	0.002684
2.895000E-8	0.002184
2.900000E-8	0.001612
2.905000E-8	0.001019
2.910000E-8	0.000531
2.915000E-8	0.000144
2.920000E-8	-0.000228
2.925000E-8	-0.000403
2.930000E-8	-0.000516
2.935000E-8	-0.000488
2.940000E-8	-0.000378
2.945000E-8	-5.937500E-5
2.950000E-8	0.000284
2.955000E-8	0.000803
2.960000E-8	0.001288
2.965000E-8	0.001931
2.970000E-8	0.002309
2.975000E-8	0.002909
2.980000E-8	0.003475
2.985000E-8	0.003797
2.990000E-8	0.003953
2.995000E-8	0.004041
3.000000E-8	0.004006
3.005000E-8	0.003853
3.010000E-8	0.003597
3.015000E-8	0.003425
3.020000E-8	0.002913
3.025000E-8	0.002313
3.030000E-8	0.001666
3.035000E-8	0.001228
3.040000E-8	0.000713
3.045000E-8	0.000231
3.050000E-8	-0.000150
3.055000E-8	-0.000372
3.060000E-8	-0.000519
3.065000E-8	-0.000522
3.070000E-8	-0.000416
3.075000E-8	-0.000106
3.080000E-8	0.000181
3.085000E-8	0.000722
3.090000E-8	0.001219
3.095000E-8	0.001850
3.100000E-8	0.002413
3.105000E-8	0.002969
3.110000E-8	0.003331
3.115000E-8	0.003672
3.120000E-8	0.003844
3.125000E-8	0.004019
3.130000E-8	0.004056
3.135000E-8	0.003913
3.140000E-8	0.003581
3.145000E-8	0.003375
3.150000E-8	0.002978
3.155000E-8	0.002581
3.160000E-8	0.002125
3.165000E-8	0.001500
3.170000E-8	0.000838
3.175000E-8	0.000434
3.180000E-8	4.062500E-5
3.185000E-8	-0.000163
3.190000E-8	-0.000344
3.195000E-8	-0.000406
3.200000E-8	-0.000306
3.205000E-8	-0.000106
3.210000E-8	0.000175
3.215000E-8	0.000519
3.220000E-8	0.000981
3.225000E-8	0.001491
3.230000E-8	0.001919
3.235000E-8	0.002416
3.240000E-8	0.002869
3.245000E-8	0.003263
3.250000E-8	0.003566
3.255000E-8	0.003763
3.260000E-8	0.003809
3.265000E-8	0.003906
3.270000E-8	0.003706
3.275000E-8	0.003500
3.280000E-8	0.003291
3.285000E-8	0.002866
3.290000E-8	0.002406
3.295000E-8	0.001894
3.300000E-8	0.001266
3.305000E-8	0.000803
3.310000E-8	0.000334
3.315000E-8	-1.875000E-5
3.320000E-8	-0.000384
3.325000E-8	-0.000428
3.330000E-8	-0.000363
3.335000E-8	-0.000291
3.340000E-8	4.375000E-5
3.345000E-8	0.000581
3.350000E-8	0.000956
3.355000E-8	0.001597
3.360000E-8	0.002075
3.365000E-8	0.002531
3.370000E-8	0.002956
3.375000E-8	0.003397
3.380000E-8	0.003713
3.385000E-8	0.003956
3.390000E-8	0.004175
3.395000E-8	0.004194
3.400000E-8	0.004053
3.405000E-8	0.003881
3.410000E-8	0.003650
3.415000E-8	0.003234
3.420000E-8	0.002688
3.425000E-8	0.002109
3.430000E-8	0.001466
3.435000E-8	0.000816
3.440000E-8	0.000444
3.445000E-8	2.812500E-5
3.450000E-8	-0.000297
3.455000E-8	-0.000369
3.460000E-8	-0.000397
3.465000E-8	-0.000159
3.470000E-8	3.750000E-5
3.475000E-8	0.000556
3.480000E-8	0.000988
3.485000E-8	0.001525
3.490000E-8	0.002031
3.495000E-8	0.002572
3.500000E-8	0.003003
3.505000E-8	0.003394
3.510000E-8	0.003631
3.515000E-8	0.003819
3.520000E-8	0.003853
3.525000E-8	0.003828
3.530000E-8	0.003725
3.535000E-8	0.003481
3.540000E-8	0.003113
3.545000E-8	0.002913
3.550000E-8	0.002437
3.555000E-8	0.002022
3.560000E-8	0.001516
3.565000E-8	0.001006
3.570000E-8	0.000537
3.575000E-8	0.000309
3.580000E-8	6.250000E-6
3.585000E-8	-5.000000E-5
3.590000E-8	-0.000122
3.595000E-8	8.125000E-5
3.600000E-8	0.000531
3.605000E-8	0.000872
3.610000E-8	0.001159
3.615000E-8	0.001759
3.620000E-8	0.002050
3.625000E-8	0.002563
3.630000E-8	0.002913
3.635000E-8	0.003156
3.640000E-8	0.003566
3.645000E-8	0.003866
3.650000E-8	0.003941
3.655000E-8	0.003953
3.660000E-8	0.003847
3.665000E-8	0.003625
3.670000E-8	0.003300
3.675000E-8	0.002947
3.680000E-8	0.002416
3.685000E-8	0.001937
3.690000E-8	0.001344
3.695000E-8	0.000938
3.700000E-8	0.000497
3.705000E-8	0.000166
3.710000E-8	-7.187500E-5
3.715000E-8	-0.000119
3.720000E-8	-0.000263
3.725000E-8	-0.000138
3.730000E-8	8.750000E-5
3.735000E-8	0.000378
3.740000E-8	0.000775
3.745000E-8	0.001303
3.750000E-8	0.001781
3.755000E-8	0.002375
3.760000E-8	0.002878
3.765000E-8	0.003284
3.770000E-8	0.003597
3.775000E-8	0.003863
3.780000E-8	0.004009
3.785000E-8	0.004116
3.790000E-8	0.004100
3.795000E-8	0.003816
3.800000E-8	0.003538
3.805000E-8	0.003153
3.810000E-8	0.002691
3.815000E-8	0.002219
3.820000E-8	0.001734
3.825000E-8	0.001319
3.830000E-8	0.000838
3.835000E-8	0.000566
3.840000E-8	0.000397
3.845000E-8	0.000284
3.850000E-8	9.375000E-5
3.855000E-8	0.000284
3.860000E-8	0.000469
3.865000E-8	0.000841
3.870000E-8	0.001131
3.875000E-8	0.001606
3.880000E-8	0.001916
3.885000E-8	0.002319
3.890000E-8	0.002797
3.895000E-8	0.003131
3.900000E-8	0.003359
3.905000E-8	0.003544
3.910000E-8	0.003613
3.915000E-8	0.003844
3.920000E-8	0.003794
3.925000E-8	0.003616
3.930000E-8	0.003259
3.935000E-8	0.002931
3.940000E-8	0.002509
3.945000E-8	0.002072
3.950000E-8	0.001584
3.955000E-8	0.001116
3.960000E-8	0.000722
3.965000E-8	0.000553
3.970000E-8	0.000197
3.975000E-8	0.000119
3.980000E-8	0.000128
3.985000E-8	0.000250
3.990000E-8	0.000372
3.995000E-8	0.000669
4.000000E-8	0.000928
4.005000E-8	0.001400
4.010000E-8	0.001766
4.015000E-8	0.002219
4.020000E-8	0.002641
4.025000E-8	0.003094
4.030000E-8	0.003344
4.035000E-8	0.003559
4.040000E-8	0.003772
4.045000E-8	0.003806
4.050000E-8	0.003594
4.055000E-8	0.003359
4.060000E-8	0.003103
4.065000E-8	0.002763
4.070000E-8	0.002306
4.075000E-8	0.001819
4.080000E-8	0.001541
4.085000E-8	0.001225
4.090000E-8	0.000913
4.095000E-8	0.000672
4.100000E-8	0.000509
4.105000E-8	0.000453
4.110000E-8	0.000450
4.115000E-8	0.000500
4.120000E-8	0.000781
4.125000E-8	0.000922
4.130000E-8	0.001166
4.135000E-8	0.001338
4.140000E-8	0.001753
4.145000E-8	0.002031
4.150000E-8	0.002341
4.155000E-8	0.002769
4.160000E-8	0.002938
4.165000E-8	0.003206
4.170000E-8	0.003309
4.175000E-8	0.003441
4.180000E-8	0.003431
4.185000E-8	0.003366
4.190000E-8	0.003234
4.195000E-8	0.003056
4.200000E-8	0.002659
4.205000E-8	0.002344
4.210000E-8	0.001822
4.215000E-8	0.001563
4.220000E-8	0.001203
4.225000E-8	0.000869
4.230000E-8	0.000494
4.235000E-8	0.000347
4.240000E-8	0.000228
4.245000E-8	0.000169
4.250000E-8	0.000234
4.255000E-8	0.000419
4.260000E-8	0.000753
4.265000E-8	0.001159
4.270000E-8	0.001509
4.275000E-8	0.002056
4.280000E-8	0.002488
4.285000E-8	0.002822
4.290000E-8	0.003100
4.295000E-8	0.003356
4.300000E-8	0.003356
4.305000E-8	0.003378
4.310000E-8	0.003297
4.315000E-8	0.003131
4.320000E-8	0.002913
4.325000E-8	0.002813
4.330000E-8	0.002625
4.335000E-8	0.002400
4.340000E-8	0.002069
4.345000E-8	0.001719
4.350000E-8	0.001334
4.355000E-8	0.001047
4.360000E-8	0.000784
4.365000E-8	0.000525
4.370000E-8	0.000309
4.375000E-8	0.000166
4.380000E-8	0.000225
4.385000E-8	0.000338
4.390000E-8	0.000534
4.395000E-8	0.000797
4.400000E-8	0.001078
4.405000E-8	0.001578
4.410000E-8	0.001913
4.415000E-8	0.002278
4.420000E-8	0.002781
4.425000E-8	0.002959
4.430000E-8	0.003125
4.435000E-8	0.003331
4.440000E-8	0.003359
4.445000E-8	0.003353
4.450000E-8	0.003222
4.455000E-8	0.002953
4.460000E-8	0.002613
4.465000E-8	0.002375
4.470000E-8	0.001934
4.475000E-8	0.001550
4.480000E-8	0.001147
4.485000E-8	0.000866
4.490000E-8	0.000519
4.495000E-8	0.000309
4.500000E-8	0.000178
4.505000E-8	0.000259
4.510000E-8	0.000225
4.515000E-8	0.000347
4.520000E-8	0.000519
4.525000E-8	0.000784
4.530000E-8	0.000984
4.535000E-8	0.001316
4.540000E-8	0.001731
4.545000E-8	0.002063
4.550000E-8	0.002394
4.555000E-8	0.002750
4.560000E-8	0.003053
4.565000E-8	0.003359
4.570000E-8	0.003506
4.575000E-8	0.003463
4.580000E-8	0.003428
4.585000E-8	0.003294
4.590000E-8	0.003075
4.595000E-8	0.002766
4.600000E-8	0.002409
4.605000E-8	0.002050
4.610000E-8	0.001687
4.615000E-8	0.001350
4.620000E-8	0.000975
4.625000E-8	0.000772
4.630000E-8	0.000469
4.635000E-8	0.000391
4.640000E-8	0.000344
4.645000E-8	0.000394
4.650000E-8	0.000525
4.655000E-8	0.000775
4.660000E-8	0.001147
4.665000E-8	0.001600
4.670000E-8	0.002003
4.675000E-8	0.002303
4.680000E-8	0.002684
4.685000E-8	0.002988
4.690000E-8	0.003256
4.695000E-8	0.003463
4.700000E-8	0.003494
4.705000E-8	0.003381
4.710000E-8	0.003209
4.715000E-8	0.003138
4.720000E-8	0.002922
4.725000E-8	0.002703
4.730000E-8	0.002391
4.735000E-8	0.002106
4.740000E-8	0.001891
4.745000E-8	0.001588
4.750000E-8	0.001328
4.755000E-8	0.001103
4.760000E-8	0.000991
4.765000E-8	0.000903
4.770000E-8	0.000884
4.775000E-8	0.000981
4.780000E-8	0.000981
4.785000E-8	0.001169
4.790000E-8	0.001309
4.795000E-8	0.001622
4.800000E-8	0.001834
4.805000E-8	0.002069
4.810000E-8	0.002225
4.815000E-8	0.002450
4.820000E-8	0.002681
4.825000E-8	0.002831
4.830000E-8	0.002916
4.835000E-8	0.003047
4.840000E-8	0.003022
4.845000E-8	0.003016
4.850000E-8	0.002903
4.855000E-8	0.002759
4.860000E-8	0.002528
4.865000E-8	0.002294
4.870000E-8	0.001875
4.875000E-8	0.001681
4.880000E-8	0.001406
4.885000E-8	0.001156
4.890000E-8	0.000834
4.895000E-8	0.000741
4.900000E-8	0.000669
4.905000E-8	0.000706
4.910000E-8	0.000853
4.915000E-8	0.001059
4.920000E-8	0.001444
4.925000E-8	0.001788
4.930000E-8	0.001956
4.935000E-8	0.002234
4.940000E-8	0.002606
4.945000E-8	0.002831
4.950000E-8	0.002988
4.955000E-8	0.003144
4.960000E-8	0.003247
4.965000E-8	0.003162
4.970000E-8	0.003044
4.975000E-8	0.003072
4.980000E-8	0.002878
4.985000E-8	0.002713
4.990000E-8	0.002406
4.995000E-8	0.002125
5.000000E-8	0.001788
5.005000E-8	0.001600
5.010000E-8	0.001297
5.015000E-8	0.001091
5.020000E-8	0.000900
5.025000E-8	0.000737
5.030000E-8	0.000612
5.035000E-8	0.000506
5.040000E-8	0.000594
5.045000E-8	0.000763
5.050000E-8	0.000981
5.055000E-8	0.001194
5.060000E-8	0.001403
5.065000E-8	0.001719
5.070000E-8	0.002059
5.075000E-8	0.002453
5.080000E-8	0.002741
5.085000E-8	0.002975
5.090000E-8	0.003034
5.095000E-8	0.003188
5.100000E-8	0.003059
5.105000E-8	0.003009
5.110000E-8	0.002719
5.115000E-8	0.002547
5.120000E-8	0.002300
5.125000E-8	0.002009
5.130000E-8	0.001609
5.135000E-8	0.001372
5.140000E-8	0.001106
5.145000E-8	0.000972
5.150000E-8	0.000784
5.155000E-8	0.000750
5.160000E-8	0.000688
5.165000E-8	0.000828
5.170000E-8	0.000906
5.175000E-8	0.001075
5.180000E-8	0.001328
5.185000E-8	0.001647
5.190000E-8	0.001906
5.195000E-8	0.002256
5.200000E-8	0.002591
5.205000E-8	0.002884
5.210000E-8	0.003122
5.215000E-8	0.003238
5.220000E-8	0.003369
5.225000E-8	0.003425
5.230000E-8	0.003284
5.235000E-8	0.003159
5.240000E-8	0.003053
5.245000E-8	0.002819
5.250000E-8	0.002488
5.255000E-8	0.002222
5.260000E-8	0.001847
5.265000E-8	0.001659
5.270000E-8	0.001488
5.275000E-8	0.001322
5.280000E-8	0.001156
5.285000E-8	0.000981
5.290000E-8	0.001009
5.295000E-8	0.001016
5.300000E-8	0.000997
5.305000E-8	0.001106
5.310000E-8	0.001213
5.315000E-8	0.001481
5.320000E-8	0.001638
5.325000E-8	0.001831
5.330000E-8	0.002134
5.335000E-8	0.002397
5.340000E-8	0.002425
5.345000E-8	0.002597
5.350000E-8	0.002681
5.355000E-8	0.002838
5.360000E-8	0.002906
5.365000E-8	0.002950
5.370000E-8	0.002894
5.375000E-8	0.002891
5.380000E-8	0.002681
5.385000E-8	0.002422
5.390000E-8	0.002106
5.395000E-8	0.001772
5.400000E-8	0.001594
5.405000E-8	0.001247
5.410000E-8	0.000975
5.415000E-8	0.000881
5.420000E-8	0.000806
5.425000E-8	0.000731
5.430000E-8	0.000691
5.435000E-8	0.000775
5.440000E-8	0.000919
5.445000E-8	0.001216
5.450000E-8	0.001463
5.455000E-8	0.001800
5.460000E-8	0.002097
5.465000E-8	0.002359
5.470000E-8	0.002622
5.475000E-8	0.002878
5.480000E-8	0.003056
5.485000E-8	0.003053
5.490000E-8	0.003094
5.495000E-8	0.002975
5.500000E-8	0.002794
5.505000E-8	0.002656
5.510000E-8	0.002378
5.515000E-8	0.002228
5.520000E-8	0.001956
5.525000E-8	0.001709
5.530000E-8	0.001544
5.535000E-8	0.001384
5.540000E-8	0.001128
5.545000E-8	0.001134
5.550000E-8	0.001066
5.555000E-8	0.001081
5.560000E-8	0.001028
5.565000E-8	0.001031
5.570000E-8	0.001141
5.575000E-8	0.001172
5.580000E-8	0.001375
5.585000E-8	0.001656
5.590000E-8	0.001853
5.595000E-8	0.002144
5.600000E-8	0.002341
5.605000E-8	0.002500
5.610000E-8	0.002747
5.615000E-8	0.002881
5.620000E-8	0.002819
5.625000E-8	0.002834
5.630000E-8	0.002753
5.635000E-8	0.002488
5.640000E-8	0.002303
5.645000E-8	0.002131
5.650000E-8	0.001928
5.655000E-8	0.001728
5.660000E-8	0.001441
5.665000E-8	0.001319
5.670000E-8	0.001200
5.675000E-8	0.001000
5.680000E-8	0.000925
5.685000E-8	0.000925
5.690000E-8	0.000938
5.695000E-8	0.000934
5.700000E-8	0.001078
5.705000E-8	0.001334
5.710000E-8	0.001428
5.715000E-8	0.001619
5.720000E-8	0.001781
5.725000E-8	0.002069
5.730000E-8	0.002216
5.735000E-8	0.002516
5.740000E-8	0.002644
5.745000E-8	0.002616
5.750000E-8	0.002753
5.755000E-8	0.002819
5.760000E-8	0.002866
5.765000E-8	0.002791
5.770000E-8	0.002684
5.775000E-8	0.002441
5.780000E-8	0.002294
5.785000E-8	0.002188
5.790000E-8	0.001913
5.795000E-8	0.001750
5.800000E-8	0.001597
5.805000E-8	0.001353
5.810000E-8	0.001341
5.815000E-8	0.001244
5.820000E-8	0.001088
5.825000E-8	0.001250
5.830000E-8	0.001253
5.835000E-8	0.001347
5.840000E-8	0.001466
5.845000E-8	0.001684
5.850000E-8	0.001828
5.855000E-8	0.002031
5.860000E-8	0.002147
5.865000E-8	0.002331
5.870000E-8	0.002500
5.875000E-8	0.002603
5.880000E-8	0.002569
5.885000E-8	0.002447
5.890000E-8	0.002269
5.895000E-8	0.002147
5.900000E-8	0.002038
5.905000E-8	0.001697
5.910000E-8	0.001541
5.915000E-8	0.001381
5.920000E-8	0.001319
5.925000E-8	0.001272
5.930000E-8	0.001231
5.935000E-8	0.001163
5.940000E-8	0.001106
5.945000E-8	0.001163
5.950000E-8	0.001028
5.955000E-8	0.001047
5.960000E-8	0.001041
5.965000E-8	0.001191
5.970000E-8	0.001191
5.975000E-8	0.001459
5.980000E-8	0.001650
5.985000E-8	0.001966
5.990000E-8	0.002156
5.995000E-8	0.002400
6.000000E-8	0.002631
6.005000E-8	0.002797
6.010000E-8	0.002725
6.015000E-8	0.002775
6.020000E-8	0.002638
6.025000E-8	0.002650
6.030000E-8	0.002563
6.035000E-8	0.002484
6.040000E-8	0.002341
6.045000E-8	0.002081
6.050000E-8	0.001866
6.055000E-8	0.001675
6.060000E-8	0.001569
6.065000E-8	0.001525
6.070000E-8	0.001453
6.075000E-8	0.001366
6.080000E-8	0.001525
6.085000E-8	0.001556
6.090000E-8	0.001666
6.095000E-8	0.001772
6.100000E-8	0.001828
6.105000E-8	0.002003
6.110000E-8	0.002087
6.115000E-8	0.002181
6.120000E-8	0.002175
6.125000E-8	0.002297
6.130000E-8	0.002375
6.135000E-8	0.002613
6.140000E-8	0.002538
6.145000E-8	0.002428
6.150000E-8	0.002519
6.155000E-8	0.002469
6.160000E-8	0.002344
6.165000E-8	0.002381
6.170000E-8	0.002237
6.175000E-8	0.002181
6.180000E-8	0.001913
6.185000E-8	0.001703
6.190000E-8	0.001516
6.195000E-8	0.001356
6.200000E-8	0.001319
6.205000E-8	0.001150
6.210000E-8	0.001047
6.215000E-8	0.001163
6.220000E-8	0.001069
6.225000E-8	0.001313
6.230000E-8	0.001309
6.235000E-8	0.001538
6.240000E-8	0.001666
6.245000E-8	0.001878
6.250000E-8	0.002106
6.255000E-8	0.002322
6.260000E-8	0.002413
6.265000E-8	0.002678
6.270000E-8	0.002856
6.275000E-8	0.002947
6.280000E-8	0.002900
6.285000E-8	0.002991
6.290000E-8	0.002894
6.295000E-8	0.002772
6.300000E-8	0.002625
6.305000E-8	0.002488
6.310000E-8	0.002266
6.315000E-8	0.002125
6.320000E-8	0.001922
6.325000E-8	0.001797
6.330000E-8	0.001547
6.335000E-8	0.001422
6.340000E-8	0.001325
6.345000E-8	0.001253
6.350000E-8	0.001272
6.355000E-8	0.001338
6.360000E-8	0.001425
6.365000E-8	0.001547
6.370000E-8	0.001684
6.375000E-8	0.001934
6.380000E-8	0.002166
6.385000E-8	0.002363
6.390000E-8	0.002334
6.395000E-8	0.002575
6.400000E-8	0.002641
6.405000E-8	0.002613
6.410000E-8	0.002638
6.415000E-8	0.002544
6.420000E-8	0.002378
6.425000E-8	0.002372
6.430000E-8	0.002288
6.435000E-8	0.002213
6.440000E-8	0.002012
6.445000E-8	0.001816
6.450000E-8	0.001641
6.455000E-8	0.001484
6.460000E-8	0.001288
6.465000E-8	0.001306
6.470000E-8	0.001172
6.475000E-8	0.001109
6.480000E-8	0.001194
6.485000E-8	0.001347
6.490000E-8	0.001484
6.495000E-8	0.001691
6.500000E-8	0.001888
6.505000E-8	0.002059
6.510000E-8	0.002162
6.515000E-8	0.002422
6.520000E-8	0.002422
6.525000E-8	0.002381
6.530000E-8	0.002481
6.535000E-8	0.002469
6.540000E-8	0.002519
6.545000E-8	0.002584
6.550000E-8	0.002575
6.555000E-8	0.002538
6.560000E-8	0.002409
6.565000E-8	0.002272
6.570000E-8	0.002144
6.575000E-8	0.002016
6.580000E-8	0.001772
6.585000E-8	0.001663
6.590000E-8	0.001409
6.595000E-8	0.001400
6.600000E-8	0.001222
6.605000E-8	0.001297
6.610000E-8	0.001275
6.615000E-8	0.001334
6.620000E-8	0.001350
6.625000E-8	0.001619
6.630000E-8	0.001813
6.635000E-8	0.001988
6.640000E-8	0.002069
6.645000E-8	0.002378
6.650000E-8	0.002584
6.655000E-8	0.002556
6.660000E-8	0.002697
6.665000E-8	0.002653
6.670000E-8	0.002694
6.675000E-8	0.002647
6.680000E-8	0.002506
6.685000E-8	0.002531
6.690000E-8	0.002303
6.695000E-8	0.002144
6.700000E-8	0.002053
6.705000E-8	0.002012
6.710000E-8	0.001850
6.715000E-8	0.001794
6.720000E-8	0.001694
6.725000E-8	0.001663
6.730000E-8	0.001619
6.735000E-8	0.001631
6.740000E-8	0.001581
6.745000E-8	0.001622
6.750000E-8	0.001681
6.755000E-8	0.001747
6.760000E-8	0.001744
6.765000E-8	0.001859
6.770000E-8	0.001969
6.775000E-8	0.002147
6.780000E-8	0.002181
6.785000E-8	0.002213
6.790000E-8	0.002303
6.795000E-8	0.002278
6.800000E-8	0.002247
6.805000E-8	0.002213
6.810000E-8	0.002241
6.815000E-8	0.002275
6.820000E-8	0.002231
6.825000E-8	0.002059
6.830000E-8	0.001913
6.835000E-8	0.001891
6.840000E-8	0.001691
6.845000E-8	0.001575
6.850000E-8	0.001478
6.855000E-8	0.001344
6.860000E-8	0.001263
6.865000E-8	0.001297
6.870000E-8	0.001322
6.875000E-8	0.001466
6.880000E-8	0.001553
6.885000E-8	0.001747
6.890000E-8	0.001806
6.895000E-8	0.002031
6.900000E-8	0.002216
6.905000E-8	0.002338
6.910000E-8	0.002484
6.915000E-8	0.002547
6.920000E-8	0.002538
6.925000E-8	0.002634
6.930000E-8	0.002519
6.935000E-8	0.002569
6.940000E-8	0.002469
6.945000E-8	0.002419
6.950000E-8	0.002297
6.955000E-8	0.002200
6.960000E-8	0.002191
6.965000E-8	0.002109
6.970000E-8	0.001984
6.975000E-8	0.001975
6.980000E-8	0.001781
6.985000E-8	0.001797
6.990000E-8	0.001753
6.995000E-8	0.001725
7.000000E-8	0.001594
7.005000E-8	0.001584
7.010000E-8	0.001519
7.015000E-8	0.001581
7.020000E-8	0.001716
7.025000E-8	0.001772
7.030000E-8	0.001819
7.035000E-8	0.001950
7.040000E-8	0.002041
7.045000E-8	0.002081
7.050000E-8	0.002169
7.055000E-8	0.002278
7.060000E-8	0.002350
7.065000E-8	0.002522
7.070000E-8	0.002587
7.075000E-8	0.002703
7.080000E-8	0.002584
7.085000E-8	0.002563
7.090000E-8	0.002388
7.095000E-8	0.002328
7.100000E-8	0.002416
7.105000E-8	0.002347
7.110000E-8	0.002250
7.115000E-8	0.002325
7.120000E-8	0.002184
7.125000E-8	0.002094
7.130000E-8	0.001922
7.135000E-8	0.001925
7.140000E-8	0.001925
7.145000E-8	0.001803
7.150000E-8	0.001822
7.155000E-8	0.001863
7.160000E-8	0.001928
7.165000E-8	0.002050
7.170000E-8	0.002053
7.175000E-8	0.002263
7.180000E-8	0.002366
7.185000E-8	0.002459
7.190000E-8	0.002491
7.195000E-8	0.002544
7.200000E-8	0.002559
7.205000E-8	0.002606
7.210000E-8	0.002678
7.215000E-8	0.002550
7.220000E-8	0.002384
7.225000E-8	0.002369
7.230000E-8	0.002056
7.235000E-8	0.001931
7.240000E-8	0.001741
7.245000E-8	0.001612
7.250000E-8	0.001463
7.255000E-8	0.001359
7.260000E-8	0.001259
7.265000E-8	0.001266
7.270000E-8	0.001300
7.275000E-8	0.001266
7.280000E-8	0.001513
7.285000E-8	0.001675
7.290000E-8	0.001772
7.295000E-8	0.002069
7.300000E-8	0.002150
7.305000E-8	0.002403
7.310000E-8	0.002484
7.315000E-8	0.002609
7.320000E-8	0.002681
7.325000E-8	0.002709
7.330000E-8	0.002644
7.335000E-8	0.002441
7.340000E-8	0.002269
7.345000E-8	0.002172
7.350000E-8	0.002053
7.355000E-8	0.001850
7.360000E-8	0.001781
7.365000E-8	0.001703
7.370000E-8	0.001566
7.375000E-8	0.001672
7.380000E-8	0.001625
7.385000E-8	0.001566
7.390000E-8	0.001566
7.395000E-8	0.001709
7.400000E-8	0.001747
7.405000E-8	0.001872
7.410000E-8	0.001900
7.415000E-8	0.001963
7.420000E-8	0.001969
7.425000E-8	0.002000
7.430000E-8	0.001991
7.435000E-8	0.002050
7.440000E-8	0.002109
7.445000E-8	0.002159
7.450000E-8	0.002197
7.455000E-8	0.002147
7.460000E-8	0.002100
7.465000E-8	0.002025
7.470000E-8	0.001928
7.475000E-8	0.001922
7.480000E-8	0.001931
7.485000E-8	0.001919
7.490000E-8	0.001734
7.495000E-8	0.001734
7.500000E-8	0.001675
7.505000E-8	0.001641
7.510000E-8	0.001647
7.515000E-8	0.001519
7.520000E-8	0.001559
7.525000E-8	0.001581
7.530000E-8	0.001591
7.535000E-8	0.001531
7.540000E-8	0.001669
7.545000E-8	0.001678
7.550000E-8	0.001672
7.555000E-8	0.001725
7.560000E-8	0.001822
7.565000E-8	0.002059
7.570000E-8	0.002063
7.575000E-8	0.002244
7.580000E-8	0.002272
7.585000E-8	0.002394
7.590000E-8	0.002400
7.595000E-8	0.002300
7.600000E-8	0.002247
7.605000E-8	0.002175
7.610000E-8	0.001963
7.615000E-8	0.001966
7.620000E-8	0.001863
7.625000E-8	0.001788
7.630000E-8	0.001669
7.635000E-8	0.001469
7.640000E-8	0.001344
7.645000E-8	0.001366
7.650000E-8	0.001216
7.655000E-8	0.001300
7.660000E-8	0.001384
7.665000E-8	0.001531
7.670000E-8	0.001588
7.675000E-8	0.001744
7.680000E-8	0.001725
7.685000E-8	0.001769
7.690000E-8	0.001847
7.695000E-8	0.002016
7.700000E-8	0.002153
7.705000E-8	0.002234
7.710000E-8	0.002231
7.715000E-8	0.002244
7.720000E-8	0.002275
7.725000E-8	0.002313
7.730000E-8	0.002250
7.735000E-8	0.002125
7.740000E-8	0.002050
7.745000E-8	0.001984
7.750000E-8	0.001850
7.755000E-8	0.001816
7.760000E-8	0.001744
7.765000E-8	0.001709
7.770000E-8	0.001725
7.775000E-8	0.001675
7.780000E-8	0.001631
7.785000E-8	0.001772
7.790000E-8	0.001741
7.795000E-8	0.001797
7.800000E-8	0.001806
7.805000E-8	0.001784
7.810000E-8	0.001728
7.815000E-8	0.001809
7.820000E-8	0.001847
7.825000E-8	0.001947
7.830000E-8	0.001994
7.835000E-8	0.002012
7.840000E-8	0.002244
7.845000E-8	0.002372
7.850000E-8	0.002447
7.855000E-8	0.002547
7.860000E-8	0.002447
7.865000E-8	0.002506
7.870000E-8	0.002397
7.875000E-8	0.002256
7.880000E-8	0.002225
7.885000E-8	0.002075
7.890000E-8	0.001925
7.895000E-8	0.001881
7.900000E-8	0.001722
7.905000E-8	0.001581
7.910000E-8	0.001425
7.915000E-8	0.001444
7.920000E-8	0.001369
7.925000E-8	0.001278
7.930000E-8	0.001378
7.935000E-8	0.001500
7.940000E-8	0.001503
7.945000E-8	0.001788
7.950000E-8	0.001853
7.955000E-8	0.002000
7.960000E-8	0.002166
7.965000E-8	0.002206
7.970000E-8	0.002113
7.975000E-8	0.002109
7.980000E-8	0.002034
7.985000E-8	0.001944
7.990000E-8	0.002012
7.995000E-8	0.002094
8.000000E-8	0.002087
8.005000E-8	0.001959
8.010000E-8	0.001863
8.015000E-8	0.001838
8.020000E-8	0.001844
8.025000E-8	0.001803
8.030000E-8	0.001738
8.035000E-8	0.001709
8.040000E-8	0.001519
8.045000E-8	0.001422
8.050000E-8	0.001528
8.055000E-8	0.001525
8.060000E-8	0.001619
8.065000E-8	0.001581
8.070000E-8	0.001591
8.075000E-8	0.001791
8.080000E-8	0.001947
8.085000E-8	0.001953
8.090000E-8	0.002056
8.095000E-8	0.002181
8.100000E-8	0.002209
8.105000E-8	0.002269
8.110000E-8	0.002259
8.115000E-8	0.002213
8.120000E-8	0.002150
8.125000E-8	0.002059
8.130000E-8	0.001834
8.135000E-8	0.001819
8.140000E-8	0.001844
8.145000E-8	0.001728
8.150000E-8	0.001666
8.155000E-8	0.001731
8.160000E-8	0.001609
8.165000E-8	0.001566
8.170000E-8	0.001547
8.175000E-8	0.001594
8.180000E-8	0.001606
8.185000E-8	0.001669
8.190000E-8	0.001722
8.195000E-8	0.001769
8.200000E-8	0.001866
8.205000E-8	0.001941
8.210000E-8	0.002022
8.215000E-8	0.002131
8.220000E-8	0.002131
8.225000E-8	0.002241
8.230000E-8	0.002331
8.235000E-8	0.002322
8.240000E-8	0.002353
8.245000E-8	0.002356
8.250000E-8	0.002288
8.255000E-8	0.002256
8.260000E-8	0.002162
8.265000E-8	0.002081
8.270000E-8	0.002094
8.275000E-8	0.001941
8.280000E-8	0.001903
8.285000E-8	0.001934
8.290000E-8	0.001934
8.295000E-8	0.001813
8.300000E-8	0.001856
8.305000E-8	0.001791
8.310000E-8	0.001753
8.315000E-8	0.001691
8.320000E-8	0.001653
8.325000E-8	0.001731
8.330000E-8	0.001706
8.335000E-8	0.001834
8.340000E-8	0.001816
8.345000E-8	0.001903
8.350000E-8	0.002000
8.355000E-8	0.002128
8.360000E-8	0.002200
8.365000E-8	0.002181
8.370000E-8	0.002313
8.375000E-8	0.002294
8.380000E-8	0.002294
8.385000E-8	0.002300
8.390000E-8	0.002181
8.395000E-8	0.002234
8.400000E-8	0.002016
8.405000E-8	0.002078
8.410000E-8	0.001900
8.415000E-8	0.001944
8.420000E-8	0.001903
8.425000E-8	0.001884
8.430000E-8	0.001853
8.435000E-8	0.001956
8.440000E-8	0.001928
8.445000E-8	0.001863
8.450000E-8	0.001781
8.455000E-8	0.001794
8.460000E-8	0.001697
8.465000E-8	0.001738
8.470000E-8	0.001719
8.475000E-8	0.001731
8.480000E-8	0.001778
8.485000E-8	0.001916
8.490000E-8	0.001981
8.495000E-8	0.001994
8.500000E-8	0.001853
8.505000E-8	0.001988
8.510000E-8	0.002087
8.515000E-8	0.002166
8.520000E-8	0.002094
8.525000E-8	0.002047
8.530000E-8	0.001950
8.535000E-8	0.001903
8.540000E-8	0.001766
8.545000E-8	0.001666
8.550000E-8	0.001553
8.555000E-8	0.001478
8.560000E-8	0.001469
8.565000E-8	0.001525
8.570000E-8	0.001638
8.575000E-8	0.001706
8.580000E-8	0.001803
8.585000E-8	0.001959
8.590000E-8	0.002016
8.595000E-8	0.002059
8.600000E-8	0.002125
8.605000E-8	0.002203
8.610000E-8	0.002072
8.615000E-8	0.002063
8.620000E-8	0.002041
8.625000E-8	0.002116
8.630000E-8	0.002038
8.635000E-8	0.002125
8.640000E-8	0.002056
8.645000E-8	0.002081
8.650000E-8	0.001991
8.655000E-8	0.002022
8.660000E-8	0.001934
8.665000E-8	0.001931
8.670000E-8	0.001809
8.675000E-8	0.001797
8.680000E-8	0.001784
8.685000E-8	0.001766
8.690000E-8	0.001788
8.695000E-8	0.001766
8.700000E-8	0.001709
8.705000E-8	0.001775
8.710000E-8	0.001906
8.715000E-8	0.001956
8.720000E-8	0.001859
8.725000E-8	0.001919
8.730000E-8	0.002025
8.735000E-8	0.002019
8.740000E-8	0.002172
8.745000E-8	0.002347
8.750000E-8	0.002388
8.755000E-8	0.002372
8.760000E-8	0.002375
8.765000E-8	0.002316
8.770000E-8	0.002219
8.775000E-8	0.002191
8.780000E-8	0.002116
8.785000E-8	0.002131
8.790000E-8	0.002063
8.795000E-8	0.002087
8.800000E-8	0.002094
8.805000E-8	0.002191
8.810000E-8	0.002084
8.815000E-8	0.002091
8.820000E-8	0.002003
8.825000E-8	0.002056
8.830000E-8	0.002025
8.835000E-8	0.001909
8.840000E-8	0.001741
8.845000E-8	0.001731
8.850000E-8	0.001656
8.855000E-8	0.001700
8.860000E-8	0.001766
8.865000E-8	0.001859
8.870000E-8	0.001913
8.875000E-8	0.002100
8.880000E-8	0.002216
8.885000E-8	0.002369
8.890000E-8	0.002375
8.895000E-8	0.002416
8.900000E-8	0.002394
8.905000E-8	0.002441
8.910000E-8	0.002272
8.915000E-8	0.002216
8.920000E-8	0.002234
8.925000E-8	0.002006
8.930000E-8	0.001881
8.935000E-8	0.001897
8.940000E-8	0.001728
8.945000E-8	0.001769
8.950000E-8	0.001625
8.955000E-8	0.001663
8.960000E-8	0.001644
8.965000E-8	0.001734
8.970000E-8	0.001766
8.975000E-8	0.001822
8.980000E-8	0.001769
8.985000E-8	0.001797
8.990000E-8	0.001869
8.995000E-8	0.001966
9.000000E-8	0.002081
9.005000E-8	0.002125
9.010000E-8	0.002250
9.015000E-8	0.002325
9.020000E-8	0.002356
9.025000E-8	0.002316
9.030000E-8	0.002303
9.035000E-8	0.002341
9.040000E-8	0.002250
9.045000E-8	0.002172
9.050000E-8	0.002044
9.055000E-8	0.001953
9.060000E-8	0.001813
9.065000E-8	0.001731
9.070000E-8	0.001703
9.075000E-8	0.001672
9.080000E-8	0.001725
9.085000E-8	0.001663
9.090000E-8	0.001638
9.095000E-8	0.001684
9.100000E-8	0.001728
9.105000E-8	0.001947
9.110000E-8	0.002044
9.115000E-8	0.002072
9.120000E-8	0.002184
9.125000E-8	0.002166
9.130000E-8	0.002131
9.135000E-8	0.002075
9.140000E-8	0.002069
9.145000E-8	0.002125
9.150000E-8	0.001950
9.155000E-8	0.001847
9.160000E-8	0.001956
9.165000E-8	0.002044
9.170000E-8	0.002072
9.175000E-8	0.002056
9.180000E-8	0.001844
9.185000E-8	0.001937
9.190000E-8	0.001888
9.195000E-8	0.001888
9.200000E-8	0.001838
9.205000E-8	0.001838
9.210000E-8	0.001934
9.215000E-8	0.002066
9.220000E-8	0.002184
9.225000E-8	0.002150
9.230000E-8	0.002081
9.235000E-8	0.002122
9.240000E-8	0.002072
9.245000E-8	0.002016
9.250000E-8	0.001956
9.255000E-8	0.001959
9.260000E-8	0.001850
9.265000E-8	0.001853
9.270000E-8	0.001844
9.275000E-8	0.001947
9.280000E-8	0.002131
9.285000E-8	0.002184
9.290000E-8	0.002125
9.295000E-8	0.002213
9.300000E-8	0.002147
9.305000E-8	0.002125
9.310000E-8	0.002147
9.315000E-8	0.002047
9.320000E-8	0.001969
9.325000E-8	0.001897
9.330000E-8	0.001863
9.335000E-8	0.001813
9.340000E-8	0.001788
9.345000E-8	0.001825
9.350000E-8	0.001850
9.355000E-8	0.001772
9.360000E-8	0.001838
9.365000E-8	0.001859
9.370000E-8	0.001834
9.375000E-8	0.002003
9.380000E-8	0.002016
9.385000E-8	0.002075
9.390000E-8	0.002094
9.395000E-8	0.002144
9.400000E-8	0.002144
9.405000E-8	0.002069
9.410000E-8	0.002097
9.415000E-8	0.002081
9.420000E-8	0.002006
9.425000E-8	0.002075
9.430000E-8	0.002134
9.435000E-8	0.002144
9.440000E-8	0.002188
9.445000E-8	0.002147
9.450000E-8	0.002069
9.455000E-8	0.002094
9.460000E-8	0.002063
9.465000E-8	0.002128
9.470000E-8	0.001850
9.475000E-8	0.001753
9.480000E-8	0.001672
9.485000E-8	0.001544
9.490000E-8	0.001375
9.495000E-8	0.001378
9.500000E-8	0.001403
9.505000E-8	0.001413
9.510000E-8	0.001456
9.515000E-8	0.001547
9.520000E-8	0.001663
9.525000E-8	0.001731
9.530000E-8	0.001831
9.535000E-8	0.001947
9.540000E-8	0.002006
9.545000E-8	0.002059
9.550000E-8	0.002109
9.555000E-8	0.002019
9.560000E-8	0.001988
9.565000E-8	0.001997
9.570000E-8	0.001894
9.575000E-8	0.001850
9.580000E-8	0.001850
9.585000E-8	0.001794
9.590000E-8	0.001803
9.595000E-8	0.001856
9.600000E-8	0.001941
9.605000E-8	0.001947
9.610000E-8	0.001888
9.615000E-8	0.001988
9.620000E-8	0.001863
9.625000E-8	0.001803
9.630000E-8	0.001794
9.635000E-8	0.001825
9.640000E-8	0.001775
9.645000E-8	0.001941
9.650000E-8	0.001959
9.655000E-8	0.002044
9.660000E-8	0.002106
9.665000E-8	0.002141
9.670000E-8	0.002147
9.675000E-8	0.002219
9.680000E-8	0.002247
9.685000E-8	0.002166
9.690000E-8	0.002175
9.695000E-8	0.002097
9.700000E-8	0.002028
9.705000E-8	0.001981
9.710000E-8	0.001822
9.715000E-8	0.001794
9.720000E-8	0.001625
9.725000E-8	0.001750
9.730000E-8	0.001725
9.735000E-8	0.001731
9.740000E-8	0.001647
9.745000E-8	0.001781
9.750000E-8	0.001725
9.755000E-8	0.001750
9.760000E-8	0.001809
9.765000E-8	0.001703
9.770000E-8	0.001841
9.775000E-8	0.001944
9.780000E-8	0.001872
9.785000E-8	0.002069
9.790000E-8	0.002041
9.795000E-8	0.002066
9.800000E-8	0.002044
9.805000E-8	0.002041
9.810000E-8	0.002053
9.815000E-8	0.002072
9.820000E-8	0.002059
9.825000E-8	0.002213
9.830000E-8	0.002138
9.835000E-8	0.002150
9.840000E-8	0.002069
9.845000E-8	0.002100
9.850000E-8	0.002031
9.855000E-8	0.001978
9.860000E-8	0.001959
9.865000E-8	0.001888
9.870000E-8	0.001866
9.875000E-8	0.001931
9.880000E-8	0.001859
9.885000E-8	0.001831
9.890000E-8	0.001813
9.895000E-8	0.001863
9.900000E-8	0.001884
9.905000E-8	0.001963
9.910000E-8	0.002075
9.915000E-8	0.002231
9.920000E-8	0.002266
9.925000E-8	0.002191
9.930000E-8	0.002338
9.935000E-8	0.002313
9.940000E-8	0.002281
9.945000E-8	0.002244
9.950000E-8	0.002319
9.955000E-8	0.002275
9.960000E-8	0.002200
9.965000E-8	0.002181
9.970000E-8	0.002081
9.975000E-8	0.002047
9.980000E-8	0.001988
9.985000E-8	0.001869
9.990000E-8	0.001781
9.995000E-8	0.001800
