LabVIEW Measurement	
Writer_Version	2
Reader_Version	2
Separator	Tab
Decimal_Separator	.
Multi_Headings	No
X_Columns	Multi
Time_Pref	Relative
Operator	TG lab
Date	2015/03/06
Time	16:42:07.346500396728515625
***End_of_Header***	
	
Channels	1	
Samples	2000	
Date	2015/03/06	
Time	16:42:07.346500396728515625	
X_Dimension	Time	
X0	0.0000000000000000E+0	
Delta_X	5.000000E-11	
***End_of_Header***		
X_Value	Untitled	Comment
0.000000	0.002244
5.000000E-11	0.002278
1.000000E-10	0.002119
1.500000E-10	0.002141
2.000000E-10	0.002100
2.500000E-10	0.002116
3.000000E-10	0.002100
3.500000E-10	0.002087
4.000000E-10	0.002081
4.500000E-10	0.002022
5.000000E-10	0.002063
5.500000E-10	0.001997
6.000000E-10	0.002003
6.500000E-10	0.002087
7.000000E-10	0.001969
7.500000E-10	0.001981
8.000000E-10	0.002056
8.500000E-10	0.002103
9.000000E-10	0.002069
9.500000E-10	0.002103
1.000000E-9	0.002175
1.050000E-9	0.002225
1.100000E-9	0.002156
1.150000E-9	0.002122
1.200000E-9	0.002153
1.250000E-9	0.002159
1.300000E-9	0.002131
1.350000E-9	0.002156
1.400000E-9	0.002116
1.450000E-9	0.002063
1.500000E-9	0.002106
1.550000E-9	0.002153
1.600000E-9	0.002184
1.650000E-9	0.002225
1.700000E-9	0.002178
1.750000E-9	0.002266
1.800000E-9	0.002328
1.850000E-9	0.002306
1.900000E-9	0.002263
1.950000E-9	0.002338
2.000000E-9	0.002266
2.050000E-9	0.002219
2.100000E-9	0.002219
2.150000E-9	0.002228
2.200000E-9	0.002188
2.250000E-9	0.002134
2.300000E-9	0.002066
2.350000E-9	0.002016
2.400000E-9	0.001956
2.450000E-9	0.001991
2.500000E-9	0.002016
2.550000E-9	0.001997
2.600000E-9	0.001978
2.650000E-9	0.002038
2.700000E-9	0.002072
2.750000E-9	0.002162
2.800000E-9	0.002169
2.850000E-9	0.002200
2.900000E-9	0.002044
2.950000E-9	0.002106
3.000000E-9	0.002103
3.050000E-9	0.002097
3.100000E-9	0.002122
3.150000E-9	0.002094
3.200000E-9	0.002031
3.250000E-9	0.002138
3.300000E-9	0.002281
3.350000E-9	0.002322
3.400000E-9	0.002319
3.450000E-9	0.002372
3.500000E-9	0.002356
3.550000E-9	0.002338
3.600000E-9	0.002225
3.650000E-9	0.002134
3.700000E-9	0.002066
3.750000E-9	0.002078
3.800000E-9	0.001959
3.850000E-9	0.001963
3.900000E-9	0.001956
3.950000E-9	0.002106
4.000000E-9	0.002106
4.050000E-9	0.002131
4.100000E-9	0.002169
4.150000E-9	0.002300
4.200000E-9	0.002234
4.250000E-9	0.002291
4.300000E-9	0.002291
4.350000E-9	0.002359
4.400000E-9	0.002344
4.450000E-9	0.002375
4.500000E-9	0.002500
4.550000E-9	0.002478
4.600000E-9	0.002494
4.650000E-9	0.002572
4.700000E-9	0.002541
4.750000E-9	0.002553
4.800000E-9	0.002547
4.850000E-9	0.002638
4.900000E-9	0.002659
4.950000E-9	0.002731
5.000000E-9	0.002597
5.050000E-9	0.002731
5.100000E-9	0.002572
5.150000E-9	0.002631
5.200000E-9	0.002706
5.250000E-9	0.002734
5.300000E-9	0.002747
5.350000E-9	0.002809
5.400000E-9	0.002759
5.450000E-9	0.002775
5.500000E-9	0.002750
5.550000E-9	0.002662
5.600000E-9	0.002656
5.650000E-9	0.002769
5.700000E-9	0.002806
5.750000E-9	0.002728
5.800000E-9	0.002831
5.850000E-9	0.002869
5.900000E-9	0.002872
5.950000E-9	0.002784
6.000000E-9	0.002800
6.050000E-9	0.002894
6.100000E-9	0.002847
6.150000E-9	0.002928
6.200000E-9	0.002913
6.250000E-9	0.002984
6.300000E-9	0.002925
6.350000E-9	0.002953
6.400000E-9	0.003034
6.450000E-9	0.003162
6.500000E-9	0.003116
6.550000E-9	0.003219
6.600000E-9	0.003334
6.650000E-9	0.003456
6.700000E-9	0.003419
6.750000E-9	0.003506
6.800000E-9	0.003525
6.850000E-9	0.003700
6.900000E-9	0.003800
6.950000E-9	0.003763
7.000000E-9	0.003869
7.050000E-9	0.004169
7.100000E-9	0.004269
7.150000E-9	0.004650
7.200000E-9	0.004966
7.250000E-9	0.005497
7.300000E-9	0.005909
7.350000E-9	0.006556
7.400000E-9	0.007369
7.450000E-9	0.008412
7.500000E-9	0.009481
7.550000E-9	0.010834
7.600000E-9	0.012197
7.650000E-9	0.013731
7.700000E-9	0.015294
7.750000E-9	0.016994
7.800000E-9	0.018547
7.850000E-9	0.020119
7.900000E-9	0.021603
7.950000E-9	0.023081
8.000000E-9	0.024534
8.050000E-9	0.026138
8.100000E-9	0.027650
8.150000E-9	0.029234
8.200000E-9	0.030669
8.250000E-9	0.032156
8.300000E-9	0.033453
8.350000E-9	0.034500
8.400000E-9	0.035025
8.450000E-9	0.035403
8.500000E-9	0.035162
8.550000E-9	0.034666
8.600000E-9	0.033522
8.650000E-9	0.032000
8.700000E-9	0.030034
8.750000E-9	0.028159
8.800000E-9	0.026000
8.850000E-9	0.024041
8.900000E-9	0.022066
8.950000E-9	0.020475
9.000000E-9	0.019300
9.050000E-9	0.018566
9.100000E-9	0.018156
9.150000E-9	0.018297
9.200000E-9	0.018694
9.250000E-9	0.019416
9.300000E-9	0.020184
9.350000E-9	0.020847
9.400000E-9	0.021325
9.450000E-9	0.021531
9.500000E-9	0.021209
9.550000E-9	0.020675
9.600000E-9	0.019800
9.650000E-9	0.018575
9.700000E-9	0.017175
9.750000E-9	0.015697
9.800000E-9	0.014209
9.850000E-9	0.012906
9.900000E-9	0.011763
9.950000E-9	0.010975
1.000000E-8	0.010447
1.005000E-8	0.010309
1.010000E-8	0.010553
1.015000E-8	0.011041
1.020000E-8	0.011603
1.025000E-8	0.012347
1.030000E-8	0.013041
1.035000E-8	0.013647
1.040000E-8	0.014013
1.045000E-8	0.014188
1.050000E-8	0.013984
1.055000E-8	0.013703
1.060000E-8	0.012947
1.065000E-8	0.012072
1.070000E-8	0.011116
1.075000E-8	0.009972
1.080000E-8	0.009016
1.085000E-8	0.008097
1.090000E-8	0.007269
1.095000E-8	0.006831
1.100000E-8	0.006497
1.105000E-8	0.006672
1.110000E-8	0.006947
1.115000E-8	0.007472
1.120000E-8	0.008028
1.125000E-8	0.008831
1.130000E-8	0.009447
1.135000E-8	0.009938
1.140000E-8	0.010244
1.145000E-8	0.010466
1.150000E-8	0.010350
1.155000E-8	0.010116
1.160000E-8	0.009550
1.165000E-8	0.008791
1.170000E-8	0.007956
1.175000E-8	0.007100
1.180000E-8	0.006275
1.185000E-8	0.005563
1.190000E-8	0.004828
1.195000E-8	0.004406
1.200000E-8	0.004150
1.205000E-8	0.004269
1.210000E-8	0.004522
1.215000E-8	0.005041
1.220000E-8	0.005475
1.225000E-8	0.006188
1.230000E-8	0.006878
1.235000E-8	0.007509
1.240000E-8	0.008022
1.245000E-8	0.008181
1.250000E-8	0.008084
1.255000E-8	0.007844
1.260000E-8	0.007222
1.265000E-8	0.006634
1.270000E-8	0.005797
1.275000E-8	0.004838
1.280000E-8	0.004013
1.285000E-8	0.003309
1.290000E-8	0.002631
1.295000E-8	0.002216
1.300000E-8	0.002034
1.305000E-8	0.002100
1.310000E-8	0.002484
1.315000E-8	0.003172
1.320000E-8	0.003813
1.325000E-8	0.004556
1.330000E-8	0.005184
1.335000E-8	0.005975
1.340000E-8	0.006400
1.345000E-8	0.006719
1.350000E-8	0.006819
1.355000E-8	0.006553
1.360000E-8	0.006069
1.365000E-8	0.005456
1.370000E-8	0.004728
1.375000E-8	0.004009
1.380000E-8	0.003284
1.385000E-8	0.002603
1.390000E-8	0.002081
1.395000E-8	0.001844
1.400000E-8	0.001697
1.405000E-8	0.001966
1.410000E-8	0.002350
1.415000E-8	0.002978
1.420000E-8	0.003641
1.425000E-8	0.004419
1.430000E-8	0.005128
1.435000E-8	0.005828
1.440000E-8	0.006150
1.445000E-8	0.006263
1.450000E-8	0.006031
1.455000E-8	0.005750
1.460000E-8	0.005106
1.465000E-8	0.004259
1.470000E-8	0.003497
1.475000E-8	0.002616
1.480000E-8	0.001763
1.485000E-8	0.001172
1.490000E-8	0.000769
1.495000E-8	0.000594
1.500000E-8	0.000728
1.505000E-8	0.001100
1.510000E-8	0.001797
1.515000E-8	0.002528
1.520000E-8	0.003288
1.525000E-8	0.004119
1.530000E-8	0.004803
1.535000E-8	0.005325
1.540000E-8	0.005613
1.545000E-8	0.005756
1.550000E-8	0.005394
1.555000E-8	0.004897
1.560000E-8	0.004200
1.565000E-8	0.003466
1.570000E-8	0.002466
1.575000E-8	0.001634
1.580000E-8	0.000844
1.585000E-8	0.000353
1.590000E-8	0.000134
1.595000E-8	0.000191
1.600000E-8	0.000478
1.605000E-8	0.001116
1.610000E-8	0.001784
1.615000E-8	0.002700
1.620000E-8	0.003547
1.625000E-8	0.004344
1.630000E-8	0.005006
1.635000E-8	0.005550
1.640000E-8	0.005759
1.645000E-8	0.005609
1.650000E-8	0.005122
1.655000E-8	0.004466
1.660000E-8	0.003744
1.665000E-8	0.003006
1.670000E-8	0.002113
1.675000E-8	0.001353
1.680000E-8	0.000669
1.685000E-8	0.000369
1.690000E-8	0.000306
1.695000E-8	0.000534
1.700000E-8	0.001063
1.705000E-8	0.001797
1.710000E-8	0.002606
1.715000E-8	0.003500
1.720000E-8	0.004253
1.725000E-8	0.004959
1.730000E-8	0.005263
1.735000E-8	0.005447
1.740000E-8	0.005237
1.745000E-8	0.004763
1.750000E-8	0.004094
1.755000E-8	0.003319
1.760000E-8	0.002522
1.765000E-8	0.001719
1.770000E-8	0.000775
1.775000E-8	0.000172
1.780000E-8	-0.000306
1.785000E-8	-0.000306
1.790000E-8	-0.000109
1.795000E-8	0.000406
1.800000E-8	0.000913
1.805000E-8	0.001703
1.810000E-8	0.002553
1.815000E-8	0.003422
1.820000E-8	0.004119
1.825000E-8	0.004597
1.830000E-8	0.004962
1.835000E-8	0.005006
1.840000E-8	0.004788
1.845000E-8	0.004463
1.850000E-8	0.003747
1.855000E-8	0.003050
1.860000E-8	0.002100
1.865000E-8	0.001406
1.870000E-8	0.000694
1.875000E-8	0.000316
1.880000E-8	0.000103
1.885000E-8	8.125000E-5
1.890000E-8	0.000378
1.895000E-8	0.000866
1.900000E-8	0.001625
1.905000E-8	0.002447
1.910000E-8	0.003113
1.915000E-8	0.003903
1.920000E-8	0.004403
1.925000E-8	0.004831
1.930000E-8	0.004941
1.935000E-8	0.004950
1.940000E-8	0.004431
1.945000E-8	0.004016
1.950000E-8	0.003338
1.955000E-8	0.002603
1.960000E-8	0.001894
1.965000E-8	0.001309
1.970000E-8	0.000794
1.975000E-8	0.000394
1.980000E-8	0.000259
1.985000E-8	0.000394
1.990000E-8	0.000684
1.995000E-8	0.001150
2.000000E-8	0.001756
2.005000E-8	0.002434
2.010000E-8	0.003162
2.015000E-8	0.003700
2.020000E-8	0.004184
2.025000E-8	0.004484
2.030000E-8	0.004572
2.035000E-8	0.004422
2.040000E-8	0.003981
2.045000E-8	0.003497
2.050000E-8	0.002834
2.055000E-8	0.002047
2.060000E-8	0.001331
2.065000E-8	0.000728
2.070000E-8	0.000213
2.075000E-8	-8.750000E-5
2.080000E-8	-0.000200
2.085000E-8	-3.750000E-5
2.090000E-8	0.000375
2.095000E-8	0.000909
2.100000E-8	0.001569
2.105000E-8	0.002309
2.110000E-8	0.003022
2.115000E-8	0.003728
2.120000E-8	0.004075
2.125000E-8	0.004394
2.130000E-8	0.004513
2.135000E-8	0.004281
2.140000E-8	0.003809
2.145000E-8	0.003344
2.150000E-8	0.002666
2.155000E-8	0.002006
2.160000E-8	0.001322
2.165000E-8	0.000741
2.170000E-8	0.000219
2.175000E-8	0.000106
2.180000E-8	2.812500E-5
2.185000E-8	0.000247
2.190000E-8	0.000678
2.195000E-8	0.001263
2.200000E-8	0.002000
2.205000E-8	0.002675
2.210000E-8	0.003322
2.215000E-8	0.003841
2.220000E-8	0.004237
2.225000E-8	0.004534
2.230000E-8	0.004366
2.235000E-8	0.004072
2.240000E-8	0.003403
2.245000E-8	0.002913
2.250000E-8	0.002128
2.255000E-8	0.001534
2.260000E-8	0.000913
2.265000E-8	0.000297
2.270000E-8	6.250000E-6
2.275000E-8	5.000000E-5
2.280000E-8	0.000134
2.285000E-8	0.000588
2.290000E-8	0.001234
2.295000E-8	0.001991
2.300000E-8	0.002609
2.305000E-8	0.003450
2.310000E-8	0.004066
2.315000E-8	0.004563
2.320000E-8	0.004741
2.325000E-8	0.004709
2.330000E-8	0.004428
2.335000E-8	0.003916
2.340000E-8	0.003234
2.345000E-8	0.002450
2.350000E-8	0.001594
2.355000E-8	0.000884
2.360000E-8	0.000322
2.365000E-8	-0.000166
2.370000E-8	-0.000209
2.375000E-8	-9.687500E-5
2.380000E-8	0.000175
2.385000E-8	0.000691
2.390000E-8	0.001328
2.395000E-8	0.002169
2.400000E-8	0.002897
2.405000E-8	0.003556
2.410000E-8	0.004103
2.415000E-8	0.004409
2.420000E-8	0.004453
2.425000E-8	0.004272
2.430000E-8	0.003909
2.435000E-8	0.003309
2.440000E-8	0.002488
2.445000E-8	0.001766
2.450000E-8	0.000941
2.455000E-8	0.000428
2.460000E-8	-0.000163
2.465000E-8	-0.000291
2.470000E-8	-0.000347
2.475000E-8	-0.000109
2.480000E-8	0.000241
2.485000E-8	0.000956
2.490000E-8	0.001550
2.495000E-8	0.002384
2.500000E-8	0.003072
2.505000E-8	0.003744
2.510000E-8	0.004081
2.515000E-8	0.004197
2.520000E-8	0.004172
2.525000E-8	0.003863
2.530000E-8	0.003388
2.535000E-8	0.002863
2.540000E-8	0.002144
2.545000E-8	0.001525
2.550000E-8	0.000938
2.555000E-8	0.000397
2.560000E-8	0.000113
2.565000E-8	0.000000
2.570000E-8	0.000138
2.575000E-8	0.000525
2.580000E-8	0.001059
2.585000E-8	0.001778
2.590000E-8	0.002516
2.595000E-8	0.003278
2.600000E-8	0.003847
2.605000E-8	0.004175
2.610000E-8	0.004406
2.615000E-8	0.004338
2.620000E-8	0.004097
2.625000E-8	0.003709
2.630000E-8	0.003103
2.635000E-8	0.002472
2.640000E-8	0.001659
2.645000E-8	0.001031
2.650000E-8	0.000572
2.655000E-8	0.000263
2.660000E-8	-9.375000E-6
2.665000E-8	-5.625000E-5
2.670000E-8	0.000213
2.675000E-8	0.000544
2.680000E-8	0.000984
2.685000E-8	0.001713
2.690000E-8	0.002263
2.695000E-8	0.002859
2.700000E-8	0.003328
2.705000E-8	0.003647
2.710000E-8	0.003781
2.715000E-8	0.003756
2.720000E-8	0.003575
2.725000E-8	0.003213
2.730000E-8	0.002594
2.735000E-8	0.002003
2.740000E-8	0.001384
2.745000E-8	0.000825
2.750000E-8	0.000428
2.755000E-8	0.000109
2.760000E-8	-2.500000E-5
2.765000E-8	6.875000E-5
2.770000E-8	0.000188
2.775000E-8	0.000619
2.780000E-8	0.001053
2.785000E-8	0.001703
2.790000E-8	0.002278
2.795000E-8	0.002803
2.800000E-8	0.003288
2.805000E-8	0.003656
2.810000E-8	0.003725
2.815000E-8	0.003653
2.820000E-8	0.003347
2.825000E-8	0.003116
2.830000E-8	0.002559
2.835000E-8	0.001988
2.840000E-8	0.001434
2.845000E-8	0.001009
2.850000E-8	0.000625
2.855000E-8	0.000422
2.860000E-8	0.000334
2.865000E-8	0.000516
2.870000E-8	0.000781
2.875000E-8	0.001231
2.880000E-8	0.001734
2.885000E-8	0.002366
2.890000E-8	0.002850
2.895000E-8	0.003278
2.900000E-8	0.003650
2.905000E-8	0.003916
2.910000E-8	0.003747
2.915000E-8	0.003666
2.920000E-8	0.003138
2.925000E-8	0.002797
2.930000E-8	0.002241
2.935000E-8	0.001706
2.940000E-8	0.001228
2.945000E-8	0.000853
2.950000E-8	0.000500
2.955000E-8	0.000475
2.960000E-8	0.000459
2.965000E-8	0.000703
2.970000E-8	0.000997
2.975000E-8	0.001538
2.980000E-8	0.001944
2.985000E-8	0.002506
2.990000E-8	0.003119
2.995000E-8	0.003594
3.000000E-8	0.003769
3.005000E-8	0.003909
3.010000E-8	0.003819
3.015000E-8	0.003553
3.020000E-8	0.003063
3.025000E-8	0.002597
3.030000E-8	0.001941
3.035000E-8	0.001341
3.040000E-8	0.000928
3.045000E-8	0.000628
3.050000E-8	0.000375
3.055000E-8	0.000281
3.060000E-8	0.000453
3.065000E-8	0.000791
3.070000E-8	0.001213
3.075000E-8	0.001816
3.080000E-8	0.002375
3.085000E-8	0.002997
3.090000E-8	0.003563
3.095000E-8	0.003841
3.100000E-8	0.003988
3.105000E-8	0.004028
3.110000E-8	0.003766
3.115000E-8	0.003525
3.120000E-8	0.003019
3.125000E-8	0.002531
3.130000E-8	0.001878
3.135000E-8	0.001447
3.140000E-8	0.000934
3.145000E-8	0.000563
3.150000E-8	0.000334
3.155000E-8	0.000500
3.160000E-8	0.000678
3.165000E-8	0.001034
3.170000E-8	0.001506
3.175000E-8	0.002222
3.180000E-8	0.002713
3.185000E-8	0.003166
3.190000E-8	0.003653
3.195000E-8	0.003956
3.200000E-8	0.003897
3.205000E-8	0.003775
3.210000E-8	0.003372
3.215000E-8	0.003081
3.220000E-8	0.002475
3.225000E-8	0.001956
3.230000E-8	0.001319
3.235000E-8	0.000825
3.240000E-8	0.000513
3.245000E-8	0.000409
3.250000E-8	0.000372
3.255000E-8	0.000619
3.260000E-8	0.000891
3.265000E-8	0.001375
3.270000E-8	0.001841
3.275000E-8	0.002384
3.280000E-8	0.002894
3.285000E-8	0.003341
3.290000E-8	0.003647
3.295000E-8	0.003791
3.300000E-8	0.003575
3.305000E-8	0.003350
3.310000E-8	0.002941
3.315000E-8	0.002456
3.320000E-8	0.001984
3.325000E-8	0.001500
3.330000E-8	0.001063
3.335000E-8	0.000794
3.340000E-8	0.000537
3.345000E-8	0.000463
3.350000E-8	0.000569
3.355000E-8	0.000994
3.360000E-8	0.001203
3.365000E-8	0.001656
3.370000E-8	0.002169
3.375000E-8	0.002763
3.380000E-8	0.003075
3.385000E-8	0.003453
3.390000E-8	0.003647
3.395000E-8	0.003641
3.400000E-8	0.003484
3.405000E-8	0.003219
3.410000E-8	0.002919
3.415000E-8	0.002422
3.420000E-8	0.001966
3.425000E-8	0.001550
3.430000E-8	0.001159
3.435000E-8	0.000947
3.440000E-8	0.000737
3.445000E-8	0.000803
3.450000E-8	0.000897
3.455000E-8	0.001291
3.460000E-8	0.001828
3.465000E-8	0.002059
3.470000E-8	0.002363
3.475000E-8	0.002847
3.480000E-8	0.003091
3.485000E-8	0.003356
3.490000E-8	0.003425
3.495000E-8	0.003400
3.500000E-8	0.003350
3.505000E-8	0.002997
3.510000E-8	0.002497
3.515000E-8	0.002078
3.520000E-8	0.001656
3.525000E-8	0.001347
3.530000E-8	0.001100
3.535000E-8	0.000919
3.540000E-8	0.000694
3.545000E-8	0.000722
3.550000E-8	0.000847
3.555000E-8	0.001128
3.560000E-8	0.001447
3.565000E-8	0.001934
3.570000E-8	0.002194
3.575000E-8	0.002603
3.580000E-8	0.002866
3.585000E-8	0.003156
3.590000E-8	0.003234
3.595000E-8	0.003200
3.600000E-8	0.003025
3.605000E-8	0.002888
3.610000E-8	0.002606
3.615000E-8	0.002122
3.620000E-8	0.001734
3.625000E-8	0.001381
3.630000E-8	0.001084
3.635000E-8	0.000813
3.640000E-8	0.000784
3.645000E-8	0.000838
3.650000E-8	0.001034
3.655000E-8	0.001303
3.660000E-8	0.001553
3.665000E-8	0.002050
3.670000E-8	0.002447
3.675000E-8	0.002913
3.680000E-8	0.003097
3.685000E-8	0.003213
3.690000E-8	0.003284
3.695000E-8	0.003125
3.700000E-8	0.002809
3.705000E-8	0.002650
3.710000E-8	0.002213
3.715000E-8	0.001878
3.720000E-8	0.001322
3.725000E-8	0.001088
3.730000E-8	0.000997
3.735000E-8	0.000994
3.740000E-8	0.000913
3.745000E-8	0.001163
3.750000E-8	0.001378
3.755000E-8	0.001716
3.760000E-8	0.002106
3.765000E-8	0.002519
3.770000E-8	0.002909
3.775000E-8	0.003122
3.780000E-8	0.003284
3.785000E-8	0.003378
3.790000E-8	0.003244
3.795000E-8	0.003056
3.800000E-8	0.002662
3.805000E-8	0.002453
3.810000E-8	0.001953
3.815000E-8	0.001656
3.820000E-8	0.001288
3.825000E-8	0.000988
3.830000E-8	0.000737
3.835000E-8	0.000797
3.840000E-8	0.000825
3.845000E-8	0.001119
3.850000E-8	0.001381
3.855000E-8	0.001784
3.860000E-8	0.002153
3.865000E-8	0.002541
3.870000E-8	0.002819
3.875000E-8	0.003038
3.880000E-8	0.003153
3.885000E-8	0.003206
3.890000E-8	0.003006
3.895000E-8	0.002725
3.900000E-8	0.002363
3.905000E-8	0.002059
3.910000E-8	0.001659
3.915000E-8	0.001334
3.920000E-8	0.001131
3.925000E-8	0.001134
3.930000E-8	0.001066
3.935000E-8	0.001106
3.940000E-8	0.001306
3.945000E-8	0.001584
3.950000E-8	0.001863
3.955000E-8	0.002172
3.960000E-8	0.002434
3.965000E-8	0.002772
3.970000E-8	0.003028
3.975000E-8	0.003153
3.980000E-8	0.003025
3.985000E-8	0.002941
3.990000E-8	0.002722
3.995000E-8	0.002434
4.000000E-8	0.002109
4.005000E-8	0.001819
4.010000E-8	0.001544
4.015000E-8	0.001231
4.020000E-8	0.000975
4.025000E-8	0.000981
4.030000E-8	0.000909
4.035000E-8	0.001159
4.040000E-8	0.001409
4.045000E-8	0.001722
4.050000E-8	0.002053
4.055000E-8	0.002459
4.060000E-8	0.002747
4.065000E-8	0.003072
4.070000E-8	0.003300
4.075000E-8	0.003463
4.080000E-8	0.003306
4.085000E-8	0.003113
4.090000E-8	0.002925
4.095000E-8	0.002653
4.100000E-8	0.002209
4.105000E-8	0.001913
4.110000E-8	0.001481
4.115000E-8	0.001309
4.120000E-8	0.001097
4.125000E-8	0.001050
4.130000E-8	0.001138
4.135000E-8	0.001234
4.140000E-8	0.001413
4.145000E-8	0.001738
4.150000E-8	0.002094
4.155000E-8	0.002444
4.160000E-8	0.002703
4.165000E-8	0.003022
4.170000E-8	0.003222
4.175000E-8	0.003228
4.180000E-8	0.003091
4.185000E-8	0.002978
4.190000E-8	0.002694
4.195000E-8	0.002431
4.200000E-8	0.002113
4.205000E-8	0.001944
4.210000E-8	0.001622
4.215000E-8	0.001441
4.220000E-8	0.001256
4.225000E-8	0.001197
4.230000E-8	0.001166
4.235000E-8	0.001397
4.240000E-8	0.001563
4.245000E-8	0.001859
4.250000E-8	0.002122
4.255000E-8	0.002534
4.260000E-8	0.002781
4.265000E-8	0.003009
4.270000E-8	0.003162
4.275000E-8	0.003097
4.280000E-8	0.002978
4.285000E-8	0.002763
4.290000E-8	0.002497
4.295000E-8	0.002219
4.300000E-8	0.001906
4.305000E-8	0.001550
4.310000E-8	0.001425
4.315000E-8	0.001291
4.320000E-8	0.001169
4.325000E-8	0.001300
4.330000E-8	0.001488
4.335000E-8	0.001591
4.340000E-8	0.001866
4.345000E-8	0.002213
4.350000E-8	0.002597
4.355000E-8	0.002909
4.360000E-8	0.003047
4.365000E-8	0.003116
4.370000E-8	0.003175
4.375000E-8	0.003259
4.380000E-8	0.003100
4.385000E-8	0.002831
4.390000E-8	0.002563
4.395000E-8	0.002294
4.400000E-8	0.001937
4.405000E-8	0.001669
4.410000E-8	0.001391
4.415000E-8	0.001222
4.420000E-8	0.001084
4.425000E-8	0.001222
4.430000E-8	0.001325
4.435000E-8	0.001603
4.440000E-8	0.001931
4.445000E-8	0.002381
4.450000E-8	0.002638
4.455000E-8	0.002909
4.460000E-8	0.003153
4.465000E-8	0.003281
4.470000E-8	0.003259
4.475000E-8	0.003191
4.480000E-8	0.002906
4.485000E-8	0.002534
4.490000E-8	0.002184
4.495000E-8	0.001838
4.500000E-8	0.001566
4.505000E-8	0.001322
4.510000E-8	0.001044
4.515000E-8	0.001066
4.520000E-8	0.001109
4.525000E-8	0.001362
4.530000E-8	0.001475
4.535000E-8	0.001616
4.540000E-8	0.002041
4.545000E-8	0.002363
4.550000E-8	0.002578
4.555000E-8	0.002803
4.560000E-8	0.003006
4.565000E-8	0.002944
4.570000E-8	0.002888
4.575000E-8	0.002784
4.580000E-8	0.002544
4.585000E-8	0.002206
4.590000E-8	0.001897
4.595000E-8	0.001625
4.600000E-8	0.001244
4.605000E-8	0.001106
4.610000E-8	0.001091
4.615000E-8	0.001169
4.620000E-8	0.001088
4.625000E-8	0.001281
4.630000E-8	0.001519
4.635000E-8	0.001884
4.640000E-8	0.002103
4.645000E-8	0.002363
4.650000E-8	0.002563
4.655000E-8	0.002759
4.660000E-8	0.002731
4.665000E-8	0.002741
4.670000E-8	0.002587
4.675000E-8	0.002463
4.680000E-8	0.002172
4.685000E-8	0.001897
4.690000E-8	0.001669
4.695000E-8	0.001469
4.700000E-8	0.001194
4.705000E-8	0.001141
4.710000E-8	0.001094
4.715000E-8	0.001184
4.720000E-8	0.001253
4.725000E-8	0.001500
4.730000E-8	0.001738
4.735000E-8	0.002134
4.740000E-8	0.002231
4.745000E-8	0.002469
4.750000E-8	0.002534
4.755000E-8	0.002528
4.760000E-8	0.002416
4.765000E-8	0.002400
4.770000E-8	0.002228
4.775000E-8	0.002028
4.780000E-8	0.001819
4.785000E-8	0.001659
4.790000E-8	0.001522
4.795000E-8	0.001509
4.800000E-8	0.001344
4.805000E-8	0.001319
4.810000E-8	0.001378
4.815000E-8	0.001416
4.820000E-8	0.001594
4.825000E-8	0.001869
4.830000E-8	0.001997
4.835000E-8	0.002234
4.840000E-8	0.002381
4.845000E-8	0.002550
4.850000E-8	0.002666
4.855000E-8	0.002688
4.860000E-8	0.002653
4.865000E-8	0.002372
4.870000E-8	0.001969
4.875000E-8	0.001869
4.880000E-8	0.001575
4.885000E-8	0.001556
4.890000E-8	0.001341
4.895000E-8	0.001153
4.900000E-8	0.000984
4.905000E-8	0.000941
4.910000E-8	0.000966
4.915000E-8	0.001197
4.920000E-8	0.001294
4.925000E-8	0.001609
4.930000E-8	0.001838
4.935000E-8	0.002178
4.940000E-8	0.002456
4.945000E-8	0.002619
4.950000E-8	0.002659
4.955000E-8	0.002678
4.960000E-8	0.002638
4.965000E-8	0.002647
4.970000E-8	0.002503
4.975000E-8	0.002344
4.980000E-8	0.002103
4.985000E-8	0.001959
4.990000E-8	0.001831
4.995000E-8	0.001763
5.000000E-8	0.001700
5.005000E-8	0.001728
5.010000E-8	0.001728
5.015000E-8	0.001913
5.020000E-8	0.002119
5.025000E-8	0.002397
5.030000E-8	0.002569
5.035000E-8	0.002734
5.040000E-8	0.002863
5.045000E-8	0.002944
5.050000E-8	0.002888
5.055000E-8	0.002938
5.060000E-8	0.002978
5.065000E-8	0.002803
5.070000E-8	0.002478
5.075000E-8	0.002209
5.080000E-8	0.002012
5.085000E-8	0.001872
5.090000E-8	0.001706
5.095000E-8	0.001741
5.100000E-8	0.001606
5.105000E-8	0.001522
5.110000E-8	0.001447
5.115000E-8	0.001628
5.120000E-8	0.001822
5.125000E-8	0.002019
5.130000E-8	0.002266
5.135000E-8	0.002416
5.140000E-8	0.002644
5.145000E-8	0.002788
5.150000E-8	0.002719
5.155000E-8	0.002709
5.160000E-8	0.002638
5.165000E-8	0.002519
5.170000E-8	0.002225
5.175000E-8	0.002050
5.180000E-8	0.001725
5.185000E-8	0.001622
5.190000E-8	0.001378
5.195000E-8	0.001291
5.200000E-8	0.001384
5.205000E-8	0.001528
5.210000E-8	0.001631
5.215000E-8	0.001934
5.220000E-8	0.002144
5.225000E-8	0.002453
5.230000E-8	0.002769
5.235000E-8	0.002981
5.240000E-8	0.003084
5.245000E-8	0.003169
5.250000E-8	0.003091
5.255000E-8	0.002934
5.260000E-8	0.002694
5.265000E-8	0.002522
5.270000E-8	0.002213
5.275000E-8	0.001900
5.280000E-8	0.001653
5.285000E-8	0.001550
5.290000E-8	0.001356
5.295000E-8	0.001450
5.300000E-8	0.001469
5.305000E-8	0.001506
5.310000E-8	0.001703
5.315000E-8	0.001906
5.320000E-8	0.002056
5.325000E-8	0.002409
5.330000E-8	0.002544
5.335000E-8	0.002691
5.340000E-8	0.002656
5.345000E-8	0.002759
5.350000E-8	0.002684
5.355000E-8	0.002481
5.360000E-8	0.002284
5.365000E-8	0.002125
5.370000E-8	0.001866
5.375000E-8	0.001763
5.380000E-8	0.001525
5.385000E-8	0.001534
5.390000E-8	0.001369
5.395000E-8	0.001491
5.400000E-8	0.001491
5.405000E-8	0.001716
5.410000E-8	0.001816
5.415000E-8	0.002103
5.420000E-8	0.002263
5.425000E-8	0.002456
5.430000E-8	0.002472
5.435000E-8	0.002528
5.440000E-8	0.002538
5.445000E-8	0.002584
5.450000E-8	0.002488
5.455000E-8	0.002416
5.460000E-8	0.002328
5.465000E-8	0.002159
5.470000E-8	0.001959
5.475000E-8	0.001850
5.480000E-8	0.001750
5.485000E-8	0.001709
5.490000E-8	0.001622
5.495000E-8	0.001659
5.500000E-8	0.001659
5.505000E-8	0.001888
5.510000E-8	0.002084
5.515000E-8	0.002281
5.520000E-8	0.002447
5.525000E-8	0.002628
5.530000E-8	0.002769
5.535000E-8	0.002759
5.540000E-8	0.002781
5.545000E-8	0.002688
5.550000E-8	0.002591
5.555000E-8	0.002325
5.560000E-8	0.002119
5.565000E-8	0.001969
5.570000E-8	0.001763
5.575000E-8	0.001672
5.580000E-8	0.001534
5.585000E-8	0.001547
5.590000E-8	0.001469
5.595000E-8	0.001663
5.600000E-8	0.001809
5.605000E-8	0.001909
5.610000E-8	0.002075
5.615000E-8	0.002213
5.620000E-8	0.002313
5.625000E-8	0.002437
5.630000E-8	0.002581
5.635000E-8	0.002609
5.640000E-8	0.002516
5.645000E-8	0.002503
5.650000E-8	0.002400
5.655000E-8	0.002375
5.660000E-8	0.002128
5.665000E-8	0.002047
5.670000E-8	0.001738
5.675000E-8	0.001681
5.680000E-8	0.001606
5.685000E-8	0.001544
5.690000E-8	0.001581
5.695000E-8	0.001584
5.700000E-8	0.001703
5.705000E-8	0.001841
5.710000E-8	0.001916
5.715000E-8	0.002275
5.720000E-8	0.002281
5.725000E-8	0.002534
5.730000E-8	0.002559
5.735000E-8	0.002572
5.740000E-8	0.002613
5.745000E-8	0.002694
5.750000E-8	0.002534
5.755000E-8	0.002366
5.760000E-8	0.002169
5.765000E-8	0.001997
5.770000E-8	0.001784
5.775000E-8	0.001634
5.780000E-8	0.001500
5.785000E-8	0.001403
5.790000E-8	0.001362
5.795000E-8	0.001425
5.800000E-8	0.001622
5.805000E-8	0.001863
5.810000E-8	0.002038
5.815000E-8	0.002300
5.820000E-8	0.002481
5.825000E-8	0.002713
5.830000E-8	0.002772
5.835000E-8	0.002891
5.840000E-8	0.002675
5.845000E-8	0.002525
5.850000E-8	0.002366
5.855000E-8	0.002153
5.860000E-8	0.001853
5.865000E-8	0.001647
5.870000E-8	0.001478
5.875000E-8	0.001303
5.880000E-8	0.001116
5.885000E-8	0.001219
5.890000E-8	0.001106
5.895000E-8	0.001369
5.900000E-8	0.001516
5.905000E-8	0.001794
5.910000E-8	0.001969
5.915000E-8	0.002075
5.920000E-8	0.002231
5.925000E-8	0.002359
5.930000E-8	0.002375
5.935000E-8	0.002359
5.940000E-8	0.002303
5.945000E-8	0.002087
5.950000E-8	0.001975
5.955000E-8	0.001859
5.960000E-8	0.001772
5.965000E-8	0.001650
5.970000E-8	0.001538
5.975000E-8	0.001503
5.980000E-8	0.001481
5.985000E-8	0.001500
5.990000E-8	0.001563
5.995000E-8	0.001681
6.000000E-8	0.001847
6.005000E-8	0.002106
6.010000E-8	0.002241
6.015000E-8	0.002403
6.020000E-8	0.002506
6.025000E-8	0.002603
6.030000E-8	0.002788
6.035000E-8	0.002850
6.040000E-8	0.002700
6.045000E-8	0.002553
6.050000E-8	0.002359
6.055000E-8	0.002244
6.060000E-8	0.002038
6.065000E-8	0.001875
6.070000E-8	0.001769
6.075000E-8	0.001763
6.080000E-8	0.001809
6.085000E-8	0.001966
6.090000E-8	0.002075
6.095000E-8	0.002247
6.100000E-8	0.002425
6.105000E-8	0.002559
6.110000E-8	0.002734
6.115000E-8	0.002809
6.120000E-8	0.002803
6.125000E-8	0.002763
6.130000E-8	0.002653
6.135000E-8	0.002525
6.140000E-8	0.002381
6.145000E-8	0.002197
6.150000E-8	0.002094
6.155000E-8	0.001919
6.160000E-8	0.001716
6.165000E-8	0.001666
6.170000E-8	0.001612
6.175000E-8	0.001647
6.180000E-8	0.001653
6.185000E-8	0.001675
6.190000E-8	0.001647
6.195000E-8	0.001756
6.200000E-8	0.001756
6.205000E-8	0.002009
6.210000E-8	0.002094
6.215000E-8	0.002197
6.220000E-8	0.002288
6.225000E-8	0.002291
6.230000E-8	0.002294
6.235000E-8	0.002209
6.240000E-8	0.002087
6.245000E-8	0.002109
6.250000E-8	0.001906
6.255000E-8	0.001738
6.260000E-8	0.001656
6.265000E-8	0.001650
6.270000E-8	0.001600
6.275000E-8	0.001706
6.280000E-8	0.001694
6.285000E-8	0.001838
6.290000E-8	0.001813
6.295000E-8	0.002031
6.300000E-8	0.002162
6.305000E-8	0.002213
6.310000E-8	0.002269
6.315000E-8	0.002181
6.320000E-8	0.002156
6.325000E-8	0.002034
6.330000E-8	0.001981
6.335000E-8	0.001919
6.340000E-8	0.001819
6.345000E-8	0.001778
6.350000E-8	0.001744
6.355000E-8	0.001838
6.360000E-8	0.001919
6.365000E-8	0.001919
6.370000E-8	0.002003
6.375000E-8	0.002344
6.380000E-8	0.002313
6.385000E-8	0.002466
6.390000E-8	0.002534
6.395000E-8	0.002716
6.400000E-8	0.002672
6.405000E-8	0.002719
6.410000E-8	0.002713
6.415000E-8	0.002759
6.420000E-8	0.002709
6.425000E-8	0.002603
6.430000E-8	0.002431
6.435000E-8	0.002338
6.440000E-8	0.002138
6.445000E-8	0.002078
6.450000E-8	0.001975
6.455000E-8	0.002038
6.460000E-8	0.001850
6.465000E-8	0.001853
6.470000E-8	0.001937
6.475000E-8	0.001856
6.480000E-8	0.002025
6.485000E-8	0.002141
6.490000E-8	0.002281
6.495000E-8	0.002450
6.500000E-8	0.002531
6.505000E-8	0.002728
6.510000E-8	0.002675
6.515000E-8	0.002678
6.520000E-8	0.002603
6.525000E-8	0.002559
6.530000E-8	0.002313
6.535000E-8	0.002116
6.540000E-8	0.001963
6.545000E-8	0.001875
6.550000E-8	0.001713
6.555000E-8	0.001619
6.560000E-8	0.001578
6.565000E-8	0.001559
6.570000E-8	0.001631
6.575000E-8	0.001906
6.580000E-8	0.001963
6.585000E-8	0.002134
6.590000E-8	0.002263
6.595000E-8	0.002466
6.600000E-8	0.002547
6.605000E-8	0.002581
6.610000E-8	0.002488
6.615000E-8	0.002456
6.620000E-8	0.002444
6.625000E-8	0.002356
6.630000E-8	0.002272
6.635000E-8	0.002128
6.640000E-8	0.002022
6.645000E-8	0.001959
6.650000E-8	0.001834
6.655000E-8	0.001766
6.660000E-8	0.001775
6.665000E-8	0.001909
6.670000E-8	0.001794
6.675000E-8	0.001784
6.680000E-8	0.001878
6.685000E-8	0.001856
6.690000E-8	0.001919
6.695000E-8	0.002084
6.700000E-8	0.002066
6.705000E-8	0.002166
6.710000E-8	0.002194
6.715000E-8	0.002313
6.720000E-8	0.002391
6.725000E-8	0.002344
6.730000E-8	0.002125
6.735000E-8	0.002128
6.740000E-8	0.002000
6.745000E-8	0.001888
6.750000E-8	0.001813
6.755000E-8	0.001666
6.760000E-8	0.001656
6.765000E-8	0.001697
6.770000E-8	0.001713
6.775000E-8	0.001844
6.780000E-8	0.001819
6.785000E-8	0.001997
6.790000E-8	0.001988
6.795000E-8	0.002075
6.800000E-8	0.002219
6.805000E-8	0.002219
6.810000E-8	0.002263
6.815000E-8	0.002181
6.820000E-8	0.002012
6.825000E-8	0.002044
6.830000E-8	0.001906
6.835000E-8	0.001853
6.840000E-8	0.001675
6.845000E-8	0.001522
6.850000E-8	0.001563
6.855000E-8	0.001672
6.860000E-8	0.001700
6.865000E-8	0.001884
6.870000E-8	0.001825
6.875000E-8	0.001941
6.880000E-8	0.001975
6.885000E-8	0.002081
6.890000E-8	0.002309
6.895000E-8	0.002366
6.900000E-8	0.002297
6.905000E-8	0.002244
6.910000E-8	0.002203
6.915000E-8	0.002178
6.920000E-8	0.002097
6.925000E-8	0.002044
6.930000E-8	0.001956
6.935000E-8	0.001969
6.940000E-8	0.001972
6.945000E-8	0.002006
6.950000E-8	0.001913
6.955000E-8	0.002025
6.960000E-8	0.002059
6.965000E-8	0.002075
6.970000E-8	0.002131
6.975000E-8	0.002188
6.980000E-8	0.002156
6.985000E-8	0.002288
6.990000E-8	0.002222
6.995000E-8	0.002369
7.000000E-8	0.002309
7.005000E-8	0.002325
7.010000E-8	0.002259
7.015000E-8	0.002162
7.020000E-8	0.002153
7.025000E-8	0.002091
7.030000E-8	0.002016
7.035000E-8	0.001950
7.040000E-8	0.001903
7.045000E-8	0.001931
7.050000E-8	0.001797
7.055000E-8	0.001719
7.060000E-8	0.001675
7.065000E-8	0.001819
7.070000E-8	0.001884
7.075000E-8	0.002087
7.080000E-8	0.002194
7.085000E-8	0.002269
7.090000E-8	0.002353
7.095000E-8	0.002516
7.100000E-8	0.002472
7.105000E-8	0.002556
7.110000E-8	0.002475
7.115000E-8	0.002453
7.120000E-8	0.002319
7.125000E-8	0.002288
7.130000E-8	0.002206
7.135000E-8	0.002184
7.140000E-8	0.001997
7.145000E-8	0.001838
7.150000E-8	0.001841
7.155000E-8	0.001863
7.160000E-8	0.001725
7.165000E-8	0.001809
7.170000E-8	0.001794
7.175000E-8	0.001894
7.180000E-8	0.002053
7.185000E-8	0.002209
7.190000E-8	0.002278
7.195000E-8	0.002381
7.200000E-8	0.002400
7.205000E-8	0.002522
7.210000E-8	0.002488
7.215000E-8	0.002453
7.220000E-8	0.002272
7.225000E-8	0.002241
7.230000E-8	0.002141
7.235000E-8	0.002063
7.240000E-8	0.002056
7.245000E-8	0.002087
7.250000E-8	0.002094
7.255000E-8	0.002131
7.260000E-8	0.002128
7.265000E-8	0.002253
7.270000E-8	0.002228
7.275000E-8	0.002409
7.280000E-8	0.002363
7.285000E-8	0.002456
7.290000E-8	0.002353
7.295000E-8	0.002344
7.300000E-8	0.002266
7.305000E-8	0.002231
7.310000E-8	0.002138
7.315000E-8	0.002150
7.320000E-8	0.002022
7.325000E-8	0.001991
7.330000E-8	0.001934
7.335000E-8	0.001878
7.340000E-8	0.001841
7.345000E-8	0.001894
7.350000E-8	0.001941
7.355000E-8	0.001978
7.360000E-8	0.002075
7.365000E-8	0.002244
7.370000E-8	0.002284
7.375000E-8	0.002353
7.380000E-8	0.002384
7.385000E-8	0.002459
7.390000E-8	0.002334
7.395000E-8	0.002309
7.400000E-8	0.002122
7.405000E-8	0.002081
7.410000E-8	0.001944
7.415000E-8	0.002003
7.420000E-8	0.001869
7.425000E-8	0.001903
7.430000E-8	0.001878
7.435000E-8	0.001778
7.440000E-8	0.001747
7.445000E-8	0.001906
7.450000E-8	0.002081
7.455000E-8	0.002134
7.460000E-8	0.002128
7.465000E-8	0.002250
7.470000E-8	0.002381
7.475000E-8	0.002331
7.480000E-8	0.002322
7.485000E-8	0.002391
7.490000E-8	0.002425
7.495000E-8	0.002359
7.500000E-8	0.002369
7.505000E-8	0.002341
7.510000E-8	0.002219
7.515000E-8	0.002091
7.520000E-8	0.002063
7.525000E-8	0.001984
7.530000E-8	0.001847
7.535000E-8	0.001916
7.540000E-8	0.001822
7.545000E-8	0.001975
7.550000E-8	0.002087
7.555000E-8	0.002194
7.560000E-8	0.002300
7.565000E-8	0.002419
7.570000E-8	0.002503
7.575000E-8	0.002544
7.580000E-8	0.002528
7.585000E-8	0.002503
7.590000E-8	0.002466
7.595000E-8	0.002441
7.600000E-8	0.002309
7.605000E-8	0.002216
7.610000E-8	0.001784
7.615000E-8	0.001681
7.620000E-8	0.001559
7.625000E-8	0.001575
7.630000E-8	0.001428
7.635000E-8	0.001469
7.640000E-8	0.001469
7.645000E-8	0.001628
7.650000E-8	0.001666
7.655000E-8	0.001884
7.660000E-8	0.001997
7.665000E-8	0.002141
7.670000E-8	0.002162
7.675000E-8	0.002297
7.680000E-8	0.002297
7.685000E-8	0.002294
7.690000E-8	0.002316
7.695000E-8	0.002303
7.700000E-8	0.002200
7.705000E-8	0.002138
7.710000E-8	0.002012
7.715000E-8	0.002084
7.720000E-8	0.002016
7.725000E-8	0.002053
7.730000E-8	0.001966
7.735000E-8	0.002025
7.740000E-8	0.002031
7.745000E-8	0.002075
7.750000E-8	0.002097
7.755000E-8	0.002184
7.760000E-8	0.002038
7.765000E-8	0.002209
7.770000E-8	0.002172
7.775000E-8	0.002213
7.780000E-8	0.002087
7.785000E-8	0.002000
7.790000E-8	0.002000
7.795000E-8	0.001981
7.800000E-8	0.001847
7.805000E-8	0.001838
7.810000E-8	0.001784
7.815000E-8	0.001813
7.820000E-8	0.001872
7.825000E-8	0.001825
7.830000E-8	0.001825
7.835000E-8	0.001956
7.840000E-8	0.001975
7.845000E-8	0.002044
7.850000E-8	0.002056
7.855000E-8	0.002059
7.860000E-8	0.002159
7.865000E-8	0.002162
7.870000E-8	0.002162
7.875000E-8	0.002284
7.880000E-8	0.002128
7.885000E-8	0.002197
7.890000E-8	0.002159
7.895000E-8	0.001956
7.900000E-8	0.001922
7.905000E-8	0.001928
7.910000E-8	0.001984
7.915000E-8	0.001925
7.920000E-8	0.001897
7.925000E-8	0.001984
7.930000E-8	0.002028
7.935000E-8	0.002034
7.940000E-8	0.002087
7.945000E-8	0.002184
7.950000E-8	0.002181
7.955000E-8	0.002244
7.960000E-8	0.002213
7.965000E-8	0.002234
7.970000E-8	0.002209
7.975000E-8	0.002256
7.980000E-8	0.002194
7.985000E-8	0.002241
7.990000E-8	0.002128
7.995000E-8	0.002131
8.000000E-8	0.002022
8.005000E-8	0.001975
8.010000E-8	0.001913
8.015000E-8	0.001994
8.020000E-8	0.001944
8.025000E-8	0.001928
8.030000E-8	0.001953
8.035000E-8	0.001959
8.040000E-8	0.002009
8.045000E-8	0.002000
8.050000E-8	0.002119
8.055000E-8	0.002206
8.060000E-8	0.002269
8.065000E-8	0.002341
8.070000E-8	0.002388
8.075000E-8	0.002406
8.080000E-8	0.002313
8.085000E-8	0.002278
8.090000E-8	0.002188
8.095000E-8	0.002138
8.100000E-8	0.002050
8.105000E-8	0.002044
8.110000E-8	0.001956
8.115000E-8	0.001903
8.120000E-8	0.001872
8.125000E-8	0.001925
8.130000E-8	0.001859
8.135000E-8	0.001950
8.140000E-8	0.002106
8.145000E-8	0.002178
8.150000E-8	0.002094
8.155000E-8	0.002213
8.160000E-8	0.002206
8.165000E-8	0.002225
8.170000E-8	0.002209
8.175000E-8	0.002188
8.180000E-8	0.002050
8.185000E-8	0.001950
8.190000E-8	0.001884
8.195000E-8	0.001919
8.200000E-8	0.001881
8.205000E-8	0.001875
8.210000E-8	0.001825
8.215000E-8	0.001963
8.220000E-8	0.001934
8.225000E-8	0.001994
8.230000E-8	0.001941
8.235000E-8	0.002028
8.240000E-8	0.002075
8.245000E-8	0.002022
8.250000E-8	0.001972
8.255000E-8	0.002066
8.260000E-8	0.002016
8.265000E-8	0.001963
8.270000E-8	0.001869
8.275000E-8	0.001966
8.280000E-8	0.001788
8.285000E-8	0.001772
8.290000E-8	0.001722
8.295000E-8	0.001725
8.300000E-8	0.001741
8.305000E-8	0.001850
8.310000E-8	0.001700
8.315000E-8	0.001741
8.320000E-8	0.001687
8.325000E-8	0.001722
8.330000E-8	0.001966
8.335000E-8	0.002072
8.340000E-8	0.002169
8.345000E-8	0.002288
8.350000E-8	0.002275
8.355000E-8	0.002363
8.360000E-8	0.002313
8.365000E-8	0.002303
8.370000E-8	0.002237
8.375000E-8	0.002272
8.380000E-8	0.002197
8.385000E-8	0.002128
8.390000E-8	0.002059
8.395000E-8	0.001991
8.400000E-8	0.001944
8.405000E-8	0.001941
8.410000E-8	0.001963
8.415000E-8	0.002044
8.420000E-8	0.001881
8.425000E-8	0.001950
8.430000E-8	0.002050
8.435000E-8	0.002109
8.440000E-8	0.002122
8.445000E-8	0.002184
8.450000E-8	0.002200
8.455000E-8	0.002247
8.460000E-8	0.002147
8.465000E-8	0.002259
8.470000E-8	0.002091
8.475000E-8	0.002019
8.480000E-8	0.001884
8.485000E-8	0.001850
8.490000E-8	0.001850
8.495000E-8	0.001806
8.500000E-8	0.001728
8.505000E-8	0.001769
8.510000E-8	0.001819
8.515000E-8	0.001850
8.520000E-8	0.001847
8.525000E-8	0.001878
8.530000E-8	0.002000
8.535000E-8	0.002056
8.540000E-8	0.002038
8.545000E-8	0.002031
8.550000E-8	0.002025
8.555000E-8	0.002153
8.560000E-8	0.002103
8.565000E-8	0.002122
8.570000E-8	0.002044
8.575000E-8	0.002022
8.580000E-8	0.001947
8.585000E-8	0.001925
8.590000E-8	0.001934
8.595000E-8	0.002006
8.600000E-8	0.001994
8.605000E-8	0.001991
8.610000E-8	0.002041
8.615000E-8	0.002144
8.620000E-8	0.002119
8.625000E-8	0.002325
8.630000E-8	0.002303
8.635000E-8	0.002338
8.640000E-8	0.002334
8.645000E-8	0.002375
8.650000E-8	0.002294
8.655000E-8	0.002463
8.660000E-8	0.002303
8.665000E-8	0.002169
8.670000E-8	0.002119
8.675000E-8	0.002059
8.680000E-8	0.001897
8.685000E-8	0.001950
8.690000E-8	0.001816
8.695000E-8	0.001828
8.700000E-8	0.001703
8.705000E-8	0.001838
8.710000E-8	0.001856
8.715000E-8	0.001981
8.720000E-8	0.001959
8.725000E-8	0.002034
8.730000E-8	0.002041
8.735000E-8	0.002156
8.740000E-8	0.002094
8.745000E-8	0.002078
8.750000E-8	0.002028
8.755000E-8	0.002094
8.760000E-8	0.002025
8.765000E-8	0.002038
8.770000E-8	0.001931
8.775000E-8	0.001888
8.780000E-8	0.001841
8.785000E-8	0.001769
8.790000E-8	0.001809
8.795000E-8	0.001975
8.800000E-8	0.001991
8.805000E-8	0.001984
8.810000E-8	0.001966
8.815000E-8	0.002081
8.820000E-8	0.002103
8.825000E-8	0.002213
8.830000E-8	0.002219
8.835000E-8	0.002384
8.840000E-8	0.002253
8.845000E-8	0.002303
8.850000E-8	0.002234
8.855000E-8	0.002275
8.860000E-8	0.002219
8.865000E-8	0.002150
8.870000E-8	0.002075
8.875000E-8	0.001884
8.880000E-8	0.001806
8.885000E-8	0.001894
8.890000E-8	0.001763
8.895000E-8	0.001766
8.900000E-8	0.001694
8.905000E-8	0.001669
8.910000E-8	0.001781
8.915000E-8	0.002059
8.920000E-8	0.002081
8.925000E-8	0.002191
8.930000E-8	0.002275
8.935000E-8	0.002300
8.940000E-8	0.002347
8.945000E-8	0.002409
8.950000E-8	0.002197
8.955000E-8	0.002147
8.960000E-8	0.002038
8.965000E-8	0.001981
8.970000E-8	0.001922
8.975000E-8	0.001909
8.980000E-8	0.001784
8.985000E-8	0.001778
8.990000E-8	0.001706
8.995000E-8	0.001875
9.000000E-8	0.001916
9.005000E-8	0.002047
9.010000E-8	0.002034
9.015000E-8	0.002138
9.020000E-8	0.002084
9.025000E-8	0.002128
9.030000E-8	0.002016
9.035000E-8	0.002234
9.040000E-8	0.002191
9.045000E-8	0.002200
9.050000E-8	0.002175
9.055000E-8	0.002178
9.060000E-8	0.002069
9.065000E-8	0.002116
9.070000E-8	0.002066
9.075000E-8	0.002056
9.080000E-8	0.001931
9.085000E-8	0.001834
9.090000E-8	0.001744
9.095000E-8	0.001756
9.100000E-8	0.001766
9.105000E-8	0.001809
9.110000E-8	0.001806
9.115000E-8	0.001834
9.120000E-8	0.001788
9.125000E-8	0.002056
9.130000E-8	0.001991
9.135000E-8	0.002041
9.140000E-8	0.002188
9.145000E-8	0.002275
9.150000E-8	0.002247
9.155000E-8	0.002275
9.160000E-8	0.002175
9.165000E-8	0.002150
9.170000E-8	0.002041
9.175000E-8	0.002162
9.180000E-8	0.002247
9.185000E-8	0.002075
9.190000E-8	0.002106
9.195000E-8	0.002191
9.200000E-8	0.002166
9.205000E-8	0.002206
9.210000E-8	0.002147
9.215000E-8	0.002184
9.220000E-8	0.002159
9.225000E-8	0.002178
9.230000E-8	0.002141
9.235000E-8	0.002131
9.240000E-8	0.002175
9.245000E-8	0.002178
9.250000E-8	0.002150
9.255000E-8	0.002159
9.260000E-8	0.002069
9.265000E-8	0.002169
9.270000E-8	0.002034
9.275000E-8	0.002116
9.280000E-8	0.002063
9.285000E-8	0.002100
9.290000E-8	0.002059
9.295000E-8	0.002141
9.300000E-8	0.002191
9.305000E-8	0.002306
9.310000E-8	0.002266
9.315000E-8	0.002388
9.320000E-8	0.002269
9.325000E-8	0.002300
9.330000E-8	0.002172
9.335000E-8	0.002256
9.340000E-8	0.002103
9.345000E-8	0.002063
9.350000E-8	0.001978
9.355000E-8	0.001941
9.360000E-8	0.001937
9.365000E-8	0.001941
9.370000E-8	0.001800
9.375000E-8	0.001972
9.380000E-8	0.001894
9.385000E-8	0.001903
9.390000E-8	0.001878
9.395000E-8	0.002078
9.400000E-8	0.002063
9.405000E-8	0.002134
9.410000E-8	0.002113
9.415000E-8	0.002038
9.420000E-8	0.002078
9.425000E-8	0.002181
9.430000E-8	0.002181
9.435000E-8	0.002131
9.440000E-8	0.002091
9.445000E-8	0.001878
9.450000E-8	0.001866
9.455000E-8	0.001753
9.460000E-8	0.001716
9.465000E-8	0.001834
9.470000E-8	0.001791
9.475000E-8	0.001847
9.480000E-8	0.001916
9.485000E-8	0.001969
9.490000E-8	0.001925
9.495000E-8	0.001956
9.500000E-8	0.002047
9.505000E-8	0.002034
9.510000E-8	0.002053
9.515000E-8	0.002084
9.520000E-8	0.002053
9.525000E-8	0.002141
9.530000E-8	0.002047
9.535000E-8	0.002072
9.540000E-8	0.002016
9.545000E-8	0.001981
9.550000E-8	0.001891
9.555000E-8	0.001744
9.560000E-8	0.001656
9.565000E-8	0.001619
9.570000E-8	0.001706
9.575000E-8	0.001628
9.580000E-8	0.001678
9.585000E-8	0.001747
9.590000E-8	0.001750
9.595000E-8	0.001847
9.600000E-8	0.001947
9.605000E-8	0.001903
9.610000E-8	0.001819
9.615000E-8	0.001838
9.620000E-8	0.001834
9.625000E-8	0.001794
9.630000E-8	0.001806
9.635000E-8	0.001819
9.640000E-8	0.001641
9.645000E-8	0.001759
9.650000E-8	0.001759
9.655000E-8	0.001725
9.660000E-8	0.001697
9.665000E-8	0.001725
9.670000E-8	0.001684
9.675000E-8	0.001772
9.680000E-8	0.001747
9.685000E-8	0.001822
9.690000E-8	0.001806
9.695000E-8	0.001781
9.700000E-8	0.001850
9.705000E-8	0.001994
9.710000E-8	0.002012
9.715000E-8	0.002131
9.720000E-8	0.002072
9.725000E-8	0.002019
9.730000E-8	0.001956
9.735000E-8	0.002009
9.740000E-8	0.002000
9.745000E-8	0.002056
9.750000E-8	0.001997
9.755000E-8	0.001897
9.760000E-8	0.001856
9.765000E-8	0.001953
9.770000E-8	0.001928
9.775000E-8	0.001956
9.780000E-8	0.001891
9.785000E-8	0.001859
9.790000E-8	0.001863
9.795000E-8	0.002000
9.800000E-8	0.001734
9.805000E-8	0.001741
9.810000E-8	0.001681
9.815000E-8	0.001797
9.820000E-8	0.001728
9.825000E-8	0.001819
9.830000E-8	0.001931
9.835000E-8	0.002075
9.840000E-8	0.002075
9.845000E-8	0.002150
9.850000E-8	0.002228
9.855000E-8	0.002297
9.860000E-8	0.002297
9.865000E-8	0.002391
9.870000E-8	0.002306
9.875000E-8	0.002228
9.880000E-8	0.002084
9.885000E-8	0.002178
9.890000E-8	0.002162
9.895000E-8	0.002156
9.900000E-8	0.002094
9.905000E-8	0.002216
9.910000E-8	0.002184
9.915000E-8	0.002263
9.920000E-8	0.002437
9.925000E-8	0.002538
9.930000E-8	0.002434
9.935000E-8	0.002553
9.940000E-8	0.002422
9.945000E-8	0.002316
9.950000E-8	0.002250
9.955000E-8	0.002234
9.960000E-8	0.002106
9.965000E-8	0.001984
9.970000E-8	0.001919
9.975000E-8	0.001959
9.980000E-8	0.001825
9.985000E-8	0.002019
9.990000E-8	0.002009
9.995000E-8	0.002113
