LabVIEW Measurement	
Writer_Version	2
Reader_Version	2
Separator	Tab
Decimal_Separator	.
Multi_Headings	No
X_Columns	Multi
Time_Pref	Relative
Operator	TG lab
Date	2015/03/06
Time	15:46:28.2835168838500976563
***End_of_Header***	
	
Channels	1	
Samples	2000	
Date	1903/12/31	
Time	19:00:00	
X_Dimension	Time	
X0	0.0000000000000000E+0	
Delta_X	5.000000E-11	
***End_of_Header***		
X_Value	Untitled	Comment
0.000000	0.002439
5.000000E-11	0.002442
1.000000E-10	0.002370
1.500000E-10	0.002331
2.000000E-10	0.002313
2.500000E-10	0.002328
3.000000E-10	0.002366
3.500000E-10	0.002425
4.000000E-10	0.002383
4.500000E-10	0.002400
5.000000E-10	0.002369
5.500000E-10	0.002308
6.000000E-10	0.002306
6.500000E-10	0.002309
7.000000E-10	0.002208
7.500000E-10	0.002269
8.000000E-10	0.002239
8.500000E-10	0.002258
9.000000E-10	0.002336
9.500000E-10	0.002425
1.000000E-9	0.002458
1.050000E-9	0.002494
1.100000E-9	0.002464
1.150000E-9	0.002445
1.200000E-9	0.002331
1.250000E-9	0.002322
1.300000E-9	0.002197
1.350000E-9	0.002119
1.400000E-9	0.002031
1.450000E-9	0.001952
1.500000E-9	0.001892
1.550000E-9	0.001891
1.600000E-9	0.001845
1.650000E-9	0.001923
1.700000E-9	0.001945
1.750000E-9	0.001980
1.800000E-9	0.002047
1.850000E-9	0.002127
1.900000E-9	0.002102
1.950000E-9	0.002177
2.000000E-9	0.002125
2.050000E-9	0.002134
2.100000E-9	0.002084
2.150000E-9	0.002131
2.200000E-9	0.002069
2.250000E-9	0.002158
2.300000E-9	0.002100
2.350000E-9	0.002191
2.400000E-9	0.002220
2.450000E-9	0.002345
2.500000E-9	0.002369
2.550000E-9	0.002403
2.600000E-9	0.002491
2.650000E-9	0.002452
2.700000E-9	0.002395
2.750000E-9	0.002408
2.800000E-9	0.002323
2.850000E-9	0.002278
2.900000E-9	0.002252
2.950000E-9	0.002217
3.000000E-9	0.002153
3.050000E-9	0.002158
3.100000E-9	0.002105
3.150000E-9	0.002130
3.200000E-9	0.002139
3.250000E-9	0.002150
3.300000E-9	0.002139
3.350000E-9	0.002119
3.400000E-9	0.002111
3.450000E-9	0.002072
3.500000E-9	0.002052
3.550000E-9	0.002028
3.600000E-9	0.001955
3.650000E-9	0.001953
3.700000E-9	0.001958
3.750000E-9	0.001919
3.800000E-9	0.001936
3.850000E-9	0.002016
3.900000E-9	0.002011
3.950000E-9	0.002002
4.000000E-9	0.002045
4.050000E-9	0.002080
4.100000E-9	0.001977
4.150000E-9	0.002022
4.200000E-9	0.001975
4.250000E-9	0.002064
4.300000E-9	0.002042
4.350000E-9	0.002100
4.400000E-9	0.002114
4.450000E-9	0.002166
4.500000E-9	0.002164
4.550000E-9	0.002166
4.600000E-9	0.002136
4.650000E-9	0.002034
4.700000E-9	0.001978
4.750000E-9	0.001873
4.800000E-9	0.001781
4.850000E-9	0.001722
4.900000E-9	0.001616
4.950000E-9	0.001588
5.000000E-9	0.001609
5.050000E-9	0.001564
5.100000E-9	0.001627
5.150000E-9	0.001766
5.200000E-9	0.001775
5.250000E-9	0.001947
5.300000E-9	0.002039
5.350000E-9	0.002130
5.400000E-9	0.002180
5.450000E-9	0.002272
5.500000E-9	0.002292
5.550000E-9	0.002353
5.600000E-9	0.002345
5.650000E-9	0.002461
5.700000E-9	0.002442
5.750000E-9	0.002491
5.800000E-9	0.002500
5.850000E-9	0.002630
5.900000E-9	0.002716
5.950000E-9	0.002819
6.000000E-9	0.002919
6.050000E-9	0.003162
6.100000E-9	0.003352
6.150000E-9	0.003614
6.200000E-9	0.003853
6.250000E-9	0.004259
6.300000E-9	0.004639
6.350000E-9	0.004994
6.400000E-9	0.005420
6.450000E-9	0.005686
6.500000E-9	0.006008
6.550000E-9	0.006206
6.600000E-9	0.006177
6.650000E-9	0.006094
6.700000E-9	0.005859
6.750000E-9	0.005519
6.800000E-9	0.005114
6.850000E-9	0.004731
6.900000E-9	0.004295
6.950000E-9	0.004016
7.000000E-9	0.003706
7.050000E-9	0.003558
7.100000E-9	0.003517
7.150000E-9	0.003587
7.200000E-9	0.003647
7.250000E-9	0.003853
7.300000E-9	0.004063
7.350000E-9	0.004345
7.400000E-9	0.004636
7.450000E-9	0.005011
7.500000E-9	0.005430
7.550000E-9	0.005778
7.600000E-9	0.006164
7.650000E-9	0.006387
7.700000E-9	0.006461
7.750000E-9	0.006228
7.800000E-9	0.005523
7.850000E-9	0.004406
7.900000E-9	0.002745
7.950000E-9	0.000600
8.000000E-9	-0.002050
8.050000E-9	-0.005116
8.100000E-9	-0.008461
8.150000E-9	-0.011948
8.200000E-9	-0.015420
8.250000E-9	-0.018673
8.300000E-9	-0.021683
8.350000E-9	-0.024186
8.400000E-9	-0.026183
8.450000E-9	-0.027578
8.500000E-9	-0.028358
8.550000E-9	-0.028463
8.600000E-9	-0.027948
8.650000E-9	-0.026884
8.700000E-9	-0.025411
8.750000E-9	-0.023572
8.800000E-9	-0.021566
8.850000E-9	-0.019627
8.900000E-9	-0.017916
8.950000E-9	-0.016402
9.000000E-9	-0.015461
9.050000E-9	-0.014863
9.100000E-9	-0.014861
9.150000E-9	-0.015173
9.200000E-9	-0.015825
9.250000E-9	-0.016666
9.300000E-9	-0.017525
9.350000E-9	-0.018245
9.400000E-9	-0.018741
9.450000E-9	-0.018906
9.500000E-9	-0.018658
9.550000E-9	-0.018077
9.600000E-9	-0.017145
9.650000E-9	-0.015844
9.700000E-9	-0.014395
9.750000E-9	-0.012816
9.800000E-9	-0.011298
9.850000E-9	-0.009866
9.900000E-9	-0.008725
9.950000E-9	-0.007670
1.000000E-8	-0.007134
1.005000E-8	-0.006902
1.010000E-8	-0.006958
1.015000E-8	-0.007456
1.020000E-8	-0.008097
1.025000E-8	-0.008872
1.030000E-8	-0.009641
1.035000E-8	-0.010291
1.040000E-8	-0.010714
1.045000E-8	-0.010916
1.050000E-8	-0.010803
1.055000E-8	-0.010314
1.060000E-8	-0.009538
1.065000E-8	-0.008530
1.070000E-8	-0.007298
1.075000E-8	-0.005964
1.080000E-8	-0.004736
1.085000E-8	-0.003500
1.090000E-8	-0.002580
1.095000E-8	-0.001944
1.100000E-8	-0.001663
1.105000E-8	-0.001656
1.110000E-8	-0.002006
1.115000E-8	-0.002644
1.120000E-8	-0.003409
1.125000E-8	-0.004213
1.130000E-8	-0.005072
1.135000E-8	-0.005692
1.140000E-8	-0.006278
1.145000E-8	-0.006467
1.150000E-8	-0.006402
1.155000E-8	-0.006078
1.160000E-8	-0.005500
1.165000E-8	-0.004670
1.170000E-8	-0.003691
1.175000E-8	-0.002703
1.180000E-8	-0.001734
1.185000E-8	-0.000958
1.190000E-8	-0.000317
1.195000E-8	0.000106
1.200000E-8	0.000211
1.205000E-8	0.000155
1.210000E-8	-0.000233
1.215000E-8	-0.000798
1.220000E-8	-0.001539
1.225000E-8	-0.002263
1.230000E-8	-0.002984
1.235000E-8	-0.003627
1.240000E-8	-0.004111
1.245000E-8	-0.004302
1.250000E-8	-0.004270
1.255000E-8	-0.004014
1.260000E-8	-0.003464
1.265000E-8	-0.002683
1.270000E-8	-0.001827
1.275000E-8	-0.000833
1.280000E-8	2.343750E-5
1.285000E-8	0.000856
1.290000E-8	0.001477
1.295000E-8	0.001813
1.300000E-8	0.001925
1.305000E-8	0.001822
1.310000E-8	0.001466
1.315000E-8	0.000930
1.320000E-8	0.000208
1.325000E-8	-0.000564
1.330000E-8	-0.001320
1.335000E-8	-0.001911
1.340000E-8	-0.002450
1.345000E-8	-0.002756
1.350000E-8	-0.002833
1.355000E-8	-0.002500
1.360000E-8	-0.001955
1.365000E-8	-0.001219
1.370000E-8	-0.000334
1.375000E-8	0.000603
1.380000E-8	0.001502
1.385000E-8	0.002214
1.390000E-8	0.002706
1.395000E-8	0.003027
1.400000E-8	0.002978
1.405000E-8	0.002711
1.410000E-8	0.002147
1.415000E-8	0.001348
1.420000E-8	0.000492
1.425000E-8	-0.000489
1.430000E-8	-0.001316
1.435000E-8	-0.001931
1.440000E-8	-0.002367
1.445000E-8	-0.002531
1.450000E-8	-0.002347
1.455000E-8	-0.001909
1.460000E-8	-0.001225
1.465000E-8	-0.000336
1.470000E-8	0.000672
1.475000E-8	0.001700
1.480000E-8	0.002575
1.485000E-8	0.003350
1.490000E-8	0.003863
1.495000E-8	0.003922
1.500000E-8	0.003794
1.505000E-8	0.003303
1.510000E-8	0.002570
1.515000E-8	0.001614
1.520000E-8	0.000622
1.525000E-8	-0.000272
1.530000E-8	-0.001083
1.535000E-8	-0.001672
1.540000E-8	-0.002075
1.545000E-8	-0.002031
1.550000E-8	-0.001708
1.555000E-8	-0.001147
1.560000E-8	-0.000405
1.565000E-8	0.000578
1.570000E-8	0.001538
1.575000E-8	0.002444
1.580000E-8	0.003180
1.585000E-8	0.003748
1.590000E-8	0.004003
1.595000E-8	0.003919
1.600000E-8	0.003653
1.605000E-8	0.003111
1.610000E-8	0.002270
1.615000E-8	0.001373
1.620000E-8	0.000455
1.625000E-8	-0.000375
1.630000E-8	-0.001023
1.635000E-8	-0.001305
1.640000E-8	-0.001436
1.645000E-8	-0.001173
1.650000E-8	-0.000611
1.655000E-8	0.000148
1.660000E-8	0.001170
1.665000E-8	0.002098
1.670000E-8	0.003080
1.675000E-8	0.003936
1.680000E-8	0.004491
1.685000E-8	0.004877
1.690000E-8	0.004836
1.695000E-8	0.004523
1.700000E-8	0.003859
1.705000E-8	0.003047
1.710000E-8	0.002127
1.715000E-8	0.001153
1.720000E-8	0.000213
1.725000E-8	-0.000473
1.730000E-8	-0.000914
1.735000E-8	-0.001180
1.740000E-8	-0.001036
1.745000E-8	-0.000591
1.750000E-8	6.718750E-5
1.755000E-8	0.000867
1.760000E-8	0.001778
1.765000E-8	0.002742
1.770000E-8	0.003509
1.775000E-8	0.004209
1.780000E-8	0.004613
1.785000E-8	0.004747
1.790000E-8	0.004523
1.795000E-8	0.004042
1.800000E-8	0.003203
1.805000E-8	0.002414
1.810000E-8	0.001498
1.815000E-8	0.000630
1.820000E-8	-0.000141
1.825000E-8	-0.000677
1.830000E-8	-0.000933
1.835000E-8	-0.000923
1.840000E-8	-0.000602
1.845000E-8	-9.218750E-5
1.850000E-8	0.000658
1.855000E-8	0.001447
1.860000E-8	0.002281
1.865000E-8	0.003100
1.870000E-8	0.003741
1.875000E-8	0.004228
1.880000E-8	0.004463
1.885000E-8	0.004411
1.890000E-8	0.004134
1.895000E-8	0.003684
1.900000E-8	0.002953
1.905000E-8	0.002177
1.910000E-8	0.001378
1.915000E-8	0.000573
1.920000E-8	-0.000125
1.925000E-8	-0.000603
1.930000E-8	-0.000809
1.935000E-8	-0.000763
1.940000E-8	-0.000452
1.945000E-8	9.218750E-5
1.950000E-8	0.000828
1.955000E-8	0.001770
1.960000E-8	0.002591
1.965000E-8	0.003467
1.970000E-8	0.004189
1.975000E-8	0.004692
1.980000E-8	0.004916
1.985000E-8	0.004797
1.990000E-8	0.004488
1.995000E-8	0.003922
2.000000E-8	0.003169
2.005000E-8	0.002289
2.010000E-8	0.001434
2.015000E-8	0.000708
2.020000E-8	0.000111
2.025000E-8	-0.000228
2.030000E-8	-0.000341
2.035000E-8	-0.000181
2.040000E-8	0.000175
2.045000E-8	0.000745
2.050000E-8	0.001459
2.055000E-8	0.002213
2.060000E-8	0.002986
2.065000E-8	0.003625
2.070000E-8	0.004027
2.075000E-8	0.004408
2.080000E-8	0.004377
2.085000E-8	0.004194
2.090000E-8	0.003683
2.095000E-8	0.003148
2.100000E-8	0.002391
2.105000E-8	0.001634
2.110000E-8	0.000888
2.115000E-8	0.000250
2.120000E-8	-0.000242
2.125000E-8	-0.000503
2.130000E-8	-0.000594
2.135000E-8	-0.000259
2.140000E-8	8.437500E-5
2.145000E-8	0.000725
2.150000E-8	0.001497
2.155000E-8	0.002306
2.160000E-8	0.003017
2.165000E-8	0.003738
2.170000E-8	0.004111
2.175000E-8	0.004325
2.180000E-8	0.004334
2.185000E-8	0.004095
2.190000E-8	0.003591
2.195000E-8	0.002884
2.200000E-8	0.002052
2.205000E-8	0.001323
2.210000E-8	0.000548
2.215000E-8	3.125000E-6
2.220000E-8	-0.000342
2.225000E-8	-0.000448
2.230000E-8	-0.000277
2.235000E-8	0.000164
2.240000E-8	0.000748
2.245000E-8	0.001509
2.250000E-8	0.002375
2.255000E-8	0.003183
2.260000E-8	0.003889
2.265000E-8	0.004398
2.270000E-8	0.004656
2.275000E-8	0.004711
2.280000E-8	0.004467
2.285000E-8	0.004016
2.290000E-8	0.003425
2.295000E-8	0.002705
2.300000E-8	0.001878
2.305000E-8	0.001158
2.310000E-8	0.000566
2.315000E-8	0.000139
2.320000E-8	-9.375000E-5
2.325000E-8	-1.875000E-5
2.330000E-8	0.000203
2.335000E-8	0.000739
2.340000E-8	0.001475
2.345000E-8	0.002266
2.350000E-8	0.003081
2.355000E-8	0.003806
2.360000E-8	0.004414
2.365000E-8	0.004800
2.370000E-8	0.004736
2.375000E-8	0.004609
2.380000E-8	0.004164
2.385000E-8	0.003580
2.390000E-8	0.002766
2.395000E-8	0.001973
2.400000E-8	0.001222
2.405000E-8	0.000559
2.410000E-8	0.000114
2.415000E-8	-0.000102
2.420000E-8	-0.000139
2.425000E-8	0.000119
2.430000E-8	0.000631
2.435000E-8	0.001211
2.440000E-8	0.001994
2.445000E-8	0.002730
2.450000E-8	0.003363
2.455000E-8	0.003936
2.460000E-8	0.004372
2.465000E-8	0.004516
2.470000E-8	0.004434
2.475000E-8	0.004109
2.480000E-8	0.003639
2.485000E-8	0.003030
2.490000E-8	0.002259
2.495000E-8	0.001572
2.500000E-8	0.000877
2.505000E-8	0.000392
2.510000E-8	5.000000E-5
2.515000E-8	-8.750000E-5
2.520000E-8	3.906250E-5
2.525000E-8	0.000333
2.530000E-8	0.000898
2.535000E-8	0.001558
2.540000E-8	0.002259
2.545000E-8	0.003058
2.550000E-8	0.003694
2.555000E-8	0.004253
2.560000E-8	0.004492
2.565000E-8	0.004655
2.570000E-8	0.004488
2.575000E-8	0.004111
2.580000E-8	0.003528
2.585000E-8	0.002852
2.590000E-8	0.002172
2.595000E-8	0.001456
2.600000E-8	0.000841
2.605000E-8	0.000500
2.610000E-8	0.000206
2.615000E-8	0.000206
2.620000E-8	0.000344
2.625000E-8	0.000723
2.630000E-8	0.001238
2.635000E-8	0.001888
2.640000E-8	0.002437
2.645000E-8	0.003016
2.650000E-8	0.003514
2.655000E-8	0.003784
2.660000E-8	0.003964
2.665000E-8	0.003911
2.670000E-8	0.003766
2.675000E-8	0.003403
2.680000E-8	0.002881
2.685000E-8	0.002334
2.690000E-8	0.001697
2.695000E-8	0.001106
2.700000E-8	0.000586
2.705000E-8	0.000256
2.710000E-8	0.000103
2.715000E-8	0.000214
2.720000E-8	0.000364
2.725000E-8	0.000809
2.730000E-8	0.001302
2.735000E-8	0.001988
2.740000E-8	0.002561
2.745000E-8	0.003147
2.750000E-8	0.003666
2.755000E-8	0.004048
2.760000E-8	0.004191
2.765000E-8	0.004173
2.770000E-8	0.003945
2.775000E-8	0.003553
2.780000E-8	0.002989
2.785000E-8	0.002373
2.790000E-8	0.001753
2.795000E-8	0.001133
2.800000E-8	0.000611
2.805000E-8	0.000273
2.810000E-8	0.000202
2.815000E-8	0.000295
2.820000E-8	0.000598
2.825000E-8	0.001075
2.830000E-8	0.001667
2.835000E-8	0.002322
2.840000E-8	0.003044
2.845000E-8	0.003561
2.850000E-8	0.004033
2.855000E-8	0.004241
2.860000E-8	0.004273
2.865000E-8	0.004044
2.870000E-8	0.003653
2.875000E-8	0.003222
2.880000E-8	0.002547
2.885000E-8	0.001994
2.890000E-8	0.001386
2.895000E-8	0.000914
2.900000E-8	0.000553
2.905000E-8	0.000333
2.910000E-8	0.000411
2.915000E-8	0.000539
2.920000E-8	0.000897
2.925000E-8	0.001425
2.930000E-8	0.001948
2.935000E-8	0.002586
2.940000E-8	0.003109
2.945000E-8	0.003567
2.950000E-8	0.003834
2.955000E-8	0.003913
2.960000E-8	0.003808
2.965000E-8	0.003587
2.970000E-8	0.003197
2.975000E-8	0.002656
2.980000E-8	0.002038
2.985000E-8	0.001466
2.990000E-8	0.000892
2.995000E-8	0.000595
3.000000E-8	0.000320
3.005000E-8	0.000261
3.010000E-8	0.000341
3.015000E-8	0.000620
3.020000E-8	0.000970
3.025000E-8	0.001547
3.030000E-8	0.002111
3.035000E-8	0.002748
3.040000E-8	0.003283
3.045000E-8	0.003777
3.050000E-8	0.004050
3.055000E-8	0.004170
3.060000E-8	0.004039
3.065000E-8	0.003817
3.070000E-8	0.003380
3.075000E-8	0.002800
3.080000E-8	0.002200
3.085000E-8	0.001631
3.090000E-8	0.001111
3.095000E-8	0.000670
3.100000E-8	0.000408
3.105000E-8	0.000381
3.110000E-8	0.000511
3.115000E-8	0.000898
3.120000E-8	0.001389
3.125000E-8	0.001927
3.130000E-8	0.002558
3.135000E-8	0.003205
3.140000E-8	0.003650
3.145000E-8	0.003917
3.150000E-8	0.004042
3.155000E-8	0.004011
3.160000E-8	0.003703
3.165000E-8	0.003358
3.170000E-8	0.002778
3.175000E-8	0.002220
3.180000E-8	0.001630
3.185000E-8	0.001153
3.190000E-8	0.000784
3.195000E-8	0.000586
3.200000E-8	0.000559
3.205000E-8	0.000708
3.210000E-8	0.001038
3.215000E-8	0.001506
3.220000E-8	0.002033
3.225000E-8	0.002647
3.230000E-8	0.003162
3.235000E-8	0.003595
3.240000E-8	0.003922
3.245000E-8	0.004084
3.250000E-8	0.004070
3.255000E-8	0.003842
3.260000E-8	0.003402
3.265000E-8	0.002861
3.270000E-8	0.002319
3.275000E-8	0.001756
3.280000E-8	0.001181
3.285000E-8	0.000808
3.290000E-8	0.000489
3.295000E-8	0.000383
3.300000E-8	0.000406
3.305000E-8	0.000675
3.310000E-8	0.001064
3.315000E-8	0.001484
3.320000E-8	0.001997
3.325000E-8	0.002594
3.330000E-8	0.003050
3.335000E-8	0.003436
3.340000E-8	0.003625
3.345000E-8	0.003733
3.350000E-8	0.003517
3.355000E-8	0.003272
3.360000E-8	0.002906
3.365000E-8	0.002495
3.370000E-8	0.002066
3.375000E-8	0.001616
3.380000E-8	0.001300
3.385000E-8	0.001094
3.390000E-8	0.000955
3.395000E-8	0.001073
3.400000E-8	0.001191
3.405000E-8	0.001488
3.410000E-8	0.001866
3.415000E-8	0.002325
3.420000E-8	0.002691
3.425000E-8	0.003131
3.430000E-8	0.003352
3.435000E-8	0.003625
3.440000E-8	0.003697
3.445000E-8	0.003698
3.450000E-8	0.003514
3.455000E-8	0.003261
3.460000E-8	0.002831
3.465000E-8	0.002397
3.470000E-8	0.001945
3.475000E-8	0.001483
3.480000E-8	0.001127
3.485000E-8	0.000900
3.490000E-8	0.000759
3.495000E-8	0.000784
3.500000E-8	0.000948
3.505000E-8	0.001220
3.510000E-8	0.001653
3.515000E-8	0.002127
3.520000E-8	0.002634
3.525000E-8	0.003077
3.530000E-8	0.003397
3.535000E-8	0.003570
3.540000E-8	0.003663
3.545000E-8	0.003527
3.550000E-8	0.003222
3.555000E-8	0.002842
3.560000E-8	0.002353
3.565000E-8	0.001792
3.570000E-8	0.001247
3.575000E-8	0.000845
3.580000E-8	0.000473
3.585000E-8	0.000394
3.590000E-8	0.000394
3.595000E-8	0.000584
3.600000E-8	0.000961
3.605000E-8	0.001448
3.610000E-8	0.001955
3.615000E-8	0.002586
3.620000E-8	0.003016
3.625000E-8	0.003400
3.630000E-8	0.003738
3.635000E-8	0.003867
3.640000E-8	0.003920
3.645000E-8	0.003739
3.650000E-8	0.003475
3.655000E-8	0.003102
3.660000E-8	0.002684
3.665000E-8	0.002231
3.670000E-8	0.001795
3.675000E-8	0.001383
3.680000E-8	0.001027
3.685000E-8	0.000947
3.690000E-8	0.000905
3.695000E-8	0.001008
3.700000E-8	0.001180
3.705000E-8	0.001569
3.710000E-8	0.002009
3.715000E-8	0.002398
3.720000E-8	0.002845
3.725000E-8	0.003220
3.730000E-8	0.003483
3.735000E-8	0.003611
3.740000E-8	0.003527
3.745000E-8	0.003405
3.750000E-8	0.003116
3.755000E-8	0.002705
3.760000E-8	0.002302
3.765000E-8	0.001886
3.770000E-8	0.001453
3.775000E-8	0.001122
3.780000E-8	0.000888
3.785000E-8	0.000759
3.790000E-8	0.000811
3.795000E-8	0.000919
3.800000E-8	0.001195
3.805000E-8	0.001594
3.810000E-8	0.002027
3.815000E-8	0.002542
3.820000E-8	0.002909
3.825000E-8	0.003234
3.830000E-8	0.003469
3.835000E-8	0.003569
3.840000E-8	0.003477
3.845000E-8	0.003281
3.850000E-8	0.002888
3.855000E-8	0.002555
3.860000E-8	0.002056
3.865000E-8	0.001669
3.870000E-8	0.001291
3.875000E-8	0.000948
3.880000E-8	0.000878
3.885000E-8	0.000869
3.890000E-8	0.000936
3.895000E-8	0.001216
3.900000E-8	0.001612
3.905000E-8	0.002044
3.910000E-8	0.002458
3.915000E-8	0.002877
3.920000E-8	0.003133
3.925000E-8	0.003394
3.930000E-8	0.003481
3.935000E-8	0.003427
3.940000E-8	0.003252
3.945000E-8	0.002964
3.950000E-8	0.002567
3.955000E-8	0.002242
3.960000E-8	0.001809
3.965000E-8	0.001433
3.970000E-8	0.001134
3.975000E-8	0.000947
3.980000E-8	0.000927
3.985000E-8	0.000989
3.990000E-8	0.001244
3.995000E-8	0.001544
4.000000E-8	0.001853
4.005000E-8	0.002147
4.010000E-8	0.002597
4.015000E-8	0.002881
4.020000E-8	0.003058
4.025000E-8	0.003253
4.030000E-8	0.003222
4.035000E-8	0.003191
4.040000E-8	0.003002
4.045000E-8	0.002783
4.050000E-8	0.002587
4.055000E-8	0.002195
4.060000E-8	0.001892
4.065000E-8	0.001606
4.070000E-8	0.001378
4.075000E-8	0.001216
4.080000E-8	0.001177
4.085000E-8	0.001220
4.090000E-8	0.001431
4.095000E-8	0.001705
4.100000E-8	0.002089
4.105000E-8	0.002545
4.110000E-8	0.002913
4.115000E-8	0.003255
4.120000E-8	0.003466
4.125000E-8	0.003639
4.130000E-8	0.003514
4.135000E-8	0.003384
4.140000E-8	0.003063
4.145000E-8	0.002652
4.150000E-8	0.002203
4.155000E-8	0.001836
4.160000E-8	0.001378
4.165000E-8	0.001180
4.170000E-8	0.000919
4.175000E-8	0.000867
4.180000E-8	0.000950
4.185000E-8	0.001084
4.190000E-8	0.001350
4.195000E-8	0.001725
4.200000E-8	0.002055
4.205000E-8	0.002473
4.210000E-8	0.002848
4.215000E-8	0.003133
4.220000E-8	0.003286
4.225000E-8	0.003341
4.230000E-8	0.003244
4.235000E-8	0.003064
4.240000E-8	0.002766
4.245000E-8	0.002437
4.250000E-8	0.002020
4.255000E-8	0.001730
4.260000E-8	0.001395
4.265000E-8	0.001227
4.270000E-8	0.001142
4.275000E-8	0.001288
4.280000E-8	0.001409
4.285000E-8	0.001673
4.290000E-8	0.002012
4.295000E-8	0.002398
4.300000E-8	0.002694
4.305000E-8	0.003044
4.310000E-8	0.003209
4.315000E-8	0.003322
4.320000E-8	0.003267
4.325000E-8	0.003272
4.330000E-8	0.002997
4.335000E-8	0.002759
4.340000E-8	0.002355
4.345000E-8	0.002027
4.350000E-8	0.001689
4.355000E-8	0.001309
4.360000E-8	0.001105
4.365000E-8	0.000983
4.370000E-8	0.000867
4.375000E-8	0.000973
4.380000E-8	0.001122
4.385000E-8	0.001361
4.390000E-8	0.001723
4.395000E-8	0.002098
4.400000E-8	0.002459
4.405000E-8	0.002920
4.410000E-8	0.003139
4.415000E-8	0.003289
4.420000E-8	0.003375
4.425000E-8	0.003317
4.430000E-8	0.003106
4.435000E-8	0.002877
4.440000E-8	0.002525
4.445000E-8	0.002239
4.450000E-8	0.001937
4.455000E-8	0.001702
4.460000E-8	0.001528
4.465000E-8	0.001470
4.470000E-8	0.001417
4.475000E-8	0.001555
4.480000E-8	0.001792
4.485000E-8	0.002094
4.490000E-8	0.002292
4.495000E-8	0.002578
4.500000E-8	0.002753
4.505000E-8	0.002905
4.510000E-8	0.002939
4.515000E-8	0.002950
4.520000E-8	0.002778
4.525000E-8	0.002620
4.530000E-8	0.002338
4.535000E-8	0.002091
4.540000E-8	0.001828
4.545000E-8	0.001612
4.550000E-8	0.001352
4.555000E-8	0.001269
4.560000E-8	0.001225
4.565000E-8	0.001303
4.570000E-8	0.001458
4.575000E-8	0.001666
4.580000E-8	0.001919
4.585000E-8	0.002250
4.590000E-8	0.002570
4.595000E-8	0.002859
4.600000E-8	0.003063
4.605000E-8	0.003255
4.610000E-8	0.003284
4.615000E-8	0.003202
4.620000E-8	0.003044
4.625000E-8	0.002775
4.630000E-8	0.002500
4.635000E-8	0.002172
4.640000E-8	0.001859
4.645000E-8	0.001581
4.650000E-8	0.001356
4.655000E-8	0.001181
4.660000E-8	0.001133
4.665000E-8	0.001194
4.670000E-8	0.001375
4.675000E-8	0.001652
4.680000E-8	0.001858
4.685000E-8	0.002231
4.690000E-8	0.002514
4.695000E-8	0.002770
4.700000E-8	0.002998
4.705000E-8	0.003122
4.710000E-8	0.003186
4.715000E-8	0.003161
4.720000E-8	0.002950
4.725000E-8	0.002698
4.730000E-8	0.002378
4.735000E-8	0.002092
4.740000E-8	0.001773
4.745000E-8	0.001581
4.750000E-8	0.001291
4.755000E-8	0.001248
4.760000E-8	0.001181
4.765000E-8	0.001334
4.770000E-8	0.001461
4.775000E-8	0.001759
4.780000E-8	0.002036
4.785000E-8	0.002405
4.790000E-8	0.002631
4.795000E-8	0.002794
4.800000E-8	0.002919
4.805000E-8	0.002942
4.810000E-8	0.002877
4.815000E-8	0.002820
4.820000E-8	0.002570
4.825000E-8	0.002377
4.830000E-8	0.002092
4.835000E-8	0.001811
4.840000E-8	0.001641
4.845000E-8	0.001527
4.850000E-8	0.001323
4.855000E-8	0.001295
4.860000E-8	0.001341
4.865000E-8	0.001416
4.870000E-8	0.001502
4.875000E-8	0.001767
4.880000E-8	0.002003
4.885000E-8	0.002336
4.890000E-8	0.002575
4.895000E-8	0.002834
4.900000E-8	0.003058
4.905000E-8	0.003097
4.910000E-8	0.003091
4.915000E-8	0.003064
4.920000E-8	0.002938
4.925000E-8	0.002705
4.930000E-8	0.002455
4.935000E-8	0.002194
4.940000E-8	0.001913
4.945000E-8	0.001734
4.950000E-8	0.001542
4.955000E-8	0.001491
4.960000E-8	0.001523
4.965000E-8	0.001584
4.970000E-8	0.001788
4.975000E-8	0.002048
4.980000E-8	0.002345
4.985000E-8	0.002664
4.990000E-8	0.002970
4.995000E-8	0.003223
5.000000E-8	0.003405
5.005000E-8	0.003442
5.010000E-8	0.003417
5.015000E-8	0.003227
5.020000E-8	0.002972
5.025000E-8	0.002720
5.030000E-8	0.002381
5.035000E-8	0.002070
5.040000E-8	0.001845
5.045000E-8	0.001697
5.050000E-8	0.001647
5.055000E-8	0.001738
5.060000E-8	0.001925
5.065000E-8	0.002131
5.070000E-8	0.002377
5.075000E-8	0.002628
5.080000E-8	0.002803
5.085000E-8	0.002931
5.090000E-8	0.003031
5.095000E-8	0.003086
5.100000E-8	0.003030
5.105000E-8	0.002908
5.110000E-8	0.002786
5.115000E-8	0.002603
5.120000E-8	0.002363
5.125000E-8	0.002105
5.130000E-8	0.001842
5.135000E-8	0.001614
5.140000E-8	0.001434
5.145000E-8	0.001338
5.150000E-8	0.001322
5.155000E-8	0.001394
5.160000E-8	0.001592
5.165000E-8	0.001834
5.170000E-8	0.002070
5.175000E-8	0.002370
5.180000E-8	0.002619
5.185000E-8	0.002870
5.190000E-8	0.003019
5.195000E-8	0.003131
5.200000E-8	0.003045
5.205000E-8	0.002966
5.210000E-8	0.002797
5.215000E-8	0.002633
5.220000E-8	0.002275
5.225000E-8	0.002030
5.230000E-8	0.001773
5.235000E-8	0.001594
5.240000E-8	0.001413
5.245000E-8	0.001395
5.250000E-8	0.001452
5.255000E-8	0.001563
5.260000E-8	0.001680
5.265000E-8	0.001875
5.270000E-8	0.002117
5.275000E-8	0.002361
5.280000E-8	0.002578
5.285000E-8	0.002753
5.290000E-8	0.002872
5.295000E-8	0.002906
5.300000E-8	0.002873
5.305000E-8	0.002703
5.310000E-8	0.002486
5.315000E-8	0.002239
5.320000E-8	0.002011
5.325000E-8	0.001717
5.330000E-8	0.001484
5.335000E-8	0.001373
5.340000E-8	0.001286
5.345000E-8	0.001306
5.350000E-8	0.001381
5.355000E-8	0.001548
5.360000E-8	0.001741
5.365000E-8	0.001981
5.370000E-8	0.002222
5.375000E-8	0.002500
5.380000E-8	0.002572
5.385000E-8	0.002677
5.390000E-8	0.002638
5.395000E-8	0.002594
5.400000E-8	0.002419
5.405000E-8	0.002316
5.410000E-8	0.002092
5.415000E-8	0.001939
5.420000E-8	0.001763
5.425000E-8	0.001659
5.430000E-8	0.001681
5.435000E-8	0.001656
5.440000E-8	0.001725
5.445000E-8	0.001863
5.450000E-8	0.001984
5.455000E-8	0.002209
5.460000E-8	0.002348
5.465000E-8	0.002547
5.470000E-8	0.002695
5.475000E-8	0.002816
5.480000E-8	0.002781
5.485000E-8	0.002844
5.490000E-8	0.002741
5.495000E-8	0.002652
5.500000E-8	0.002573
5.505000E-8	0.002480
5.510000E-8	0.002239
5.515000E-8	0.002113
5.520000E-8	0.001980
5.525000E-8	0.001864
5.530000E-8	0.001778
5.535000E-8	0.001773
5.540000E-8	0.001777
5.545000E-8	0.001781
5.550000E-8	0.001888
5.555000E-8	0.002058
5.560000E-8	0.002172
5.565000E-8	0.002406
5.570000E-8	0.002506
5.575000E-8	0.002695
5.580000E-8	0.002711
5.585000E-8	0.002723
5.590000E-8	0.002711
5.595000E-8	0.002622
5.600000E-8	0.002444
5.605000E-8	0.002202
5.610000E-8	0.002019
5.615000E-8	0.001839
5.620000E-8	0.001667
5.625000E-8	0.001598
5.630000E-8	0.001536
5.635000E-8	0.001541
5.640000E-8	0.001592
5.645000E-8	0.001788
5.650000E-8	0.001956
5.655000E-8	0.002109
5.660000E-8	0.002259
5.665000E-8	0.002505
5.670000E-8	0.002703
5.675000E-8	0.002816
5.680000E-8	0.002859
5.685000E-8	0.002916
5.690000E-8	0.002875
5.695000E-8	0.002736
5.700000E-8	0.002595
5.705000E-8	0.002398
5.710000E-8	0.002186
5.715000E-8	0.002066
5.720000E-8	0.001864
5.725000E-8	0.001791
5.730000E-8	0.001705
5.735000E-8	0.001680
5.740000E-8	0.001741
5.745000E-8	0.001834
5.750000E-8	0.001909
5.755000E-8	0.002119
5.760000E-8	0.002289
5.765000E-8	0.002505
5.770000E-8	0.002672
5.775000E-8	0.002763
5.780000E-8	0.002794
5.785000E-8	0.002813
5.790000E-8	0.002739
5.795000E-8	0.002614
5.800000E-8	0.002480
5.805000E-8	0.002330
5.810000E-8	0.002225
5.815000E-8	0.002066
5.820000E-8	0.001977
5.825000E-8	0.001891
5.830000E-8	0.001747
5.835000E-8	0.001780
5.840000E-8	0.001806
5.845000E-8	0.001872
5.850000E-8	0.001966
5.855000E-8	0.002030
5.860000E-8	0.002195
5.865000E-8	0.002320
5.870000E-8	0.002405
5.875000E-8	0.002534
5.880000E-8	0.002538
5.885000E-8	0.002628
5.890000E-8	0.002620
5.895000E-8	0.002470
5.900000E-8	0.002323
5.905000E-8	0.002175
5.910000E-8	0.001991
5.915000E-8	0.001817
5.920000E-8	0.001653
5.925000E-8	0.001508
5.930000E-8	0.001464
5.935000E-8	0.001489
5.940000E-8	0.001597
5.945000E-8	0.001802
5.950000E-8	0.002016
5.955000E-8	0.002303
5.960000E-8	0.002464
5.965000E-8	0.002619
5.970000E-8	0.002772
5.975000E-8	0.002848
5.980000E-8	0.002864
5.985000E-8	0.002763
5.990000E-8	0.002573
5.995000E-8	0.002458
6.000000E-8	0.002292
6.005000E-8	0.002162
6.010000E-8	0.001956
6.015000E-8	0.001888
6.020000E-8	0.001808
6.025000E-8	0.001813
6.030000E-8	0.001923
6.035000E-8	0.002067
6.040000E-8	0.002183
6.045000E-8	0.002411
6.050000E-8	0.002581
6.055000E-8	0.002770
6.060000E-8	0.002875
6.065000E-8	0.002973
6.070000E-8	0.002970
6.075000E-8	0.002938
6.080000E-8	0.002858
6.085000E-8	0.002730
6.090000E-8	0.002514
6.095000E-8	0.002367
6.100000E-8	0.002089
6.105000E-8	0.001894
6.110000E-8	0.001656
6.115000E-8	0.001584
6.120000E-8	0.001405
6.125000E-8	0.001423
6.130000E-8	0.001511
6.135000E-8	0.001595
6.140000E-8	0.001805
6.145000E-8	0.001995
6.150000E-8	0.002195
6.155000E-8	0.002403
6.160000E-8	0.002625
6.165000E-8	0.002759
6.170000E-8	0.002717
6.175000E-8	0.002744
6.180000E-8	0.002609
6.185000E-8	0.002441
6.190000E-8	0.002241
6.195000E-8	0.001981
6.200000E-8	0.001827
6.205000E-8	0.001717
6.210000E-8	0.001600
6.215000E-8	0.001605
6.220000E-8	0.001719
6.225000E-8	0.001823
6.230000E-8	0.001956
6.235000E-8	0.002150
6.240000E-8	0.002263
6.245000E-8	0.002377
6.250000E-8	0.002406
6.255000E-8	0.002477
6.260000E-8	0.002464
6.265000E-8	0.002427
6.270000E-8	0.002445
6.275000E-8	0.002388
6.280000E-8	0.002317
6.285000E-8	0.002222
6.290000E-8	0.002158
6.295000E-8	0.002120
6.300000E-8	0.002061
6.305000E-8	0.001998
6.310000E-8	0.001889
6.315000E-8	0.001913
6.320000E-8	0.001864
6.325000E-8	0.001886
6.330000E-8	0.001936
6.335000E-8	0.002066
6.340000E-8	0.002244
6.345000E-8	0.002436
6.350000E-8	0.002602
6.355000E-8	0.002772
6.360000E-8	0.002828
6.365000E-8	0.002875
6.370000E-8	0.002873
6.375000E-8	0.002778
6.380000E-8	0.002570
6.385000E-8	0.002489
6.390000E-8	0.002297
6.395000E-8	0.002102
6.400000E-8	0.001914
6.405000E-8	0.001806
6.410000E-8	0.001725
6.415000E-8	0.001745
6.420000E-8	0.001692
6.425000E-8	0.001806
6.430000E-8	0.001919
6.435000E-8	0.002038
6.440000E-8	0.002167
6.445000E-8	0.002239
6.450000E-8	0.002316
6.455000E-8	0.002378
6.460000E-8	0.002344
6.465000E-8	0.002289
6.470000E-8	0.002227
6.475000E-8	0.002147
6.480000E-8	0.002028
6.485000E-8	0.001972
6.490000E-8	0.001902
6.495000E-8	0.001856
6.500000E-8	0.001806
6.505000E-8	0.001877
6.510000E-8	0.001883
6.515000E-8	0.001945
6.520000E-8	0.002002
6.525000E-8	0.002164
6.530000E-8	0.002289
6.535000E-8	0.002461
6.540000E-8	0.002559
6.545000E-8	0.002773
6.550000E-8	0.002848
6.555000E-8	0.002953
6.560000E-8	0.002947
6.565000E-8	0.002908
6.570000E-8	0.002773
6.575000E-8	0.002638
6.580000E-8	0.002477
6.585000E-8	0.002341
6.590000E-8	0.002267
6.595000E-8	0.002184
6.600000E-8	0.002103
6.605000E-8	0.002192
6.610000E-8	0.002166
6.615000E-8	0.002225
6.620000E-8	0.002223
6.625000E-8	0.002306
6.630000E-8	0.002380
6.635000E-8	0.002500
6.640000E-8	0.002520
6.645000E-8	0.002633
6.650000E-8	0.002613
6.655000E-8	0.002667
6.660000E-8	0.002652
6.665000E-8	0.002616
6.670000E-8	0.002572
6.675000E-8	0.002425
6.680000E-8	0.002278
6.685000E-8	0.002184
6.690000E-8	0.002089
6.695000E-8	0.001953
6.700000E-8	0.001855
6.705000E-8	0.001711
6.710000E-8	0.001758
6.715000E-8	0.001833
6.720000E-8	0.001872
6.725000E-8	0.001941
6.730000E-8	0.002063
6.735000E-8	0.002200
6.740000E-8	0.002263
6.745000E-8	0.002353
6.750000E-8	0.002464
6.755000E-8	0.002466
6.760000E-8	0.002422
6.765000E-8	0.002442
6.770000E-8	0.002245
6.775000E-8	0.002170
6.780000E-8	0.002081
6.785000E-8	0.001986
6.790000E-8	0.001828
6.795000E-8	0.001872
6.800000E-8	0.001839
6.805000E-8	0.001913
6.810000E-8	0.002058
6.815000E-8	0.002125
6.820000E-8	0.002219
6.825000E-8	0.002306
6.830000E-8	0.002372
6.835000E-8	0.002488
6.840000E-8	0.002473
6.845000E-8	0.002422
6.850000E-8	0.002453
6.855000E-8	0.002355
6.860000E-8	0.002245
6.865000E-8	0.002097
6.870000E-8	0.002030
6.875000E-8	0.001933
6.880000E-8	0.001823
6.885000E-8	0.001680
6.890000E-8	0.001614
6.895000E-8	0.001619
6.900000E-8	0.001684
6.905000E-8	0.001694
6.910000E-8	0.001761
6.915000E-8	0.001894
6.920000E-8	0.002017
6.925000E-8	0.002147
6.930000E-8	0.002273
6.935000E-8	0.002413
6.940000E-8	0.002450
6.945000E-8	0.002456
6.950000E-8	0.002484
6.955000E-8	0.002519
6.960000E-8	0.002425
6.965000E-8	0.002383
6.970000E-8	0.002306
6.975000E-8	0.002253
6.980000E-8	0.002161
6.985000E-8	0.002184
6.990000E-8	0.002109
6.995000E-8	0.002063
7.000000E-8	0.002078
7.005000E-8	0.002169
7.010000E-8	0.002200
7.015000E-8	0.002292
7.020000E-8	0.002367
7.025000E-8	0.002430
7.030000E-8	0.002522
7.035000E-8	0.002594
7.040000E-8	0.002647
7.045000E-8	0.002625
7.050000E-8	0.002558
7.055000E-8	0.002523
7.060000E-8	0.002400
7.065000E-8	0.002309
7.070000E-8	0.002164
7.075000E-8	0.002022
7.080000E-8	0.001984
7.085000E-8	0.001945
7.090000E-8	0.001977
7.095000E-8	0.002041
7.100000E-8	0.002114
7.105000E-8	0.002231
7.110000E-8	0.002402
7.115000E-8	0.002528
7.120000E-8	0.002570
7.125000E-8	0.002667
7.130000E-8	0.002713
7.135000E-8	0.002684
7.140000E-8	0.002664
7.145000E-8	0.002533
7.150000E-8	0.002489
7.155000E-8	0.002402
7.160000E-8	0.002242
7.165000E-8	0.002202
7.170000E-8	0.002083
7.175000E-8	0.002011
7.180000E-8	0.002016
7.185000E-8	0.001964
7.190000E-8	0.001914
7.195000E-8	0.001991
7.200000E-8	0.002031
7.205000E-8	0.002195
7.210000E-8	0.002289
7.215000E-8	0.002367
7.220000E-8	0.002494
7.225000E-8	0.002519
7.230000E-8	0.002583
7.235000E-8	0.002577
7.240000E-8	0.002563
7.245000E-8	0.002469
7.250000E-8	0.002298
7.255000E-8	0.002263
7.260000E-8	0.002100
7.265000E-8	0.001992
7.270000E-8	0.001908
7.275000E-8	0.001897
7.280000E-8	0.001847
7.285000E-8	0.001906
7.290000E-8	0.001933
7.295000E-8	0.002069
7.300000E-8	0.002042
7.305000E-8	0.002139
7.310000E-8	0.002195
7.315000E-8	0.002202
7.320000E-8	0.002184
7.325000E-8	0.002177
7.330000E-8	0.002167
7.335000E-8	0.002181
7.340000E-8	0.002116
7.345000E-8	0.002128
7.350000E-8	0.002148
7.355000E-8	0.002145
7.360000E-8	0.002095
7.365000E-8	0.002016
7.370000E-8	0.002009
7.375000E-8	0.001955
7.380000E-8	0.001903
7.385000E-8	0.001928
7.390000E-8	0.001902
7.395000E-8	0.001936
7.400000E-8	0.001934
7.405000E-8	0.002028
7.410000E-8	0.002070
7.415000E-8	0.002183
7.420000E-8	0.002173
7.425000E-8	0.002167
7.430000E-8	0.002202
7.435000E-8	0.002272
7.440000E-8	0.002222
7.445000E-8	0.002172
7.450000E-8	0.002159
7.455000E-8	0.002106
7.460000E-8	0.002023
7.465000E-8	0.002005
7.470000E-8	0.001925
7.475000E-8	0.001942
7.480000E-8	0.001927
7.485000E-8	0.001978
7.490000E-8	0.002063
7.495000E-8	0.002162
7.500000E-8	0.002219
7.505000E-8	0.002358
7.510000E-8	0.002497
7.515000E-8	0.002602
7.520000E-8	0.002670
7.525000E-8	0.002708
7.530000E-8	0.002714
7.535000E-8	0.002662
7.540000E-8	0.002517
7.545000E-8	0.002409
7.550000E-8	0.002261
7.555000E-8	0.002162
7.560000E-8	0.002011
7.565000E-8	0.002020
7.570000E-8	0.001989
7.575000E-8	0.001963
7.580000E-8	0.001983
7.585000E-8	0.002119
7.590000E-8	0.002206
7.595000E-8	0.002311
7.600000E-8	0.002398
7.605000E-8	0.002463
7.610000E-8	0.002533
7.615000E-8	0.002508
7.620000E-8	0.002481
7.625000E-8	0.002502
7.630000E-8	0.002475
7.635000E-8	0.002431
7.640000E-8	0.002398
7.645000E-8	0.002311
7.650000E-8	0.002194
7.655000E-8	0.002195
7.660000E-8	0.002119
7.665000E-8	0.002133
7.670000E-8	0.002078
7.675000E-8	0.002102
7.680000E-8	0.002105
7.685000E-8	0.002123
7.690000E-8	0.002156
7.695000E-8	0.002205
7.700000E-8	0.002227
7.705000E-8	0.002298
7.710000E-8	0.002336
7.715000E-8	0.002369
7.720000E-8	0.002458
7.725000E-8	0.002503
7.730000E-8	0.002494
7.735000E-8	0.002563
7.740000E-8	0.002559
7.745000E-8	0.002625
7.750000E-8	0.002552
7.755000E-8	0.002489
7.760000E-8	0.002430
7.765000E-8	0.002395
7.770000E-8	0.002288
7.775000E-8	0.002234
7.780000E-8	0.002183
7.785000E-8	0.002142
7.790000E-8	0.002087
7.795000E-8	0.002228
7.800000E-8	0.002242
7.805000E-8	0.002272
7.810000E-8	0.002375
7.815000E-8	0.002503
7.820000E-8	0.002534
7.825000E-8	0.002606
7.830000E-8	0.002570
7.835000E-8	0.002602
7.840000E-8	0.002467
7.845000E-8	0.002448
7.850000E-8	0.002347
7.855000E-8	0.002136
7.860000E-8	0.001900
7.865000E-8	0.001888
7.870000E-8	0.001733
7.875000E-8	0.001709
7.880000E-8	0.001772
7.885000E-8	0.001861
7.890000E-8	0.001944
7.895000E-8	0.002095
7.900000E-8	0.002155
7.905000E-8	0.002355
7.910000E-8	0.002345
7.915000E-8	0.002442
7.920000E-8	0.002448
7.925000E-8	0.002437
7.930000E-8	0.002372
7.935000E-8	0.002303
7.940000E-8	0.002302
7.945000E-8	0.002275
7.950000E-8	0.002225
7.955000E-8	0.002252
7.960000E-8	0.002214
7.965000E-8	0.002233
7.970000E-8	0.002173
7.975000E-8	0.002200
7.980000E-8	0.002144
7.985000E-8	0.002184
7.990000E-8	0.002133
7.995000E-8	0.002223
8.000000E-8	0.002269
8.005000E-8	0.002388
8.010000E-8	0.002475
8.015000E-8	0.002581
8.020000E-8	0.002605
8.025000E-8	0.002619
8.030000E-8	0.002592
8.035000E-8	0.002553
8.040000E-8	0.002533
8.045000E-8	0.002395
8.050000E-8	0.002330
8.055000E-8	0.002234
8.060000E-8	0.002134
8.065000E-8	0.002125
8.070000E-8	0.002087
8.075000E-8	0.002175
8.080000E-8	0.002223
8.085000E-8	0.002361
8.090000E-8	0.002464
8.095000E-8	0.002570
8.100000E-8	0.002595
8.105000E-8	0.002678
8.110000E-8	0.002591
8.115000E-8	0.002531
8.120000E-8	0.002369
8.125000E-8	0.002342
8.130000E-8	0.002220
8.135000E-8	0.002172
8.140000E-8	0.002056
8.145000E-8	0.002091
8.150000E-8	0.002016
8.155000E-8	0.001997
8.160000E-8	0.001989
8.165000E-8	0.002011
8.170000E-8	0.001967
8.175000E-8	0.001930
8.180000E-8	0.001919
8.185000E-8	0.002008
8.190000E-8	0.001916
8.195000E-8	0.001931
8.200000E-8	0.001969
8.205000E-8	0.002050
8.210000E-8	0.002044
8.215000E-8	0.002089
8.220000E-8	0.002144
8.225000E-8	0.002186
8.230000E-8	0.002047
8.235000E-8	0.002020
8.240000E-8	0.001909
8.245000E-8	0.001817
8.250000E-8	0.001663
8.255000E-8	0.001650
8.260000E-8	0.001528
8.265000E-8	0.001530
8.270000E-8	0.001509
8.275000E-8	0.001605
8.280000E-8	0.001630
8.285000E-8	0.001780
8.290000E-8	0.001864
8.295000E-8	0.002012
8.300000E-8	0.002109
8.305000E-8	0.002278
8.310000E-8	0.002294
8.315000E-8	0.002336
8.320000E-8	0.002297
8.325000E-8	0.002289
8.330000E-8	0.002228
8.335000E-8	0.002203
8.340000E-8	0.002034
8.345000E-8	0.002070
8.350000E-8	0.002053
8.355000E-8	0.002111
8.360000E-8	0.002119
8.365000E-8	0.002244
8.370000E-8	0.002305
8.375000E-8	0.002384
8.380000E-8	0.002453
8.385000E-8	0.002622
8.390000E-8	0.002639
8.395000E-8	0.002608
8.400000E-8	0.002555
8.405000E-8	0.002592
8.410000E-8	0.002456
8.415000E-8	0.002348
8.420000E-8	0.002342
8.425000E-8	0.002278
8.430000E-8	0.002255
8.435000E-8	0.002244
8.440000E-8	0.002145
8.445000E-8	0.002173
8.450000E-8	0.002200
8.455000E-8	0.002175
8.460000E-8	0.002102
8.465000E-8	0.002142
8.470000E-8	0.002067
8.475000E-8	0.002053
8.480000E-8	0.001959
8.485000E-8	0.001959
8.490000E-8	0.001906
8.495000E-8	0.001905
8.500000E-8	0.001820
8.505000E-8	0.001859
8.510000E-8	0.001806
8.515000E-8	0.001828
8.520000E-8	0.001827
8.525000E-8	0.001778
8.530000E-8	0.001767
8.535000E-8	0.001831
8.540000E-8	0.001809
8.545000E-8	0.001823
8.550000E-8	0.001811
8.555000E-8	0.001861
8.560000E-8	0.001927
8.565000E-8	0.001945
8.570000E-8	0.002123
8.575000E-8	0.002173
8.580000E-8	0.002250
8.585000E-8	0.002338
8.590000E-8	0.002423
8.595000E-8	0.002466
8.600000E-8	0.002441
8.605000E-8	0.002470
8.610000E-8	0.002472
8.615000E-8	0.002445
8.620000E-8	0.002434
8.625000E-8	0.002495
8.630000E-8	0.002481
8.635000E-8	0.002461
8.640000E-8	0.002536
8.645000E-8	0.002619
8.650000E-8	0.002664
8.655000E-8	0.002695
8.660000E-8	0.002692
8.665000E-8	0.002730
8.670000E-8	0.002719
8.675000E-8	0.002705
8.680000E-8	0.002720
8.685000E-8	0.002670
8.690000E-8	0.002675
8.695000E-8	0.002666
8.700000E-8	0.002661
8.705000E-8	0.002628
8.710000E-8	0.002508
8.715000E-8	0.002450
8.720000E-8	0.002375
8.725000E-8	0.002302
8.730000E-8	0.002247
8.735000E-8	0.002184
8.740000E-8	0.002075
8.745000E-8	0.002116
8.750000E-8	0.002053
8.755000E-8	0.002067
8.760000E-8	0.002134
8.765000E-8	0.002194
8.770000E-8	0.002242
8.775000E-8	0.002291
8.780000E-8	0.002313
8.785000E-8	0.002370
8.790000E-8	0.002344
8.795000E-8	0.002400
8.800000E-8	0.002372
8.805000E-8	0.002325
8.810000E-8	0.002272
8.815000E-8	0.002230
8.820000E-8	0.002162
8.825000E-8	0.002103
8.830000E-8	0.002063
8.835000E-8	0.002070
8.840000E-8	0.002017
8.845000E-8	0.002069
8.850000E-8	0.002070
8.855000E-8	0.002177
8.860000E-8	0.002211
8.865000E-8	0.002383
8.870000E-8	0.002441
8.875000E-8	0.002575
8.880000E-8	0.002616
8.885000E-8	0.002661
8.890000E-8	0.002694
8.895000E-8	0.002684
8.900000E-8	0.002583
8.905000E-8	0.002538
8.910000E-8	0.002416
8.915000E-8	0.002341
8.920000E-8	0.002264
8.925000E-8	0.002177
8.930000E-8	0.002139
8.935000E-8	0.002119
8.940000E-8	0.002100
8.945000E-8	0.002180
8.950000E-8	0.002213
8.955000E-8	0.002273
8.960000E-8	0.002314
8.965000E-8	0.002394
8.970000E-8	0.002437
8.975000E-8	0.002441
8.980000E-8	0.002539
8.985000E-8	0.002581
8.990000E-8	0.002572
8.995000E-8	0.002655
9.000000E-8	0.002620
9.005000E-8	0.002645
9.010000E-8	0.002594
9.015000E-8	0.002544
9.020000E-8	0.002497
9.025000E-8	0.002486
9.030000E-8	0.002388
9.035000E-8	0.002283
9.040000E-8	0.002206
9.045000E-8	0.002216
9.050000E-8	0.002188
9.055000E-8	0.002269
9.060000E-8	0.002273
9.065000E-8	0.002367
9.070000E-8	0.002363
9.075000E-8	0.002502
9.080000E-8	0.002542
9.085000E-8	0.002547
9.090000E-8	0.002577
9.095000E-8	0.002573
9.100000E-8	0.002503
9.105000E-8	0.002475
9.110000E-8	0.002402
9.115000E-8	0.002347
9.120000E-8	0.002230
9.125000E-8	0.002139
9.130000E-8	0.002072
9.135000E-8	0.002058
9.140000E-8	0.001988
9.145000E-8	0.002073
9.150000E-8	0.002050
9.155000E-8	0.002128
9.160000E-8	0.002209
9.165000E-8	0.002309
9.170000E-8	0.002342
9.175000E-8	0.002348
9.180000E-8	0.002347
9.185000E-8	0.002373
9.190000E-8	0.002361
9.195000E-8	0.002295
9.200000E-8	0.002277
9.205000E-8	0.002237
9.210000E-8	0.002225
9.215000E-8	0.002230
9.220000E-8	0.002197
9.225000E-8	0.002264
9.230000E-8	0.002233
9.235000E-8	0.002272
9.240000E-8	0.002278
9.245000E-8	0.002314
9.250000E-8	0.002277
9.255000E-8	0.002308
9.260000E-8	0.002273
9.265000E-8	0.002275
9.270000E-8	0.002281
9.275000E-8	0.002358
9.280000E-8	0.002378
9.285000E-8	0.002350
9.290000E-8	0.002388
9.295000E-8	0.002391
9.300000E-8	0.002328
9.305000E-8	0.002233
9.310000E-8	0.002200
9.315000E-8	0.002142
9.320000E-8	0.002034
9.325000E-8	0.002027
9.330000E-8	0.001991
9.335000E-8	0.001930
9.340000E-8	0.001844
9.345000E-8	0.001892
9.350000E-8	0.001958
9.355000E-8	0.002027
9.360000E-8	0.002142
9.365000E-8	0.002217
9.370000E-8	0.002270
9.375000E-8	0.002309
9.380000E-8	0.002364
9.385000E-8	0.002338
9.390000E-8	0.002394
9.395000E-8	0.002363
9.400000E-8	0.002317
9.405000E-8	0.002323
9.410000E-8	0.002270
9.415000E-8	0.002284
9.420000E-8	0.002219
9.425000E-8	0.002192
9.430000E-8	0.002186
9.435000E-8	0.002189
9.440000E-8	0.002288
9.445000E-8	0.002317
9.450000E-8	0.002300
9.455000E-8	0.002383
9.460000E-8	0.002402
9.465000E-8	0.002441
9.470000E-8	0.002419
9.475000E-8	0.002409
9.480000E-8	0.002341
9.485000E-8	0.002339
9.490000E-8	0.002227
9.495000E-8	0.002241
9.500000E-8	0.002162
9.505000E-8	0.002077
9.510000E-8	0.002052
9.515000E-8	0.002020
9.520000E-8	0.002058
9.525000E-8	0.002063
9.530000E-8	0.001969
9.535000E-8	0.002014
9.540000E-8	0.001991
9.545000E-8	0.001975
9.550000E-8	0.002014
9.555000E-8	0.002083
9.560000E-8	0.002087
9.565000E-8	0.002195
9.570000E-8	0.002237
9.575000E-8	0.002286
9.580000E-8	0.002272
9.585000E-8	0.002394
9.590000E-8	0.002389
9.595000E-8	0.002369
9.600000E-8	0.002319
9.605000E-8	0.002308
9.610000E-8	0.002250
9.615000E-8	0.002314
9.620000E-8	0.002228
9.625000E-8	0.002139
9.630000E-8	0.002100
9.635000E-8	0.002152
9.640000E-8	0.002077
9.645000E-8	0.002144
9.650000E-8	0.002147
9.655000E-8	0.002202
9.660000E-8	0.002161
9.665000E-8	0.002220
9.670000E-8	0.002225
9.675000E-8	0.002272
9.680000E-8	0.002302
9.685000E-8	0.002303
9.690000E-8	0.002239
9.695000E-8	0.002288
9.700000E-8	0.002217
9.705000E-8	0.002136
9.710000E-8	0.002025
9.715000E-8	0.001937
9.720000E-8	0.001988
9.725000E-8	0.001959
9.730000E-8	0.001869
9.735000E-8	0.001870
9.740000E-8	0.001939
9.745000E-8	0.002006
9.750000E-8	0.002064
9.755000E-8	0.002170
9.760000E-8	0.002217
9.765000E-8	0.002275
9.770000E-8	0.002314
9.775000E-8	0.002395
9.780000E-8	0.002358
9.785000E-8	0.002286
9.790000E-8	0.002242
9.795000E-8	0.002178
9.800000E-8	0.002145
9.805000E-8	0.002027
9.810000E-8	0.001894
9.815000E-8	0.001841
9.820000E-8	0.001784
9.825000E-8	0.001795
9.830000E-8	0.001770
9.835000E-8	0.001820
9.840000E-8	0.001908
9.845000E-8	0.002081
9.850000E-8	0.002248
9.855000E-8	0.002367
9.860000E-8	0.002473
9.865000E-8	0.002559
9.870000E-8	0.002559
9.875000E-8	0.002545
9.880000E-8	0.002461
9.885000E-8	0.002348
9.890000E-8	0.002195
9.895000E-8	0.002100
9.900000E-8	0.001919
9.905000E-8	0.001823
9.910000E-8	0.001777
9.915000E-8	0.001814
9.920000E-8	0.001850
9.925000E-8	0.001952
9.930000E-8	0.002033
9.935000E-8	0.002211
9.940000E-8	0.002283
9.945000E-8	0.002398
9.950000E-8	0.002502
9.955000E-8	0.002486
9.960000E-8	0.002508
9.965000E-8	0.002475
9.970000E-8	0.002448
9.975000E-8	0.002350
9.980000E-8	0.002245
9.985000E-8	0.002147
9.990000E-8	0.002047
9.995000E-8	0.002053
