LabVIEW Measurement	
Writer_Version	2
Reader_Version	2
Separator	Tab
Decimal_Separator	.
Multi_Headings	No
X_Columns	Multi
Time_Pref	Relative
Operator	TG lab
Date	2015/03/06
Time	16:04:46.1723122596740722656
***End_of_Header***	
	
Channels	1	
Samples	2000	
Date	2015/03/06	
Time	16:04:46.1723122596740722656	
X_Dimension	Time	
X0	0.0000000000000000E+0	
Delta_X	5.000000E-11	
***End_of_Header***		
X_Value	Untitled	Comment
0.000000	0.002406
5.000000E-11	0.002416
1.000000E-10	0.002259
1.500000E-10	0.002325
2.000000E-10	0.002306
2.500000E-10	0.002250
3.000000E-10	0.002325
3.500000E-10	0.002319
4.000000E-10	0.002375
4.500000E-10	0.002450
5.000000E-10	0.002381
5.500000E-10	0.002381
6.000000E-10	0.002222
6.500000E-10	0.002259
7.000000E-10	0.002153
7.500000E-10	0.002231
8.000000E-10	0.002284
8.500000E-10	0.002166
9.000000E-10	0.002147
9.500000E-10	0.002322
1.000000E-9	0.002266
1.050000E-9	0.002263
1.100000E-9	0.002206
1.150000E-9	0.002206
1.200000E-9	0.002250
1.250000E-9	0.002213
1.300000E-9	0.002159
1.350000E-9	0.002175
1.400000E-9	0.002162
1.450000E-9	0.002147
1.500000E-9	0.002100
1.550000E-9	0.002122
1.600000E-9	0.002053
1.650000E-9	0.002053
1.700000E-9	0.002072
1.750000E-9	0.002144
1.800000E-9	0.002103
1.850000E-9	0.002159
1.900000E-9	0.002125
1.950000E-9	0.002156
2.000000E-9	0.002131
2.050000E-9	0.002181
2.100000E-9	0.002100
2.150000E-9	0.002147
2.200000E-9	0.002184
2.250000E-9	0.002084
2.300000E-9	0.002141
2.350000E-9	0.002175
2.400000E-9	0.002162
2.450000E-9	0.002175
2.500000E-9	0.002184
2.550000E-9	0.002172
2.600000E-9	0.002031
2.650000E-9	0.002094
2.700000E-9	0.002072
2.750000E-9	0.002225
2.800000E-9	0.002144
2.850000E-9	0.002303
2.900000E-9	0.002359
2.950000E-9	0.002463
3.000000E-9	0.002566
3.050000E-9	0.002531
3.100000E-9	0.002444
3.150000E-9	0.002431
3.200000E-9	0.002388
3.250000E-9	0.002300
3.300000E-9	0.002309
3.350000E-9	0.002284
3.400000E-9	0.002141
3.450000E-9	0.002141
3.500000E-9	0.002119
3.550000E-9	0.002206
3.600000E-9	0.002259
3.650000E-9	0.002272
3.700000E-9	0.002225
3.750000E-9	0.002306
3.800000E-9	0.002350
3.850000E-9	0.002422
3.900000E-9	0.002350
3.950000E-9	0.002372
4.000000E-9	0.002388
4.050000E-9	0.002325
4.100000E-9	0.002322
4.150000E-9	0.002456
4.200000E-9	0.002481
4.250000E-9	0.002519
4.300000E-9	0.002650
4.350000E-9	0.002675
4.400000E-9	0.002822
4.450000E-9	0.002822
4.500000E-9	0.002778
4.550000E-9	0.002878
4.600000E-9	0.002763
4.650000E-9	0.002766
4.700000E-9	0.002634
4.750000E-9	0.002672
4.800000E-9	0.002672
4.850000E-9	0.002697
4.900000E-9	0.002747
4.950000E-9	0.002866
5.000000E-9	0.002941
5.050000E-9	0.003009
5.100000E-9	0.002994
5.150000E-9	0.003028
5.200000E-9	0.002963
5.250000E-9	0.002863
5.300000E-9	0.002806
5.350000E-9	0.002844
5.400000E-9	0.002919
5.450000E-9	0.002850
5.500000E-9	0.002794
5.550000E-9	0.002878
5.600000E-9	0.002919
5.650000E-9	0.003084
5.700000E-9	0.003278
5.750000E-9	0.003313
5.800000E-9	0.003378
5.850000E-9	0.003459
5.900000E-9	0.003509
5.950000E-9	0.003497
6.000000E-9	0.003431
6.050000E-9	0.003434
6.100000E-9	0.003347
6.150000E-9	0.003306
6.200000E-9	0.003172
6.250000E-9	0.003178
6.300000E-9	0.002981
6.350000E-9	0.003050
6.400000E-9	0.002984
6.450000E-9	0.003038
6.500000E-9	0.003009
6.550000E-9	0.002931
6.600000E-9	0.003106
6.650000E-9	0.003178
6.700000E-9	0.003328
6.750000E-9	0.003422
6.800000E-9	0.003528
6.850000E-9	0.003775
6.900000E-9	0.003859
6.950000E-9	0.004100
7.000000E-9	0.004288
7.050000E-9	0.004456
7.100000E-9	0.004647
7.150000E-9	0.004922
7.200000E-9	0.005331
7.250000E-9	0.005838
7.300000E-9	0.006359
7.350000E-9	0.007097
7.400000E-9	0.007891
7.450000E-9	0.009031
7.500000E-9	0.010169
7.550000E-9	0.011538
7.600000E-9	0.012991
7.650000E-9	0.014447
7.700000E-9	0.016028
7.750000E-9	0.017584
7.800000E-9	0.019081
7.850000E-9	0.020512
7.900000E-9	0.021813
7.950000E-9	0.023228
8.000000E-9	0.024656
8.050000E-9	0.025956
8.100000E-9	0.027256
8.150000E-9	0.028459
8.200000E-9	0.029681
8.250000E-9	0.030781
8.300000E-9	0.031559
8.350000E-9	0.032288
8.400000E-9	0.032550
8.450000E-9	0.032613
8.500000E-9	0.032178
8.550000E-9	0.031497
8.600000E-9	0.030591
8.650000E-9	0.029266
8.700000E-9	0.027581
8.750000E-9	0.025844
8.800000E-9	0.024025
8.850000E-9	0.022313
8.900000E-9	0.020628
8.950000E-9	0.019244
9.000000E-9	0.018144
9.050000E-9	0.017397
9.100000E-9	0.017006
9.150000E-9	0.017081
9.200000E-9	0.017328
9.250000E-9	0.017906
9.300000E-9	0.018438
9.350000E-9	0.018906
9.400000E-9	0.019319
9.450000E-9	0.019513
9.500000E-9	0.019431
9.550000E-9	0.018978
9.600000E-9	0.018200
9.650000E-9	0.017281
9.700000E-9	0.016034
9.750000E-9	0.014619
9.800000E-9	0.013209
9.850000E-9	0.011834
9.900000E-9	0.010800
9.950000E-9	0.009906
1.000000E-8	0.009422
1.005000E-8	0.009144
1.010000E-8	0.009172
1.015000E-8	0.009538
1.020000E-8	0.010141
1.025000E-8	0.010869
1.030000E-8	0.011544
1.035000E-8	0.012287
1.040000E-8	0.012653
1.045000E-8	0.012956
1.050000E-8	0.012963
1.055000E-8	0.012509
1.060000E-8	0.012034
1.065000E-8	0.011284
1.070000E-8	0.010331
1.075000E-8	0.009428
1.080000E-8	0.008481
1.085000E-8	0.007544
1.090000E-8	0.006794
1.095000E-8	0.006419
1.100000E-8	0.006194
1.105000E-8	0.006306
1.110000E-8	0.006453
1.115000E-8	0.006863
1.120000E-8	0.007513
1.125000E-8	0.008147
1.130000E-8	0.008744
1.135000E-8	0.009378
1.140000E-8	0.009834
1.145000E-8	0.009894
1.150000E-8	0.009813
1.155000E-8	0.009531
1.160000E-8	0.009006
1.165000E-8	0.008406
1.170000E-8	0.007544
1.175000E-8	0.006691
1.180000E-8	0.005906
1.185000E-8	0.005069
1.190000E-8	0.004447
1.195000E-8	0.004084
1.200000E-8	0.003853
1.205000E-8	0.004022
1.210000E-8	0.004225
1.215000E-8	0.004744
1.220000E-8	0.005228
1.225000E-8	0.005788
1.230000E-8	0.006316
1.235000E-8	0.006925
1.240000E-8	0.007231
1.245000E-8	0.007481
1.250000E-8	0.007322
1.255000E-8	0.007172
1.260000E-8	0.006747
1.265000E-8	0.006116
1.270000E-8	0.005472
1.275000E-8	0.004891
1.280000E-8	0.004203
1.285000E-8	0.003516
1.290000E-8	0.003009
1.295000E-8	0.002706
1.300000E-8	0.002437
1.305000E-8	0.002631
1.310000E-8	0.002866
1.315000E-8	0.003428
1.320000E-8	0.003994
1.325000E-8	0.004641
1.330000E-8	0.005181
1.335000E-8	0.005694
1.340000E-8	0.006088
1.345000E-8	0.006394
1.350000E-8	0.006397
1.355000E-8	0.006169
1.360000E-8	0.005841
1.365000E-8	0.005353
1.370000E-8	0.004488
1.375000E-8	0.003834
1.380000E-8	0.003081
1.385000E-8	0.002394
1.390000E-8	0.001791
1.395000E-8	0.001484
1.400000E-8	0.001394
1.405000E-8	0.001484
1.410000E-8	0.001859
1.415000E-8	0.002503
1.420000E-8	0.003147
1.425000E-8	0.003941
1.430000E-8	0.004506
1.435000E-8	0.005156
1.440000E-8	0.005616
1.445000E-8	0.005734
1.450000E-8	0.005666
1.455000E-8	0.005322
1.460000E-8	0.004769
1.465000E-8	0.004128
1.470000E-8	0.003228
1.475000E-8	0.002522
1.480000E-8	0.001797
1.485000E-8	0.001213
1.490000E-8	0.000850
1.495000E-8	0.000681
1.500000E-8	0.000794
1.505000E-8	0.001187
1.510000E-8	0.001563
1.515000E-8	0.002344
1.520000E-8	0.003006
1.525000E-8	0.003728
1.530000E-8	0.004181
1.535000E-8	0.004725
1.540000E-8	0.005153
1.545000E-8	0.005131
1.550000E-8	0.005019
1.555000E-8	0.004647
1.560000E-8	0.004050
1.565000E-8	0.003300
1.570000E-8	0.002475
1.575000E-8	0.001841
1.580000E-8	0.001059
1.585000E-8	0.000606
1.590000E-8	0.000222
1.595000E-8	0.000278
1.600000E-8	0.000537
1.605000E-8	0.000972
1.610000E-8	0.001647
1.615000E-8	0.002434
1.620000E-8	0.003175
1.625000E-8	0.003866
1.630000E-8	0.004541
1.635000E-8	0.004991
1.640000E-8	0.005191
1.645000E-8	0.005163
1.650000E-8	0.004913
1.655000E-8	0.004397
1.660000E-8	0.003656
1.665000E-8	0.002856
1.670000E-8	0.002022
1.675000E-8	0.001322
1.680000E-8	0.000734
1.685000E-8	0.000450
1.690000E-8	0.000316
1.695000E-8	0.000400
1.700000E-8	0.000800
1.705000E-8	0.001569
1.710000E-8	0.002241
1.715000E-8	0.002913
1.720000E-8	0.003703
1.725000E-8	0.004325
1.730000E-8	0.004734
1.735000E-8	0.005056
1.740000E-8	0.005072
1.745000E-8	0.004878
1.750000E-8	0.004344
1.755000E-8	0.003719
1.760000E-8	0.002872
1.765000E-8	0.002209
1.770000E-8	0.001456
1.775000E-8	0.000813
1.780000E-8	0.000394
1.785000E-8	0.000253
1.790000E-8	0.000166
1.795000E-8	0.000456
1.800000E-8	0.001063
1.805000E-8	0.001644
1.810000E-8	0.002219
1.815000E-8	0.002972
1.820000E-8	0.003628
1.825000E-8	0.004031
1.830000E-8	0.004428
1.835000E-8	0.004563
1.840000E-8	0.004397
1.845000E-8	0.004081
1.850000E-8	0.003603
1.855000E-8	0.003022
1.860000E-8	0.002263
1.865000E-8	0.001647
1.870000E-8	0.001009
1.875000E-8	0.000559
1.880000E-8	0.000222
1.885000E-8	0.000197
1.890000E-8	0.000441
1.895000E-8	0.000691
1.900000E-8	0.001112
1.905000E-8	0.001772
1.910000E-8	0.002453
1.915000E-8	0.003087
1.920000E-8	0.003647
1.925000E-8	0.004178
1.930000E-8	0.004359
1.935000E-8	0.004447
1.940000E-8	0.004247
1.945000E-8	0.003991
1.950000E-8	0.003472
1.955000E-8	0.002828
1.960000E-8	0.002216
1.965000E-8	0.001666
1.970000E-8	0.001081
1.975000E-8	0.000806
1.980000E-8	0.000559
1.985000E-8	0.000513
1.990000E-8	0.000706
1.995000E-8	0.001094
2.000000E-8	0.001681
2.005000E-8	0.002222
2.010000E-8	0.002803
2.015000E-8	0.003325
2.020000E-8	0.003797
2.025000E-8	0.004141
2.030000E-8	0.004350
2.035000E-8	0.004306
2.040000E-8	0.003962
2.045000E-8	0.003556
2.050000E-8	0.003006
2.055000E-8	0.002456
2.060000E-8	0.001847
2.065000E-8	0.001300
2.070000E-8	0.000847
2.075000E-8	0.000572
2.080000E-8	0.000463
2.085000E-8	0.000634
2.090000E-8	0.000850
2.095000E-8	0.001278
2.100000E-8	0.001719
2.105000E-8	0.002378
2.110000E-8	0.002928
2.115000E-8	0.003550
2.120000E-8	0.003775
2.125000E-8	0.003972
2.130000E-8	0.003988
2.135000E-8	0.003906
2.140000E-8	0.003659
2.145000E-8	0.003294
2.150000E-8	0.002744
2.155000E-8	0.002206
2.160000E-8	0.001484
2.165000E-8	0.001003
2.170000E-8	0.000631
2.175000E-8	0.000328
2.180000E-8	0.000388
2.185000E-8	0.000525
2.190000E-8	0.000737
2.195000E-8	0.001200
2.200000E-8	0.001722
2.205000E-8	0.002578
2.210000E-8	0.003050
2.215000E-8	0.003550
2.220000E-8	0.003953
2.225000E-8	0.004322
2.230000E-8	0.004288
2.235000E-8	0.004069
2.240000E-8	0.003613
2.245000E-8	0.003244
2.250000E-8	0.002653
2.255000E-8	0.002025
2.260000E-8	0.001422
2.265000E-8	0.000988
2.270000E-8	0.000594
2.275000E-8	0.000503
2.280000E-8	0.000584
2.285000E-8	0.000909
2.290000E-8	0.001250
2.295000E-8	0.001913
2.300000E-8	0.002437
2.305000E-8	0.003100
2.310000E-8	0.003563
2.315000E-8	0.004003
2.320000E-8	0.004094
2.325000E-8	0.004241
2.330000E-8	0.004000
2.335000E-8	0.003669
2.340000E-8	0.003156
2.345000E-8	0.002600
2.350000E-8	0.001934
2.355000E-8	0.001300
2.360000E-8	0.000803
2.365000E-8	0.000403
2.370000E-8	0.000178
2.375000E-8	0.000225
2.380000E-8	0.000363
2.385000E-8	0.000681
2.390000E-8	0.001156
2.395000E-8	0.001834
2.400000E-8	0.002347
2.405000E-8	0.002994
2.410000E-8	0.003428
2.415000E-8	0.003709
2.420000E-8	0.003934
2.425000E-8	0.003881
2.430000E-8	0.003672
2.435000E-8	0.003325
2.440000E-8	0.002763
2.445000E-8	0.002237
2.450000E-8	0.001612
2.455000E-8	0.001084
2.460000E-8	0.000753
2.465000E-8	0.000534
2.470000E-8	0.000353
2.475000E-8	0.000513
2.480000E-8	0.000878
2.485000E-8	0.001259
2.490000E-8	0.001794
2.495000E-8	0.002394
2.500000E-8	0.002956
2.505000E-8	0.003456
2.510000E-8	0.003741
2.515000E-8	0.003938
2.520000E-8	0.003875
2.525000E-8	0.003638
2.530000E-8	0.003384
2.535000E-8	0.002909
2.540000E-8	0.002413
2.545000E-8	0.001922
2.550000E-8	0.001288
2.555000E-8	0.000916
2.560000E-8	0.000750
2.565000E-8	0.000650
2.570000E-8	0.000791
2.575000E-8	0.001138
2.580000E-8	0.001466
2.585000E-8	0.001984
2.590000E-8	0.002516
2.595000E-8	0.002956
2.600000E-8	0.003325
2.605000E-8	0.003638
2.610000E-8	0.003744
2.615000E-8	0.003778
2.620000E-8	0.003600
2.625000E-8	0.003459
2.630000E-8	0.003100
2.635000E-8	0.002538
2.640000E-8	0.002109
2.645000E-8	0.001687
2.650000E-8	0.001247
2.655000E-8	0.000875
2.660000E-8	0.000700
2.665000E-8	0.000625
2.670000E-8	0.000628
2.675000E-8	0.000944
2.680000E-8	0.001338
2.685000E-8	0.001856
2.690000E-8	0.002272
2.695000E-8	0.002788
2.700000E-8	0.003087
2.705000E-8	0.003584
2.710000E-8	0.003653
2.715000E-8	0.003616
2.720000E-8	0.003494
2.725000E-8	0.003284
2.730000E-8	0.002925
2.735000E-8	0.002463
2.740000E-8	0.001956
2.745000E-8	0.001572
2.750000E-8	0.001159
2.755000E-8	0.000791
2.760000E-8	0.000528
2.765000E-8	0.000666
2.770000E-8	0.000809
2.775000E-8	0.001034
2.780000E-8	0.001459
2.785000E-8	0.002066
2.790000E-8	0.002447
2.795000E-8	0.002941
2.800000E-8	0.003266
2.805000E-8	0.003694
2.810000E-8	0.003697
2.815000E-8	0.003775
2.820000E-8	0.003684
2.825000E-8	0.003425
2.830000E-8	0.002922
2.835000E-8	0.002516
2.840000E-8	0.001969
2.845000E-8	0.001559
2.850000E-8	0.001122
2.855000E-8	0.000931
2.860000E-8	0.000750
2.865000E-8	0.000863
2.870000E-8	0.000975
2.875000E-8	0.001234
2.880000E-8	0.001678
2.885000E-8	0.002181
2.890000E-8	0.002525
2.895000E-8	0.002934
2.900000E-8	0.003213
2.905000E-8	0.003397
2.910000E-8	0.003525
2.915000E-8	0.003575
2.920000E-8	0.003403
2.925000E-8	0.003250
2.930000E-8	0.002847
2.935000E-8	0.002441
2.940000E-8	0.002087
2.945000E-8	0.001659
2.950000E-8	0.001322
2.955000E-8	0.001134
2.960000E-8	0.000994
2.965000E-8	0.001134
2.970000E-8	0.001391
2.975000E-8	0.001700
2.980000E-8	0.002066
2.985000E-8	0.002416
2.990000E-8	0.002822
2.995000E-8	0.003256
3.000000E-8	0.003544
3.005000E-8	0.003706
3.010000E-8	0.003641
3.015000E-8	0.003500
3.020000E-8	0.003281
3.025000E-8	0.002934
3.030000E-8	0.002528
3.035000E-8	0.002097
3.040000E-8	0.001619
3.045000E-8	0.001200
3.050000E-8	0.001009
3.055000E-8	0.001031
3.060000E-8	0.000969
3.065000E-8	0.001169
3.070000E-8	0.001431
3.075000E-8	0.001819
3.080000E-8	0.002197
3.085000E-8	0.002641
3.090000E-8	0.003103
3.095000E-8	0.003378
3.100000E-8	0.003566
3.105000E-8	0.003578
3.110000E-8	0.003572
3.115000E-8	0.003344
3.120000E-8	0.002888
3.125000E-8	0.002544
3.130000E-8	0.002025
3.135000E-8	0.001534
3.140000E-8	0.001206
3.145000E-8	0.000875
3.150000E-8	0.000719
3.155000E-8	0.000759
3.160000E-8	0.000900
3.165000E-8	0.001234
3.170000E-8	0.001606
3.175000E-8	0.002053
3.180000E-8	0.002475
3.185000E-8	0.002978
3.190000E-8	0.003188
3.195000E-8	0.003409
3.200000E-8	0.003559
3.205000E-8	0.003425
3.210000E-8	0.003266
3.215000E-8	0.002975
3.220000E-8	0.002522
3.225000E-8	0.002159
3.230000E-8	0.001800
3.235000E-8	0.001406
3.240000E-8	0.001272
3.245000E-8	0.001112
3.250000E-8	0.001078
3.255000E-8	0.001131
3.260000E-8	0.001331
3.265000E-8	0.001619
3.270000E-8	0.001844
3.275000E-8	0.002159
3.280000E-8	0.002572
3.285000E-8	0.002869
3.290000E-8	0.002931
3.295000E-8	0.003006
3.300000E-8	0.003166
3.305000E-8	0.003116
3.310000E-8	0.002922
3.315000E-8	0.002581
3.320000E-8	0.002391
3.325000E-8	0.001994
3.330000E-8	0.001700
3.335000E-8	0.001341
3.340000E-8	0.001169
3.345000E-8	0.001050
3.350000E-8	0.000994
3.355000E-8	0.001100
3.360000E-8	0.001353
3.365000E-8	0.001778
3.370000E-8	0.002138
3.375000E-8	0.002516
3.380000E-8	0.002813
3.385000E-8	0.003113
3.390000E-8	0.003231
3.395000E-8	0.003331
3.400000E-8	0.003225
3.405000E-8	0.003119
3.410000E-8	0.002753
3.415000E-8	0.002547
3.420000E-8	0.002175
3.425000E-8	0.001950
3.430000E-8	0.001584
3.435000E-8	0.001422
3.440000E-8	0.001281
3.445000E-8	0.001200
3.450000E-8	0.001259
3.455000E-8	0.001472
3.460000E-8	0.001563
3.465000E-8	0.001838
3.470000E-8	0.002234
3.475000E-8	0.002584
3.480000E-8	0.002875
3.485000E-8	0.003044
3.490000E-8	0.003222
3.495000E-8	0.003250
3.500000E-8	0.003238
3.505000E-8	0.003087
3.510000E-8	0.002756
3.515000E-8	0.002388
3.520000E-8	0.002034
3.525000E-8	0.001697
3.530000E-8	0.001266
3.535000E-8	0.001000
3.540000E-8	0.000991
3.545000E-8	0.000997
3.550000E-8	0.001088
3.555000E-8	0.001294
3.560000E-8	0.001647
3.565000E-8	0.002075
3.570000E-8	0.002381
3.575000E-8	0.002675
3.580000E-8	0.002909
3.585000E-8	0.003172
3.590000E-8	0.003231
3.595000E-8	0.003225
3.600000E-8	0.003050
3.605000E-8	0.002875
3.610000E-8	0.002553
3.615000E-8	0.002113
3.620000E-8	0.001734
3.625000E-8	0.001344
3.630000E-8	0.001084
3.635000E-8	0.000913
3.640000E-8	0.000800
3.645000E-8	0.000838
3.650000E-8	0.001059
3.655000E-8	0.001322
3.660000E-8	0.001591
3.665000E-8	0.001922
3.670000E-8	0.002294
3.675000E-8	0.002631
3.680000E-8	0.002903
3.685000E-8	0.003138
3.690000E-8	0.003159
3.695000E-8	0.002984
3.700000E-8	0.002794
3.705000E-8	0.002506
3.710000E-8	0.002153
3.715000E-8	0.001844
3.720000E-8	0.001375
3.725000E-8	0.001281
3.730000E-8	0.001059
3.735000E-8	0.000925
3.740000E-8	0.000956
3.745000E-8	0.001066
3.750000E-8	0.001294
3.755000E-8	0.001659
3.760000E-8	0.001950
3.765000E-8	0.002341
3.770000E-8	0.002631
3.775000E-8	0.002891
3.780000E-8	0.003125
3.785000E-8	0.003172
3.790000E-8	0.003078
3.795000E-8	0.002969
3.800000E-8	0.002834
3.805000E-8	0.002525
3.810000E-8	0.002172
3.815000E-8	0.001841
3.820000E-8	0.001566
3.825000E-8	0.001347
3.830000E-8	0.001119
3.835000E-8	0.001097
3.840000E-8	0.001187
3.845000E-8	0.001375
3.850000E-8	0.001600
3.855000E-8	0.001894
3.860000E-8	0.002263
3.865000E-8	0.002594
3.870000E-8	0.002875
3.875000E-8	0.003103
3.880000E-8	0.003169
3.885000E-8	0.003178
3.890000E-8	0.002975
3.895000E-8	0.002772
3.900000E-8	0.002463
3.905000E-8	0.002100
3.910000E-8	0.001809
3.915000E-8	0.001509
3.920000E-8	0.001222
3.925000E-8	0.001109
3.930000E-8	0.001025
3.935000E-8	0.001141
3.940000E-8	0.001281
3.945000E-8	0.001541
3.950000E-8	0.001794
3.955000E-8	0.002209
3.960000E-8	0.002444
3.965000E-8	0.002806
3.970000E-8	0.003131
3.975000E-8	0.003353
3.980000E-8	0.003359
3.985000E-8	0.003331
3.990000E-8	0.003091
3.995000E-8	0.002781
4.000000E-8	0.002459
4.005000E-8	0.002275
4.010000E-8	0.002069
4.015000E-8	0.001713
4.020000E-8	0.001547
4.025000E-8	0.001500
4.030000E-8	0.001459
4.035000E-8	0.001556
4.040000E-8	0.001713
4.045000E-8	0.001881
4.050000E-8	0.002119
4.055000E-8	0.002353
4.060000E-8	0.002556
4.065000E-8	0.002872
4.070000E-8	0.003038
4.075000E-8	0.003266
4.080000E-8	0.003216
4.085000E-8	0.003153
4.090000E-8	0.003009
4.095000E-8	0.002838
4.100000E-8	0.002472
4.105000E-8	0.002309
4.110000E-8	0.001931
4.115000E-8	0.001631
4.120000E-8	0.001434
4.125000E-8	0.001278
4.130000E-8	0.001291
4.135000E-8	0.001272
4.140000E-8	0.001369
4.145000E-8	0.001694
4.150000E-8	0.001963
4.155000E-8	0.002331
4.160000E-8	0.002522
4.165000E-8	0.002763
4.170000E-8	0.002950
4.175000E-8	0.003050
4.180000E-8	0.002966
4.185000E-8	0.002791
4.190000E-8	0.002572
4.195000E-8	0.002353
4.200000E-8	0.002087
4.205000E-8	0.001775
4.210000E-8	0.001563
4.215000E-8	0.001378
4.220000E-8	0.001231
4.225000E-8	0.001225
4.230000E-8	0.001241
4.235000E-8	0.001359
4.240000E-8	0.001531
4.245000E-8	0.001753
4.250000E-8	0.002053
4.255000E-8	0.002347
4.260000E-8	0.002584
4.265000E-8	0.002897
4.270000E-8	0.003019
4.275000E-8	0.003097
4.280000E-8	0.003034
4.285000E-8	0.002991
4.290000E-8	0.002781
4.295000E-8	0.002531
4.300000E-8	0.002237
4.305000E-8	0.001906
4.310000E-8	0.001713
4.315000E-8	0.001497
4.320000E-8	0.001444
4.325000E-8	0.001313
4.330000E-8	0.001372
4.335000E-8	0.001556
4.340000E-8	0.001694
4.345000E-8	0.002031
4.350000E-8	0.002284
4.355000E-8	0.002597
4.360000E-8	0.002744
4.365000E-8	0.002913
4.370000E-8	0.002959
4.375000E-8	0.003012
4.380000E-8	0.002881
4.385000E-8	0.002653
4.390000E-8	0.002375
4.395000E-8	0.002119
4.400000E-8	0.001816
4.405000E-8	0.001703
4.410000E-8	0.001434
4.415000E-8	0.001238
4.420000E-8	0.001316
4.425000E-8	0.001428
4.430000E-8	0.001469
4.435000E-8	0.001656
4.440000E-8	0.001903
4.445000E-8	0.002281
4.450000E-8	0.002559
4.455000E-8	0.002766
4.460000E-8	0.002897
4.465000E-8	0.003034
4.470000E-8	0.003053
4.475000E-8	0.003075
4.480000E-8	0.002853
4.485000E-8	0.002675
4.490000E-8	0.002313
4.495000E-8	0.002113
4.500000E-8	0.001803
4.505000E-8	0.001684
4.510000E-8	0.001484
4.515000E-8	0.001341
4.520000E-8	0.001194
4.525000E-8	0.001378
4.530000E-8	0.001456
4.535000E-8	0.001725
4.540000E-8	0.001937
4.545000E-8	0.002200
4.550000E-8	0.002350
4.555000E-8	0.002634
4.560000E-8	0.002744
4.565000E-8	0.002853
4.570000E-8	0.002825
4.575000E-8	0.002816
4.580000E-8	0.002716
4.585000E-8	0.002494
4.590000E-8	0.002375
4.595000E-8	0.002162
4.600000E-8	0.001869
4.605000E-8	0.001784
4.610000E-8	0.001681
4.615000E-8	0.001591
4.620000E-8	0.001594
4.625000E-8	0.001672
4.630000E-8	0.001728
4.635000E-8	0.001937
4.640000E-8	0.002225
4.645000E-8	0.002456
4.650000E-8	0.002737
4.655000E-8	0.002791
4.660000E-8	0.002938
4.665000E-8	0.003044
4.670000E-8	0.002828
4.675000E-8	0.002803
4.680000E-8	0.002631
4.685000E-8	0.002478
4.690000E-8	0.002200
4.695000E-8	0.001866
4.700000E-8	0.001653
4.705000E-8	0.001575
4.710000E-8	0.001388
4.715000E-8	0.001456
4.720000E-8	0.001472
4.725000E-8	0.001506
4.730000E-8	0.001628
4.735000E-8	0.001769
4.740000E-8	0.001900
4.745000E-8	0.002056
4.750000E-8	0.002184
4.755000E-8	0.002294
4.760000E-8	0.002416
4.765000E-8	0.002447
4.770000E-8	0.002316
4.775000E-8	0.002244
4.780000E-8	0.002053
4.785000E-8	0.001891
4.790000E-8	0.001703
4.795000E-8	0.001472
4.800000E-8	0.001303
4.805000E-8	0.001219
4.810000E-8	0.001213
4.815000E-8	0.001141
4.820000E-8	0.001256
4.825000E-8	0.001394
4.830000E-8	0.001656
4.835000E-8	0.001841
4.840000E-8	0.001997
4.845000E-8	0.002284
4.850000E-8	0.002391
4.855000E-8	0.002606
4.860000E-8	0.002597
4.865000E-8	0.002659
4.870000E-8	0.002456
4.875000E-8	0.002469
4.880000E-8	0.002263
4.885000E-8	0.002072
4.890000E-8	0.001872
4.895000E-8	0.001769
4.900000E-8	0.001631
4.905000E-8	0.001588
4.910000E-8	0.001575
4.915000E-8	0.001641
4.920000E-8	0.001766
4.925000E-8	0.001963
4.930000E-8	0.002047
4.935000E-8	0.002222
4.940000E-8	0.002425
4.945000E-8	0.002572
4.950000E-8	0.002653
4.955000E-8	0.002753
4.960000E-8	0.002563
4.965000E-8	0.002541
4.970000E-8	0.002434
4.975000E-8	0.002194
4.980000E-8	0.001878
4.985000E-8	0.001763
4.990000E-8	0.001516
4.995000E-8	0.001475
5.000000E-8	0.001444
5.005000E-8	0.001597
5.010000E-8	0.001631
5.015000E-8	0.001706
5.020000E-8	0.001859
5.025000E-8	0.002056
5.030000E-8	0.002084
5.035000E-8	0.002384
5.040000E-8	0.002519
5.045000E-8	0.002631
5.050000E-8	0.002778
5.055000E-8	0.002856
5.060000E-8	0.002803
5.065000E-8	0.002688
5.070000E-8	0.002534
5.075000E-8	0.002413
5.080000E-8	0.002156
5.085000E-8	0.001956
5.090000E-8	0.001697
5.095000E-8	0.001516
5.100000E-8	0.001362
5.105000E-8	0.001397
5.110000E-8	0.001491
5.115000E-8	0.001541
5.120000E-8	0.001541
5.125000E-8	0.001775
5.130000E-8	0.001944
5.135000E-8	0.002019
5.140000E-8	0.002153
5.145000E-8	0.002334
5.150000E-8	0.002266
5.155000E-8	0.002266
5.160000E-8	0.002231
5.165000E-8	0.002256
5.170000E-8	0.002138
5.175000E-8	0.001975
5.180000E-8	0.001819
5.185000E-8	0.001744
5.190000E-8	0.001544
5.195000E-8	0.001469
5.200000E-8	0.001475
5.205000E-8	0.001528
5.210000E-8	0.001519
5.215000E-8	0.001687
5.220000E-8	0.001888
5.225000E-8	0.002075
5.230000E-8	0.002266
5.235000E-8	0.002534
5.240000E-8	0.002669
5.245000E-8	0.002788
5.250000E-8	0.002822
5.255000E-8	0.002678
5.260000E-8	0.002684
5.265000E-8	0.002528
5.270000E-8	0.002331
5.275000E-8	0.002225
5.280000E-8	0.001991
5.285000E-8	0.001863
5.290000E-8	0.001716
5.295000E-8	0.001759
5.300000E-8	0.001681
5.305000E-8	0.001731
5.310000E-8	0.001881
5.315000E-8	0.002044
5.320000E-8	0.002203
5.325000E-8	0.002350
5.330000E-8	0.002475
5.335000E-8	0.002509
5.340000E-8	0.002566
5.345000E-8	0.002541
5.350000E-8	0.002359
5.355000E-8	0.002219
5.360000E-8	0.001981
5.365000E-8	0.001841
5.370000E-8	0.001663
5.375000E-8	0.001581
5.380000E-8	0.001391
5.385000E-8	0.001200
5.390000E-8	0.001088
5.395000E-8	0.001181
5.400000E-8	0.001294
5.405000E-8	0.001459
5.410000E-8	0.001625
5.415000E-8	0.001863
5.420000E-8	0.001981
5.425000E-8	0.002256
5.430000E-8	0.002397
5.435000E-8	0.002581
5.440000E-8	0.002666
5.445000E-8	0.002800
5.450000E-8	0.002703
5.455000E-8	0.002584
5.460000E-8	0.002500
5.465000E-8	0.002431
5.470000E-8	0.002188
5.475000E-8	0.001916
5.480000E-8	0.001800
5.485000E-8	0.001638
5.490000E-8	0.001491
5.495000E-8	0.001638
5.500000E-8	0.001650
5.505000E-8	0.001797
5.510000E-8	0.001897
5.515000E-8	0.002138
5.520000E-8	0.002200
5.525000E-8	0.002384
5.530000E-8	0.002478
5.535000E-8	0.002559
5.540000E-8	0.002563
5.545000E-8	0.002556
5.550000E-8	0.002497
5.555000E-8	0.002488
5.560000E-8	0.002341
5.565000E-8	0.002241
5.570000E-8	0.002109
5.575000E-8	0.002028
5.580000E-8	0.001969
5.585000E-8	0.001869
5.590000E-8	0.001716
5.595000E-8	0.001722
5.600000E-8	0.001803
5.605000E-8	0.001816
5.610000E-8	0.001884
5.615000E-8	0.002009
5.620000E-8	0.002031
5.625000E-8	0.002063
5.630000E-8	0.002116
5.635000E-8	0.002181
5.640000E-8	0.002209
5.645000E-8	0.002259
5.650000E-8	0.002263
5.655000E-8	0.002216
5.660000E-8	0.002066
5.665000E-8	0.001981
5.670000E-8	0.001894
5.675000E-8	0.001953
5.680000E-8	0.001731
5.685000E-8	0.001803
5.690000E-8	0.001791
5.695000E-8	0.001828
5.700000E-8	0.001813
5.705000E-8	0.001947
5.710000E-8	0.001972
5.715000E-8	0.002103
5.720000E-8	0.002119
5.725000E-8	0.002253
5.730000E-8	0.002272
5.735000E-8	0.002422
5.740000E-8	0.002419
5.745000E-8	0.002397
5.750000E-8	0.002331
5.755000E-8	0.002169
5.760000E-8	0.002106
5.765000E-8	0.002047
5.770000E-8	0.002019
5.775000E-8	0.001972
5.780000E-8	0.001928
5.785000E-8	0.001925
5.790000E-8	0.001828
5.795000E-8	0.001916
5.800000E-8	0.002025
5.805000E-8	0.002159
5.810000E-8	0.002266
5.815000E-8	0.002416
5.820000E-8	0.002428
5.825000E-8	0.002488
5.830000E-8	0.002591
5.835000E-8	0.002644
5.840000E-8	0.002575
5.845000E-8	0.002416
5.850000E-8	0.002281
5.855000E-8	0.002272
5.860000E-8	0.002050
5.865000E-8	0.001894
5.870000E-8	0.001625
5.875000E-8	0.001556
5.880000E-8	0.001463
5.885000E-8	0.001522
5.890000E-8	0.001513
5.895000E-8	0.001588
5.900000E-8	0.001713
5.905000E-8	0.001872
5.910000E-8	0.001959
5.915000E-8	0.002063
5.920000E-8	0.002147
5.925000E-8	0.002156
5.930000E-8	0.002172
5.935000E-8	0.002241
5.940000E-8	0.002200
5.945000E-8	0.002050
5.950000E-8	0.002038
5.955000E-8	0.002031
5.960000E-8	0.002009
5.965000E-8	0.002025
5.970000E-8	0.001969
5.975000E-8	0.001937
5.980000E-8	0.001872
5.985000E-8	0.001744
5.990000E-8	0.001734
5.995000E-8	0.001788
6.000000E-8	0.001766
6.005000E-8	0.001925
6.010000E-8	0.002003
6.015000E-8	0.002209
6.020000E-8	0.002381
6.025000E-8	0.002472
6.030000E-8	0.002503
6.035000E-8	0.002719
6.040000E-8	0.002634
6.045000E-8	0.002437
6.050000E-8	0.002363
6.055000E-8	0.002300
6.060000E-8	0.002159
6.065000E-8	0.002016
6.070000E-8	0.001863
6.075000E-8	0.001859
6.080000E-8	0.001831
6.085000E-8	0.001900
6.090000E-8	0.001906
6.095000E-8	0.002109
6.100000E-8	0.002194
6.105000E-8	0.002344
6.110000E-8	0.002466
6.115000E-8	0.002653
6.120000E-8	0.002772
6.125000E-8	0.002772
6.130000E-8	0.002744
6.135000E-8	0.002619
6.140000E-8	0.002584
6.145000E-8	0.002366
6.150000E-8	0.002094
6.155000E-8	0.002081
6.160000E-8	0.001881
6.165000E-8	0.001784
6.170000E-8	0.001681
6.175000E-8	0.001622
6.180000E-8	0.001522
6.185000E-8	0.001559
6.190000E-8	0.001647
6.195000E-8	0.001794
6.200000E-8	0.001809
6.205000E-8	0.001881
6.210000E-8	0.002047
6.215000E-8	0.002144
6.220000E-8	0.002053
6.225000E-8	0.002059
6.230000E-8	0.002081
6.235000E-8	0.002134
6.240000E-8	0.002047
6.245000E-8	0.002141
6.250000E-8	0.001991
6.255000E-8	0.001981
6.260000E-8	0.001937
6.265000E-8	0.001850
6.270000E-8	0.001819
6.275000E-8	0.001884
6.280000E-8	0.001900
6.285000E-8	0.001981
6.290000E-8	0.002000
6.295000E-8	0.002159
6.300000E-8	0.002091
6.305000E-8	0.002181
6.310000E-8	0.002237
6.315000E-8	0.002281
6.320000E-8	0.002269
6.325000E-8	0.002319
6.330000E-8	0.002344
6.335000E-8	0.002278
6.340000E-8	0.002300
6.345000E-8	0.002275
6.350000E-8	0.002178
6.355000E-8	0.002109
6.360000E-8	0.002041
6.365000E-8	0.002044
6.370000E-8	0.001981
6.375000E-8	0.002006
6.380000E-8	0.002059
6.385000E-8	0.002078
6.390000E-8	0.002116
6.395000E-8	0.002216
6.400000E-8	0.002213
6.405000E-8	0.002519
6.410000E-8	0.002575
6.415000E-8	0.002584
6.420000E-8	0.002525
6.425000E-8	0.002491
6.430000E-8	0.002450
6.435000E-8	0.002369
6.440000E-8	0.002256
6.445000E-8	0.002241
6.450000E-8	0.002188
6.455000E-8	0.001975
6.460000E-8	0.001931
6.465000E-8	0.001897
6.470000E-8	0.001866
6.475000E-8	0.001937
6.480000E-8	0.001888
6.485000E-8	0.001975
6.490000E-8	0.001872
6.495000E-8	0.001878
6.500000E-8	0.001984
6.505000E-8	0.002091
6.510000E-8	0.002072
6.515000E-8	0.002134
6.520000E-8	0.002275
6.525000E-8	0.002288
6.530000E-8	0.002297
6.535000E-8	0.002319
6.540000E-8	0.002188
6.545000E-8	0.002237
6.550000E-8	0.002247
6.555000E-8	0.002259
6.560000E-8	0.002134
6.565000E-8	0.002075
6.570000E-8	0.001934
6.575000E-8	0.002000
6.580000E-8	0.001994
6.585000E-8	0.002150
6.590000E-8	0.002162
6.595000E-8	0.002225
6.600000E-8	0.002347
6.605000E-8	0.002456
6.610000E-8	0.002491
6.615000E-8	0.002506
6.620000E-8	0.002569
6.625000E-8	0.002628
6.630000E-8	0.002475
6.635000E-8	0.002422
6.640000E-8	0.002213
6.645000E-8	0.002231
6.650000E-8	0.002141
6.655000E-8	0.002081
6.660000E-8	0.002063
6.665000E-8	0.001988
6.670000E-8	0.001953
6.675000E-8	0.002141
6.680000E-8	0.002178
6.685000E-8	0.002278
6.690000E-8	0.002363
6.695000E-8	0.002494
6.700000E-8	0.002453
6.705000E-8	0.002541
6.710000E-8	0.002403
6.715000E-8	0.002506
6.720000E-8	0.002347
6.725000E-8	0.002231
6.730000E-8	0.002209
6.735000E-8	0.002113
6.740000E-8	0.002034
6.745000E-8	0.001931
6.750000E-8	0.001863
6.755000E-8	0.001788
6.760000E-8	0.001734
6.765000E-8	0.001772
6.770000E-8	0.001863
6.775000E-8	0.001903
6.780000E-8	0.001881
6.785000E-8	0.002006
6.790000E-8	0.002047
6.795000E-8	0.002237
6.800000E-8	0.002338
6.805000E-8	0.002456
6.810000E-8	0.002375
6.815000E-8	0.002522
6.820000E-8	0.002469
6.825000E-8	0.002388
6.830000E-8	0.002313
6.835000E-8	0.002222
6.840000E-8	0.002153
6.845000E-8	0.002084
6.850000E-8	0.001937
6.855000E-8	0.001838
6.860000E-8	0.001819
6.865000E-8	0.001897
6.870000E-8	0.001866
6.875000E-8	0.001872
6.880000E-8	0.002003
6.885000E-8	0.002216
6.890000E-8	0.002244
6.895000E-8	0.002356
6.900000E-8	0.002447
6.905000E-8	0.002559
6.910000E-8	0.002522
6.915000E-8	0.002538
6.920000E-8	0.002516
6.925000E-8	0.002441
6.930000E-8	0.002388
6.935000E-8	0.002219
6.940000E-8	0.002100
6.945000E-8	0.001994
6.950000E-8	0.001941
6.955000E-8	0.001978
6.960000E-8	0.002044
6.965000E-8	0.002006
6.970000E-8	0.002041
6.975000E-8	0.002072
6.980000E-8	0.002038
6.985000E-8	0.002209
6.990000E-8	0.002250
6.995000E-8	0.002384
7.000000E-8	0.002441
7.005000E-8	0.002478
7.010000E-8	0.002437
7.015000E-8	0.002450
7.020000E-8	0.002444
7.025000E-8	0.002272
7.030000E-8	0.002131
7.035000E-8	0.002034
7.040000E-8	0.001875
7.045000E-8	0.001900
7.050000E-8	0.001819
7.055000E-8	0.001863
7.060000E-8	0.001872
7.065000E-8	0.001781
7.070000E-8	0.001847
7.075000E-8	0.001969
7.080000E-8	0.002122
7.085000E-8	0.002147
7.090000E-8	0.002116
7.095000E-8	0.002128
7.100000E-8	0.002125
7.105000E-8	0.002172
7.110000E-8	0.002100
7.115000E-8	0.001994
7.120000E-8	0.001872
7.125000E-8	0.001841
7.130000E-8	0.001784
7.135000E-8	0.001734
7.140000E-8	0.001791
7.145000E-8	0.001903
7.150000E-8	0.001894
7.155000E-8	0.001906
7.160000E-8	0.001994
7.165000E-8	0.002094
7.170000E-8	0.002059
7.175000E-8	0.002184
7.180000E-8	0.002178
7.185000E-8	0.002200
7.190000E-8	0.002175
7.195000E-8	0.002291
7.200000E-8	0.002228
7.205000E-8	0.002334
7.210000E-8	0.002400
7.215000E-8	0.002381
7.220000E-8	0.002353
7.225000E-8	0.002450
7.230000E-8	0.002322
7.235000E-8	0.002313
7.240000E-8	0.002237
7.245000E-8	0.002191
7.250000E-8	0.002141
7.255000E-8	0.002087
7.260000E-8	0.002172
7.265000E-8	0.002147
7.270000E-8	0.002016
7.275000E-8	0.002075
7.280000E-8	0.002141
7.285000E-8	0.002081
7.290000E-8	0.001975
7.295000E-8	0.002012
7.300000E-8	0.002081
7.305000E-8	0.002056
7.310000E-8	0.002025
7.315000E-8	0.001947
7.320000E-8	0.001953
7.325000E-8	0.002050
7.330000E-8	0.001950
7.335000E-8	0.001934
7.340000E-8	0.001941
7.345000E-8	0.001941
7.350000E-8	0.001931
7.355000E-8	0.001988
7.360000E-8	0.002016
7.365000E-8	0.002000
7.370000E-8	0.002031
7.375000E-8	0.002116
7.380000E-8	0.002169
7.385000E-8	0.002250
7.390000E-8	0.002213
7.395000E-8	0.002334
7.400000E-8	0.002456
7.405000E-8	0.002469
7.410000E-8	0.002453
7.415000E-8	0.002384
7.420000E-8	0.002353
7.425000E-8	0.002388
7.430000E-8	0.002319
7.435000E-8	0.002250
7.440000E-8	0.002094
7.445000E-8	0.002106
7.450000E-8	0.002197
7.455000E-8	0.002116
7.460000E-8	0.002041
7.465000E-8	0.002091
7.470000E-8	0.002106
7.475000E-8	0.002253
7.480000E-8	0.002244
7.485000E-8	0.002409
7.490000E-8	0.002522
7.495000E-8	0.002603
7.500000E-8	0.002638
7.505000E-8	0.002641
7.510000E-8	0.002503
7.515000E-8	0.002566
7.520000E-8	0.002616
7.525000E-8	0.002606
7.530000E-8	0.002547
7.535000E-8	0.002563
7.540000E-8	0.002384
7.545000E-8	0.002425
7.550000E-8	0.002353
7.555000E-8	0.002197
7.560000E-8	0.002191
7.565000E-8	0.002159
7.570000E-8	0.002025
7.575000E-8	0.002103
7.580000E-8	0.001981
7.585000E-8	0.002078
7.590000E-8	0.002038
7.595000E-8	0.001972
7.600000E-8	0.001988
7.605000E-8	0.002128
7.610000E-8	0.002138
7.615000E-8	0.002169
7.620000E-8	0.002188
7.625000E-8	0.002359
7.630000E-8	0.002272
7.635000E-8	0.002259
7.640000E-8	0.002122
7.645000E-8	0.002031
7.650000E-8	0.002006
7.655000E-8	0.002000
7.660000E-8	0.001975
7.665000E-8	0.002122
7.670000E-8	0.002144
7.675000E-8	0.002166
7.680000E-8	0.002200
7.685000E-8	0.002256
7.690000E-8	0.002369
7.695000E-8	0.002347
7.700000E-8	0.002294
7.705000E-8	0.002200
7.710000E-8	0.001988
7.715000E-8	0.001906
7.720000E-8	0.001875
7.725000E-8	0.001897
7.730000E-8	0.001881
7.735000E-8	0.002028
7.740000E-8	0.001941
7.745000E-8	0.002119
7.750000E-8	0.002103
7.755000E-8	0.002225
7.760000E-8	0.002175
7.765000E-8	0.002131
7.770000E-8	0.002191
7.775000E-8	0.002241
7.780000E-8	0.002094
7.785000E-8	0.002191
7.790000E-8	0.002253
7.795000E-8	0.002250
7.800000E-8	0.002169
7.805000E-8	0.002191
7.810000E-8	0.002244
7.815000E-8	0.002256
7.820000E-8	0.002272
7.825000E-8	0.002213
7.830000E-8	0.002194
7.835000E-8	0.002191
7.840000E-8	0.002162
7.845000E-8	0.002166
7.850000E-8	0.002156
7.855000E-8	0.002134
7.860000E-8	0.002094
7.865000E-8	0.002153
7.870000E-8	0.002172
7.875000E-8	0.002288
7.880000E-8	0.002175
7.885000E-8	0.002181
7.890000E-8	0.002184
7.895000E-8	0.002166
7.900000E-8	0.002162
7.905000E-8	0.002116
7.910000E-8	0.002063
7.915000E-8	0.002053
7.920000E-8	0.001981
7.925000E-8	0.001981
7.930000E-8	0.002031
7.935000E-8	0.002053
7.940000E-8	0.002050
7.945000E-8	0.002141
7.950000E-8	0.002097
7.955000E-8	0.002141
7.960000E-8	0.001975
7.965000E-8	0.002103
7.970000E-8	0.002094
7.975000E-8	0.002169
7.980000E-8	0.002225
7.985000E-8	0.002303
7.990000E-8	0.002294
7.995000E-8	0.002428
8.000000E-8	0.002466
8.005000E-8	0.002456
8.010000E-8	0.002400
8.015000E-8	0.002322
8.020000E-8	0.002309
8.025000E-8	0.002188
8.030000E-8	0.002056
8.035000E-8	0.002038
8.040000E-8	0.001972
8.045000E-8	0.002041
8.050000E-8	0.002050
8.055000E-8	0.002031
8.060000E-8	0.002038
8.065000E-8	0.002138
8.070000E-8	0.002153
8.075000E-8	0.002350
8.080000E-8	0.002456
8.085000E-8	0.002538
8.090000E-8	0.002488
8.095000E-8	0.002481
8.100000E-8	0.002416
8.105000E-8	0.002441
8.110000E-8	0.002363
8.115000E-8	0.002316
8.120000E-8	0.002225
8.125000E-8	0.002244
8.130000E-8	0.002219
8.135000E-8	0.002263
8.140000E-8	0.002391
8.145000E-8	0.002469
8.150000E-8	0.002406
8.155000E-8	0.002553
8.160000E-8	0.002484
8.165000E-8	0.002463
8.170000E-8	0.002378
8.175000E-8	0.002181
8.180000E-8	0.002078
8.185000E-8	0.002041
8.190000E-8	0.001959
8.195000E-8	0.001931
8.200000E-8	0.001691
8.205000E-8	0.001753
8.210000E-8	0.001697
8.215000E-8	0.001703
8.220000E-8	0.001619
8.225000E-8	0.001597
8.230000E-8	0.001659
8.235000E-8	0.001725
8.240000E-8	0.001769
8.245000E-8	0.001841
8.250000E-8	0.001856
8.255000E-8	0.002038
8.260000E-8	0.002050
8.265000E-8	0.002078
8.270000E-8	0.002069
8.275000E-8	0.002119
8.280000E-8	0.002066
8.285000E-8	0.002156
8.290000E-8	0.002156
8.295000E-8	0.002050
8.300000E-8	0.002103
8.305000E-8	0.002044
8.310000E-8	0.002019
8.315000E-8	0.002125
8.320000E-8	0.002012
8.325000E-8	0.002122
8.330000E-8	0.002234
8.335000E-8	0.002253
8.340000E-8	0.002213
8.345000E-8	0.002272
8.350000E-8	0.002291
8.355000E-8	0.002272
8.360000E-8	0.002341
8.365000E-8	0.002347
8.370000E-8	0.002350
8.375000E-8	0.002419
8.380000E-8	0.002350
8.385000E-8	0.002369
8.390000E-8	0.002316
8.395000E-8	0.002219
8.400000E-8	0.002141
8.405000E-8	0.002203
8.410000E-8	0.002241
8.415000E-8	0.002219
8.420000E-8	0.002150
8.425000E-8	0.002097
8.430000E-8	0.002053
8.435000E-8	0.002050
8.440000E-8	0.001972
8.445000E-8	0.002044
8.450000E-8	0.002066
8.455000E-8	0.002113
8.460000E-8	0.002116
8.465000E-8	0.002166
8.470000E-8	0.002094
8.475000E-8	0.002172
8.480000E-8	0.002159
8.485000E-8	0.002100
8.490000E-8	0.002125
8.495000E-8	0.002184
8.500000E-8	0.002206
8.505000E-8	0.002228
8.510000E-8	0.002194
8.515000E-8	0.002247
8.520000E-8	0.002188
8.525000E-8	0.002150
8.530000E-8	0.002106
8.535000E-8	0.002078
8.540000E-8	0.001984
8.545000E-8	0.001950
8.550000E-8	0.001909
8.555000E-8	0.002072
8.560000E-8	0.002225
8.565000E-8	0.002338
8.570000E-8	0.002269
8.575000E-8	0.002369
8.580000E-8	0.002497
8.585000E-8	0.002647
8.590000E-8	0.002638
8.595000E-8	0.002722
8.600000E-8	0.002594
8.605000E-8	0.002556
8.610000E-8	0.002406
8.615000E-8	0.002263
8.620000E-8	0.002191
8.625000E-8	0.001956
8.630000E-8	0.001809
8.635000E-8	0.001813
8.640000E-8	0.001925
8.645000E-8	0.001984
8.650000E-8	0.002022
8.655000E-8	0.002150
8.660000E-8	0.002284
8.665000E-8	0.002434
8.670000E-8	0.002469
8.675000E-8	0.002481
8.680000E-8	0.002459
8.685000E-8	0.002350
8.690000E-8	0.002253
8.695000E-8	0.002169
8.700000E-8	0.001913
8.705000E-8	0.001875
8.710000E-8	0.001781
8.715000E-8	0.001853
8.720000E-8	0.001825
8.725000E-8	0.001878
8.730000E-8	0.001734
8.735000E-8	0.001900
8.740000E-8	0.001881
8.745000E-8	0.001922
8.750000E-8	0.001897
8.755000E-8	0.002009
8.760000E-8	0.002047
8.765000E-8	0.002072
8.770000E-8	0.002116
8.775000E-8	0.002050
8.780000E-8	0.002063
8.785000E-8	0.002063
8.790000E-8	0.002012
8.795000E-8	0.002063
8.800000E-8	0.002100
8.805000E-8	0.002159
8.810000E-8	0.002169
8.815000E-8	0.002159
8.820000E-8	0.002297
8.825000E-8	0.002378
8.830000E-8	0.002416
8.835000E-8	0.002403
8.840000E-8	0.002437
8.845000E-8	0.002441
8.850000E-8	0.002459
8.855000E-8	0.002338
8.860000E-8	0.002259
8.865000E-8	0.002294
8.870000E-8	0.002250
8.875000E-8	0.002209
8.880000E-8	0.002200
8.885000E-8	0.002153
8.890000E-8	0.002122
8.895000E-8	0.002181
8.900000E-8	0.002006
8.905000E-8	0.002016
8.910000E-8	0.001947
8.915000E-8	0.001859
8.920000E-8	0.001809
8.925000E-8	0.001809
8.930000E-8	0.001828
8.935000E-8	0.001944
8.940000E-8	0.001981
8.945000E-8	0.002087
8.950000E-8	0.002109
8.955000E-8	0.002150
8.960000E-8	0.002272
8.965000E-8	0.002353
8.970000E-8	0.002306
8.975000E-8	0.002269
8.980000E-8	0.002172
8.985000E-8	0.002197
8.990000E-8	0.002147
8.995000E-8	0.002072
9.000000E-8	0.002056
9.005000E-8	0.002069
9.010000E-8	0.002031
9.015000E-8	0.001922
9.020000E-8	0.001834
9.025000E-8	0.001897
9.030000E-8	0.002003
9.035000E-8	0.002066
9.040000E-8	0.002147
9.045000E-8	0.002272
9.050000E-8	0.002334
9.055000E-8	0.002391
9.060000E-8	0.002400
9.065000E-8	0.002203
9.070000E-8	0.002209
9.075000E-8	0.002050
9.080000E-8	0.002003
9.085000E-8	0.002016
9.090000E-8	0.001831
9.095000E-8	0.001884
9.100000E-8	0.001766
9.105000E-8	0.001853
9.110000E-8	0.001719
9.115000E-8	0.001738
9.120000E-8	0.001706
9.125000E-8	0.001825
9.130000E-8	0.001884
9.135000E-8	0.002050
9.140000E-8	0.002053
9.145000E-8	0.002006
9.150000E-8	0.002081
9.155000E-8	0.002131
9.160000E-8	0.002237
9.165000E-8	0.002300
9.170000E-8	0.002313
9.175000E-8	0.002244
9.180000E-8	0.002234
9.185000E-8	0.002325
9.190000E-8	0.002297
9.195000E-8	0.002237
9.200000E-8	0.002234
9.205000E-8	0.002306
9.210000E-8	0.002378
9.215000E-8	0.002331
9.220000E-8	0.002272
9.225000E-8	0.002144
9.230000E-8	0.002300
9.235000E-8	0.002284
9.240000E-8	0.002278
9.245000E-8	0.002363
9.250000E-8	0.002359
9.255000E-8	0.002272
9.260000E-8	0.002291
9.265000E-8	0.002222
9.270000E-8	0.002200
9.275000E-8	0.002162
9.280000E-8	0.002203
9.285000E-8	0.002203
9.290000E-8	0.002203
9.295000E-8	0.002181
9.300000E-8	0.002216
9.305000E-8	0.002225
9.310000E-8	0.002334
9.315000E-8	0.002431
9.320000E-8	0.002416
9.325000E-8	0.002434
9.330000E-8	0.002416
9.335000E-8	0.002422
9.340000E-8	0.002341
9.345000E-8	0.002428
9.350000E-8	0.002434
9.355000E-8	0.002453
9.360000E-8	0.002425
9.365000E-8	0.002494
9.370000E-8	0.002522
9.375000E-8	0.002522
9.380000E-8	0.002509
9.385000E-8	0.002525
9.390000E-8	0.002541
9.395000E-8	0.002534
9.400000E-8	0.002531
9.405000E-8	0.002384
9.410000E-8	0.002534
9.415000E-8	0.002453
9.420000E-8	0.002338
9.425000E-8	0.002278
9.430000E-8	0.002053
9.435000E-8	0.002128
9.440000E-8	0.002153
9.445000E-8	0.002234
9.450000E-8	0.002394
9.455000E-8	0.002366
9.460000E-8	0.002300
9.465000E-8	0.002328
9.470000E-8	0.002222
9.475000E-8	0.002194
9.480000E-8	0.002166
9.485000E-8	0.002175
9.490000E-8	0.002069
9.495000E-8	0.002138
9.500000E-8	0.002147
9.505000E-8	0.002138
9.510000E-8	0.002225
9.515000E-8	0.002322
9.520000E-8	0.002203
9.525000E-8	0.002278
9.530000E-8	0.002225
9.535000E-8	0.002331
9.540000E-8	0.002272
9.545000E-8	0.002172
9.550000E-8	0.002138
9.555000E-8	0.002109
9.560000E-8	0.002003
9.565000E-8	0.001919
9.570000E-8	0.001875
9.575000E-8	0.002019
9.580000E-8	0.001956
9.585000E-8	0.002022
9.590000E-8	0.001950
9.595000E-8	0.002056
9.600000E-8	0.002025
9.605000E-8	0.002162
9.610000E-8	0.002169
9.615000E-8	0.002122
9.620000E-8	0.002069
9.625000E-8	0.002063
9.630000E-8	0.002050
9.635000E-8	0.002097
9.640000E-8	0.002181
9.645000E-8	0.002184
9.650000E-8	0.002125
9.655000E-8	0.002225
9.660000E-8	0.002216
9.665000E-8	0.002225
9.670000E-8	0.002191
9.675000E-8	0.002222
9.680000E-8	0.002184
9.685000E-8	0.002188
9.690000E-8	0.002050
9.695000E-8	0.002053
9.700000E-8	0.002025
9.705000E-8	0.002012
9.710000E-8	0.001984
9.715000E-8	0.001941
9.720000E-8	0.001878
9.725000E-8	0.001881
9.730000E-8	0.001850
9.735000E-8	0.001944
9.740000E-8	0.001991
9.745000E-8	0.002006
9.750000E-8	0.001944
9.755000E-8	0.002081
9.760000E-8	0.002116
9.765000E-8	0.002175
9.770000E-8	0.002172
9.775000E-8	0.002231
9.780000E-8	0.002150
9.785000E-8	0.002266
9.790000E-8	0.002172
9.795000E-8	0.002209
9.800000E-8	0.002113
9.805000E-8	0.002094
9.810000E-8	0.002012
9.815000E-8	0.002000
9.820000E-8	0.002087
9.825000E-8	0.002069
9.830000E-8	0.002034
9.835000E-8	0.002050
9.840000E-8	0.002025
9.845000E-8	0.002044
9.850000E-8	0.001994
9.855000E-8	0.002016
9.860000E-8	0.001916
9.865000E-8	0.001853
9.870000E-8	0.001884
9.875000E-8	0.001988
9.880000E-8	0.001963
9.885000E-8	0.002041
9.890000E-8	0.002000
9.895000E-8	0.002116
9.900000E-8	0.002131
9.905000E-8	0.002209
9.910000E-8	0.002272
9.915000E-8	0.002391
9.920000E-8	0.002384
9.925000E-8	0.002294
9.930000E-8	0.002322
9.935000E-8	0.002403
9.940000E-8	0.002316
9.945000E-8	0.002216
9.950000E-8	0.002122
9.955000E-8	0.002094
9.960000E-8	0.001966
9.965000E-8	0.002063
9.970000E-8	0.001919
9.975000E-8	0.001944
9.980000E-8	0.001906
9.985000E-8	0.001847
9.990000E-8	0.001947
9.995000E-8	0.002016
