LabVIEW Measurement	
Writer_Version	2
Reader_Version	2
Separator	Tab
Decimal_Separator	.
Multi_Headings	No
X_Columns	Multi
Time_Pref	Relative
Operator	TG lab
Date	2015/03/06
Time	18:09:08.2701201438903808594
***End_of_Header***	
	
Channels	1	
Samples	2000	
Date	2015/03/06	
Time	18:09:08.2701201438903808594	
X_Dimension	Time	
X0	0.0000000000000000E+0	
Delta_X	5.000000E-11	
***End_of_Header***		
X_Value	Untitled	Comment
0.000000	0.002336
5.000000E-11	0.002453
1.000000E-10	0.002578
1.500000E-10	0.002781
2.000000E-10	0.002648
2.500000E-10	0.002695
3.000000E-10	0.002406
3.500000E-10	0.002789
4.000000E-10	0.002906
4.500000E-10	0.003141
5.000000E-10	0.003031
5.500000E-10	0.003094
6.000000E-10	0.002852
6.500000E-10	0.002867
7.000000E-10	0.002633
7.500000E-10	0.002484
8.000000E-10	0.002492
8.500000E-10	0.002594
9.000000E-10	0.002500
9.500000E-10	0.002789
1.000000E-9	0.002836
1.050000E-9	0.003023
1.100000E-9	0.003078
1.150000E-9	0.003086
1.200000E-9	0.002977
1.250000E-9	0.003000
1.300000E-9	0.002930
1.350000E-9	0.003008
1.400000E-9	0.003039
1.450000E-9	0.003148
1.500000E-9	0.002945
1.550000E-9	0.002961
1.600000E-9	0.002789
1.650000E-9	0.002789
1.700000E-9	0.002820
1.750000E-9	0.002891
1.800000E-9	0.002969
1.850000E-9	0.003195
1.900000E-9	0.003430
1.950000E-9	0.003547
2.000000E-9	0.003406
2.050000E-9	0.003336
2.100000E-9	0.003133
2.150000E-9	0.003305
2.200000E-9	0.003188
2.250000E-9	0.003109
2.300000E-9	0.003055
2.350000E-9	0.003133
2.400000E-9	0.003188
2.450000E-9	0.003266
2.500000E-9	0.003289
2.550000E-9	0.003406
2.600000E-9	0.003414
2.650000E-9	0.003438
2.700000E-9	0.003547
2.750000E-9	0.003602
2.800000E-9	0.003523
2.850000E-9	0.003617
2.900000E-9	0.003406
2.950000E-9	0.003516
3.000000E-9	0.003336
3.050000E-9	0.003656
3.100000E-9	0.003477
3.150000E-9	0.003523
3.200000E-9	0.003422
3.250000E-9	0.003383
3.300000E-9	0.003492
3.350000E-9	0.003836
3.400000E-9	0.003922
3.450000E-9	0.004047
3.500000E-9	0.003930
3.550000E-9	0.004078
3.600000E-9	0.004188
3.650000E-9	0.004281
3.700000E-9	0.004430
3.750000E-9	0.004547
3.800000E-9	0.004391
3.850000E-9	0.004797
3.900000E-9	0.004922
3.950000E-9	0.005070
4.000000E-9	0.005047
4.050000E-9	0.005266
4.100000E-9	0.005641
4.150000E-9	0.006055
4.200000E-9	0.006398
4.250000E-9	0.007016
4.300000E-9	0.007375
4.350000E-9	0.008156
4.400000E-9	0.009164
4.450000E-9	0.010234
4.500000E-9	0.011391
4.550000E-9	0.012930
4.600000E-9	0.014336
4.650000E-9	0.016047
4.700000E-9	0.017609
4.750000E-9	0.019375
4.800000E-9	0.020883
4.850000E-9	0.022375
4.900000E-9	0.024133
4.950000E-9	0.025805
5.000000E-9	0.027281
5.050000E-9	0.028992
5.100000E-9	0.030484
5.150000E-9	0.032391
5.200000E-9	0.034094
5.250000E-9	0.036047
5.300000E-9	0.037859
5.350000E-9	0.039727
5.400000E-9	0.041203
5.450000E-9	0.042656
5.500000E-9	0.043695
5.550000E-9	0.044492
5.600000E-9	0.044859
5.650000E-9	0.045070
5.700000E-9	0.044672
5.750000E-9	0.043852
5.800000E-9	0.042875
5.850000E-9	0.041555
5.900000E-9	0.039570
5.950000E-9	0.037187
6.000000E-9	0.034742
6.050000E-9	0.032219
6.100000E-9	0.029789
6.150000E-9	0.027766
6.200000E-9	0.025969
6.250000E-9	0.024852
6.300000E-9	0.024008
6.350000E-9	0.023797
6.400000E-9	0.023688
6.450000E-9	0.024344
6.500000E-9	0.024727
6.550000E-9	0.025688
6.600000E-9	0.026453
6.650000E-9	0.027648
6.700000E-9	0.028336
6.750000E-9	0.029133
6.800000E-9	0.029563
6.850000E-9	0.029977
6.900000E-9	0.030172
6.950000E-9	0.030023
7.000000E-9	0.029453
7.050000E-9	0.028930
7.100000E-9	0.028031
7.150000E-9	0.026750
7.200000E-9	0.025281
7.250000E-9	0.024031
7.300000E-9	0.022391
7.350000E-9	0.020859
7.400000E-9	0.019445
7.450000E-9	0.018281
7.500000E-9	0.017055
7.550000E-9	0.016086
7.600000E-9	0.015531
7.650000E-9	0.015367
7.700000E-9	0.015336
7.750000E-9	0.015781
7.800000E-9	0.016211
7.850000E-9	0.016938
7.900000E-9	0.017563
7.950000E-9	0.018547
8.000000E-9	0.019289
8.050000E-9	0.020195
8.100000E-9	0.021063
8.150000E-9	0.021633
8.200000E-9	0.021789
8.250000E-9	0.021828
8.300000E-9	0.021664
8.350000E-9	0.021164
8.400000E-9	0.020414
8.450000E-9	0.019797
8.500000E-9	0.018492
8.550000E-9	0.017375
8.600000E-9	0.015953
8.650000E-9	0.014945
8.700000E-9	0.013633
8.750000E-9	0.012633
8.800000E-9	0.011672
8.850000E-9	0.010625
8.900000E-9	0.009898
8.950000E-9	0.009586
9.000000E-9	0.009531
9.050000E-9	0.009609
9.100000E-9	0.009945
9.150000E-9	0.010430
9.200000E-9	0.011195
9.250000E-9	0.011953
9.300000E-9	0.012617
9.350000E-9	0.013398
9.400000E-9	0.014250
9.450000E-9	0.014883
9.500000E-9	0.015227
9.550000E-9	0.015773
9.600000E-9	0.015633
9.650000E-9	0.015633
9.700000E-9	0.015195
9.750000E-9	0.014648
9.800000E-9	0.013922
9.850000E-9	0.013281
9.900000E-9	0.012203
9.950000E-9	0.011281
1.000000E-8	0.010000
1.005000E-8	0.009523
1.010000E-8	0.008344
1.015000E-8	0.007781
1.020000E-8	0.007078
1.025000E-8	0.006766
1.030000E-8	0.006578
1.035000E-8	0.006758
1.040000E-8	0.007078
1.045000E-8	0.007516
1.050000E-8	0.007961
1.055000E-8	0.008867
1.060000E-8	0.009312
1.065000E-8	0.010234
1.070000E-8	0.011141
1.075000E-8	0.011625
1.080000E-8	0.012102
1.085000E-8	0.012508
1.090000E-8	0.012594
1.095000E-8	0.012641
1.100000E-8	0.012383
1.105000E-8	0.012234
1.110000E-8	0.011695
1.115000E-8	0.011133
1.120000E-8	0.010391
1.125000E-8	0.009547
1.130000E-8	0.008500
1.135000E-8	0.007586
1.140000E-8	0.006687
1.145000E-8	0.006000
1.150000E-8	0.005453
1.155000E-8	0.004953
1.160000E-8	0.004555
1.165000E-8	0.004406
1.170000E-8	0.004562
1.175000E-8	0.004938
1.180000E-8	0.005180
1.185000E-8	0.005789
1.190000E-8	0.006367
1.195000E-8	0.007203
1.200000E-8	0.007820
1.205000E-8	0.008570
1.210000E-8	0.009094
1.215000E-8	0.009945
1.220000E-8	0.010289
1.225000E-8	0.010570
1.230000E-8	0.010328
1.235000E-8	0.010586
1.240000E-8	0.010133
1.245000E-8	0.009648
1.250000E-8	0.008773
1.255000E-8	0.008078
1.260000E-8	0.006805
1.265000E-8	0.006141
1.270000E-8	0.005141
1.275000E-8	0.004258
1.280000E-8	0.003555
1.285000E-8	0.003211
1.290000E-8	0.002914
1.295000E-8	0.002836
1.300000E-8	0.002828
1.305000E-8	0.003133
1.310000E-8	0.003172
1.315000E-8	0.003805
1.320000E-8	0.004641
1.325000E-8	0.005406
1.330000E-8	0.006250
1.335000E-8	0.006859
1.340000E-8	0.007609
1.345000E-8	0.008461
1.350000E-8	0.008984
1.355000E-8	0.009445
1.360000E-8	0.009602
1.365000E-8	0.009687
1.370000E-8	0.009234
1.375000E-8	0.008813
1.380000E-8	0.008367
1.385000E-8	0.007703
1.390000E-8	0.006648
1.395000E-8	0.005656
1.400000E-8	0.004570
1.405000E-8	0.003820
1.410000E-8	0.002766
1.415000E-8	0.002086
1.420000E-8	0.001328
1.425000E-8	0.001273
1.430000E-8	0.001180
1.435000E-8	0.001539
1.440000E-8	0.001836
1.445000E-8	0.002430
1.450000E-8	0.003172
1.455000E-8	0.003930
1.460000E-8	0.004617
1.465000E-8	0.005703
1.470000E-8	0.006477
1.475000E-8	0.007023
1.480000E-8	0.007680
1.485000E-8	0.008219
1.490000E-8	0.008211
1.495000E-8	0.008320
1.500000E-8	0.007828
1.505000E-8	0.007516
1.510000E-8	0.006977
1.515000E-8	0.006242
1.520000E-8	0.005297
1.525000E-8	0.004641
1.530000E-8	0.003539
1.535000E-8	0.002875
1.540000E-8	0.002156
1.545000E-8	0.001328
1.550000E-8	0.000898
1.555000E-8	0.000695
1.560000E-8	0.000633
1.565000E-8	0.000930
1.570000E-8	0.001039
1.575000E-8	0.001641
1.580000E-8	0.002281
1.585000E-8	0.003195
1.590000E-8	0.003930
1.595000E-8	0.005234
1.600000E-8	0.005758
1.605000E-8	0.006617
1.610000E-8	0.007273
1.615000E-8	0.007836
1.620000E-8	0.008047
1.625000E-8	0.008156
1.630000E-8	0.007969
1.635000E-8	0.007336
1.640000E-8	0.006609
1.645000E-8	0.006133
1.650000E-8	0.005023
1.655000E-8	0.004188
1.660000E-8	0.003063
1.665000E-8	0.002391
1.670000E-8	0.001266
1.675000E-8	0.000680
1.680000E-8	0.000227
1.685000E-8	-0.000125
1.690000E-8	-0.000367
1.695000E-8	-8.593750E-5
1.700000E-8	0.000305
1.705000E-8	0.000789
1.710000E-8	0.001727
1.715000E-8	0.002469
1.720000E-8	0.003547
1.725000E-8	0.004414
1.730000E-8	0.005258
1.735000E-8	0.006195
1.740000E-8	0.006828
1.745000E-8	0.007234
1.750000E-8	0.007383
1.755000E-8	0.007555
1.760000E-8	0.007023
1.765000E-8	0.006766
1.770000E-8	0.005844
1.775000E-8	0.005234
1.780000E-8	0.004359
1.785000E-8	0.003586
1.790000E-8	0.002711
1.795000E-8	0.001773
1.800000E-8	0.000766
1.805000E-8	0.000328
1.810000E-8	-0.000242
1.815000E-8	-0.000391
1.820000E-8	-0.000539
1.825000E-8	-0.000375
1.830000E-8	-0.000109
1.835000E-8	0.000305
1.840000E-8	0.000898
1.845000E-8	0.001836
1.850000E-8	0.002523
1.855000E-8	0.003672
1.860000E-8	0.004336
1.865000E-8	0.005047
1.870000E-8	0.005797
1.875000E-8	0.006258
1.880000E-8	0.006484
1.885000E-8	0.006625
1.890000E-8	0.006500
1.895000E-8	0.006281
1.900000E-8	0.005641
1.905000E-8	0.005070
1.910000E-8	0.004289
1.915000E-8	0.003461
1.920000E-8	0.002719
1.925000E-8	0.001875
1.930000E-8	0.001258
1.935000E-8	0.000602
1.940000E-8	-5.468750E-5
1.945000E-8	-0.000109
1.950000E-8	-0.000211
1.955000E-8	-6.250000E-5
1.960000E-8	-2.343750E-5
1.965000E-8	0.000711
1.970000E-8	0.001477
1.975000E-8	0.002391
1.980000E-8	0.002805
1.985000E-8	0.003969
1.990000E-8	0.004492
1.995000E-8	0.005109
2.000000E-8	0.005500
2.005000E-8	0.006055
2.010000E-8	0.006125
2.015000E-8	0.006313
2.020000E-8	0.006055
2.025000E-8	0.005812
2.030000E-8	0.005320
2.035000E-8	0.004844
2.040000E-8	0.004133
2.045000E-8	0.003539
2.050000E-8	0.002844
2.055000E-8	0.002164
2.060000E-8	0.001437
2.065000E-8	0.001031
2.070000E-8	0.000453
2.075000E-8	-7.812500E-6
2.080000E-8	-0.000234
2.085000E-8	-0.000227
2.090000E-8	-0.000148
2.095000E-8	0.000375
2.100000E-8	0.000555
2.105000E-8	0.001273
2.110000E-8	0.001781
2.115000E-8	0.002578
2.120000E-8	0.003125
2.125000E-8	0.004133
2.130000E-8	0.004594
2.135000E-8	0.005219
2.140000E-8	0.005625
2.145000E-8	0.005742
2.150000E-8	0.005750
2.155000E-8	0.005695
2.160000E-8	0.005812
2.165000E-8	0.005203
2.170000E-8	0.004609
2.175000E-8	0.004180
2.180000E-8	0.003344
2.185000E-8	0.002664
2.190000E-8	0.002070
2.195000E-8	0.001492
2.200000E-8	0.000742
2.205000E-8	0.000344
2.210000E-8	0.000102
2.215000E-8	-5.468750E-5
2.220000E-8	0.000000
2.225000E-8	0.000297
2.230000E-8	0.000633
2.235000E-8	0.001227
2.240000E-8	0.001609
2.245000E-8	0.002406
2.250000E-8	0.002906
2.255000E-8	0.003789
2.260000E-8	0.004328
2.265000E-8	0.005117
2.270000E-8	0.005523
2.275000E-8	0.005656
2.280000E-8	0.005852
2.285000E-8	0.006008
2.290000E-8	0.005750
2.295000E-8	0.005492
2.300000E-8	0.004930
2.305000E-8	0.004203
2.310000E-8	0.003781
2.315000E-8	0.002969
2.320000E-8	0.002016
2.325000E-8	0.001570
2.330000E-8	0.000609
2.335000E-8	0.000359
2.340000E-8	-0.000188
2.345000E-8	-0.000234
2.350000E-8	-0.000305
2.355000E-8	-0.000297
2.360000E-8	-0.000172
2.365000E-8	0.000445
2.370000E-8	0.001008
2.375000E-8	0.001656
2.380000E-8	0.002336
2.385000E-8	0.003273
2.390000E-8	0.003844
2.395000E-8	0.004492
2.400000E-8	0.004961
2.405000E-8	0.005469
2.410000E-8	0.005547
2.415000E-8	0.005664
2.420000E-8	0.005656
2.425000E-8	0.005234
2.430000E-8	0.004687
2.435000E-8	0.004172
2.440000E-8	0.003438
2.445000E-8	0.002828
2.450000E-8	0.002055
2.455000E-8	0.001383
2.460000E-8	0.000531
2.465000E-8	-0.000203
2.470000E-8	-0.000719
2.475000E-8	-0.000672
2.480000E-8	-0.000813
2.485000E-8	-0.000414
2.490000E-8	-0.000109
2.495000E-8	0.000477
2.500000E-8	0.000898
2.505000E-8	0.001859
2.510000E-8	0.002508
2.515000E-8	0.003320
2.520000E-8	0.004063
2.525000E-8	0.004711
2.530000E-8	0.005023
2.535000E-8	0.005594
2.540000E-8	0.005555
2.545000E-8	0.005492
2.550000E-8	0.005508
2.555000E-8	0.004961
2.560000E-8	0.004352
2.565000E-8	0.003984
2.570000E-8	0.003320
2.575000E-8	0.002719
2.580000E-8	0.001797
2.585000E-8	0.001195
2.590000E-8	0.000687
2.595000E-8	0.000281
2.600000E-8	-0.000297
2.605000E-8	-0.000188
2.610000E-8	-0.000344
2.615000E-8	5.468750E-5
2.620000E-8	0.000125
2.625000E-8	0.000664
2.630000E-8	0.001016
2.635000E-8	0.001781
2.640000E-8	0.002414
2.645000E-8	0.003133
2.650000E-8	0.003695
2.655000E-8	0.004555
2.660000E-8	0.004852
2.665000E-8	0.005500
2.670000E-8	0.005422
2.675000E-8	0.005391
2.680000E-8	0.005289
2.685000E-8	0.005234
2.690000E-8	0.004641
2.695000E-8	0.004234
2.700000E-8	0.003484
2.705000E-8	0.002922
2.710000E-8	0.001883
2.715000E-8	0.001281
2.720000E-8	0.001016
2.725000E-8	0.000500
2.730000E-8	0.000102
2.735000E-8	-0.000227
2.740000E-8	-0.000305
2.745000E-8	-3.906250E-5
2.750000E-8	-5.468750E-5
2.755000E-8	0.000469
2.760000E-8	0.001125
2.765000E-8	0.001805
2.770000E-8	0.002352
2.775000E-8	0.003070
2.780000E-8	0.003570
2.785000E-8	0.003945
2.790000E-8	0.004336
2.795000E-8	0.004570
2.800000E-8	0.004750
2.805000E-8	0.005000
2.810000E-8	0.004938
2.815000E-8	0.004531
2.820000E-8	0.004133
2.825000E-8	0.003758
2.830000E-8	0.003203
2.835000E-8	0.002711
2.840000E-8	0.001977
2.845000E-8	0.001656
2.850000E-8	0.001258
2.855000E-8	0.001086
2.860000E-8	0.000758
2.865000E-8	0.000555
2.870000E-8	0.000328
2.875000E-8	0.000398
2.880000E-8	0.000328
2.885000E-8	0.000695
2.890000E-8	0.000922
2.895000E-8	0.001539
2.900000E-8	0.002156
2.905000E-8	0.002766
2.910000E-8	0.003289
2.915000E-8	0.003750
2.920000E-8	0.004328
2.925000E-8	0.004891
2.930000E-8	0.005000
2.935000E-8	0.005102
2.940000E-8	0.004953
2.945000E-8	0.004828
2.950000E-8	0.004500
2.955000E-8	0.004219
2.960000E-8	0.003516
2.965000E-8	0.002930
2.970000E-8	0.002266
2.975000E-8	0.001844
2.980000E-8	0.001141
2.985000E-8	0.000891
2.990000E-8	0.000586
2.995000E-8	0.000648
3.000000E-8	0.000430
3.005000E-8	0.000500
3.010000E-8	0.000461
3.015000E-8	0.001000
3.020000E-8	0.001234
3.025000E-8	0.001797
3.030000E-8	0.002336
3.035000E-8	0.002781
3.040000E-8	0.003336
3.045000E-8	0.003805
3.050000E-8	0.004094
3.055000E-8	0.004531
3.060000E-8	0.004594
3.065000E-8	0.004781
3.070000E-8	0.004547
3.075000E-8	0.004492
3.080000E-8	0.004188
3.085000E-8	0.003961
3.090000E-8	0.003297
3.095000E-8	0.002961
3.100000E-8	0.002688
3.105000E-8	0.002289
3.110000E-8	0.001742
3.115000E-8	0.001563
3.120000E-8	0.001203
3.125000E-8	0.000953
3.130000E-8	0.000734
3.135000E-8	0.000766
3.140000E-8	0.000586
3.145000E-8	0.000930
3.150000E-8	0.001023
3.155000E-8	0.001508
3.160000E-8	0.001922
3.165000E-8	0.002422
3.170000E-8	0.002648
3.175000E-8	0.003273
3.180000E-8	0.003547
3.185000E-8	0.004094
3.190000E-8	0.004250
3.195000E-8	0.004562
3.200000E-8	0.004594
3.205000E-8	0.004586
3.210000E-8	0.004367
3.215000E-8	0.004156
3.220000E-8	0.003742
3.225000E-8	0.003352
3.230000E-8	0.002609
3.235000E-8	0.002039
3.240000E-8	0.001602
3.245000E-8	0.001313
3.250000E-8	0.000656
3.255000E-8	0.000484
3.260000E-8	7.812500E-6
3.265000E-8	0.000211
3.270000E-8	0.000188
3.275000E-8	0.000414
3.280000E-8	0.000406
3.285000E-8	0.000930
3.290000E-8	0.001344
3.295000E-8	0.001961
3.300000E-8	0.002234
3.305000E-8	0.003063
3.310000E-8	0.003289
3.315000E-8	0.003977
3.320000E-8	0.004156
3.325000E-8	0.004687
3.330000E-8	0.004867
3.335000E-8	0.004773
3.340000E-8	0.004555
3.345000E-8	0.004328
3.350000E-8	0.003953
3.355000E-8	0.003477
3.360000E-8	0.002711
3.365000E-8	0.002430
3.370000E-8	0.002078
3.375000E-8	0.001602
3.380000E-8	0.001063
3.385000E-8	0.000883
3.390000E-8	0.000648
3.395000E-8	0.000539
3.400000E-8	0.000523
3.405000E-8	0.000687
3.410000E-8	0.000898
3.415000E-8	0.001281
3.420000E-8	0.001609
3.425000E-8	0.002188
3.430000E-8	0.002555
3.435000E-8	0.003164
3.440000E-8	0.003438
3.445000E-8	0.003773
3.450000E-8	0.003914
3.455000E-8	0.003961
3.460000E-8	0.004305
3.465000E-8	0.004414
3.470000E-8	0.004391
3.475000E-8	0.004195
3.480000E-8	0.003758
3.485000E-8	0.003688
3.490000E-8	0.003320
3.495000E-8	0.003055
3.500000E-8	0.002367
3.505000E-8	0.001891
3.510000E-8	0.001648
3.515000E-8	0.001242
3.520000E-8	0.000844
3.525000E-8	0.000789
3.530000E-8	0.000523
3.535000E-8	0.000594
3.540000E-8	0.000797
3.545000E-8	0.001187
3.550000E-8	0.001516
3.555000E-8	0.001852
3.560000E-8	0.002195
3.565000E-8	0.002625
3.570000E-8	0.003047
3.575000E-8	0.003297
3.580000E-8	0.003570
3.585000E-8	0.003867
3.590000E-8	0.004070
3.595000E-8	0.004383
3.600000E-8	0.004133
3.605000E-8	0.004117
3.610000E-8	0.003883
3.615000E-8	0.003539
3.620000E-8	0.003117
3.625000E-8	0.002734
3.630000E-8	0.002328
3.635000E-8	0.001937
3.640000E-8	0.001313
3.645000E-8	0.000937
3.650000E-8	0.000609
3.655000E-8	0.000375
3.660000E-8	0.000102
3.665000E-8	0.000266
3.670000E-8	0.000320
3.675000E-8	0.000836
3.680000E-8	0.001133
3.685000E-8	0.001875
3.690000E-8	0.002195
3.695000E-8	0.002758
3.700000E-8	0.003164
3.705000E-8	0.003625
3.710000E-8	0.003844
3.715000E-8	0.004180
3.720000E-8	0.004094
3.725000E-8	0.004195
3.730000E-8	0.003992
3.735000E-8	0.004055
3.740000E-8	0.003516
3.745000E-8	0.003516
3.750000E-8	0.002961
3.755000E-8	0.002789
3.760000E-8	0.002328
3.765000E-8	0.002031
3.770000E-8	0.001609
3.775000E-8	0.001414
3.780000E-8	0.001141
3.785000E-8	0.000867
3.790000E-8	0.000914
3.795000E-8	0.000844
3.800000E-8	0.000969
3.805000E-8	0.001258
3.810000E-8	0.001273
3.815000E-8	0.001680
3.820000E-8	0.001859
3.825000E-8	0.002234
3.830000E-8	0.002570
3.835000E-8	0.002828
3.840000E-8	0.003141
3.845000E-8	0.003523
3.850000E-8	0.003750
3.855000E-8	0.004055
3.860000E-8	0.004102
3.865000E-8	0.004156
3.870000E-8	0.003922
3.875000E-8	0.003563
3.880000E-8	0.003039
3.885000E-8	0.002875
3.890000E-8	0.002359
3.895000E-8	0.001937
3.900000E-8	0.001398
3.905000E-8	0.001227
3.910000E-8	0.001148
3.915000E-8	0.000859
3.920000E-8	0.000875
3.925000E-8	0.001016
3.930000E-8	0.001164
3.935000E-8	0.001367
3.940000E-8	0.001750
3.945000E-8	0.001992
3.950000E-8	0.002148
3.955000E-8	0.002508
3.960000E-8	0.002844
3.965000E-8	0.003188
3.970000E-8	0.003352
3.975000E-8	0.003672
3.980000E-8	0.003719
3.985000E-8	0.003969
3.990000E-8	0.003875
3.995000E-8	0.003766
4.000000E-8	0.003555
4.005000E-8	0.003375
4.010000E-8	0.003016
4.015000E-8	0.002609
4.020000E-8	0.002336
4.025000E-8	0.001977
4.030000E-8	0.001859
4.035000E-8	0.001719
4.040000E-8	0.001375
4.045000E-8	0.001258
4.050000E-8	0.000953
4.055000E-8	0.001078
4.060000E-8	0.000945
4.065000E-8	0.001250
4.070000E-8	0.001461
4.075000E-8	0.001781
4.080000E-8	0.001969
4.085000E-8	0.002352
4.090000E-8	0.002711
4.095000E-8	0.003172
4.100000E-8	0.003094
4.105000E-8	0.003422
4.110000E-8	0.003586
4.115000E-8	0.003781
4.120000E-8	0.003648
4.125000E-8	0.003805
4.130000E-8	0.003664
4.135000E-8	0.003586
4.140000E-8	0.003555
4.145000E-8	0.003273
4.150000E-8	0.002828
4.155000E-8	0.002563
4.160000E-8	0.001953
4.165000E-8	0.001672
4.170000E-8	0.001180
4.175000E-8	0.001016
4.180000E-8	0.000547
4.185000E-8	0.000625
4.190000E-8	0.000703
4.195000E-8	0.001016
4.200000E-8	0.000984
4.205000E-8	0.001359
4.210000E-8	0.001633
4.215000E-8	0.002156
4.220000E-8	0.002508
4.225000E-8	0.002789
4.230000E-8	0.003008
4.235000E-8	0.003250
4.240000E-8	0.003352
4.245000E-8	0.003492
4.250000E-8	0.003430
4.255000E-8	0.003500
4.260000E-8	0.003422
4.265000E-8	0.003359
4.270000E-8	0.002867
4.275000E-8	0.002836
4.280000E-8	0.002453
4.285000E-8	0.002516
4.290000E-8	0.002148
4.295000E-8	0.001953
4.300000E-8	0.001672
4.305000E-8	0.001570
4.310000E-8	0.001289
4.315000E-8	0.001297
4.320000E-8	0.001281
4.325000E-8	0.001266
4.330000E-8	0.000906
4.335000E-8	0.001352
4.340000E-8	0.001516
4.345000E-8	0.001656
4.350000E-8	0.002188
4.355000E-8	0.002406
4.360000E-8	0.002750
4.365000E-8	0.002938
4.370000E-8	0.003195
4.375000E-8	0.003711
4.380000E-8	0.003656
4.385000E-8	0.003867
4.390000E-8	0.003758
4.395000E-8	0.003688
4.400000E-8	0.003641
4.405000E-8	0.003086
4.410000E-8	0.002602
4.415000E-8	0.002297
4.420000E-8	0.001898
4.425000E-8	0.001695
4.430000E-8	0.001414
4.435000E-8	0.001406
4.440000E-8	0.001273
4.445000E-8	0.001406
4.450000E-8	0.001336
4.455000E-8	0.001539
4.460000E-8	0.001687
4.465000E-8	0.001844
4.470000E-8	0.001687
4.475000E-8	0.001836
4.480000E-8	0.002195
4.485000E-8	0.002516
4.490000E-8	0.002656
4.495000E-8	0.002969
4.500000E-8	0.002938
4.505000E-8	0.003273
4.510000E-8	0.003305
4.515000E-8	0.003336
4.520000E-8	0.003563
4.525000E-8	0.003570
4.530000E-8	0.003203
4.535000E-8	0.003289
4.540000E-8	0.002781
4.545000E-8	0.002688
4.550000E-8	0.002406
4.555000E-8	0.002109
4.560000E-8	0.001836
4.565000E-8	0.002000
4.570000E-8	0.001477
4.575000E-8	0.001430
4.580000E-8	0.001273
4.585000E-8	0.001336
4.590000E-8	0.001219
4.595000E-8	0.001547
4.600000E-8	0.001695
4.605000E-8	0.001937
4.610000E-8	0.001977
4.615000E-8	0.002242
4.620000E-8	0.002453
4.625000E-8	0.002828
4.630000E-8	0.003156
4.635000E-8	0.003398
4.640000E-8	0.003500
4.645000E-8	0.003758
4.650000E-8	0.003734
4.655000E-8	0.003656
4.660000E-8	0.003633
4.665000E-8	0.003375
4.670000E-8	0.003195
4.675000E-8	0.002875
4.680000E-8	0.002680
4.685000E-8	0.002500
4.690000E-8	0.002141
4.695000E-8	0.002148
4.700000E-8	0.001664
4.705000E-8	0.001500
4.710000E-8	0.001375
4.715000E-8	0.001484
4.720000E-8	0.001477
4.725000E-8	0.001695
4.730000E-8	0.001859
4.735000E-8	0.002156
4.740000E-8	0.002336
4.745000E-8	0.002547
4.750000E-8	0.002953
4.755000E-8	0.002953
4.760000E-8	0.003219
4.765000E-8	0.003500
4.770000E-8	0.003430
4.775000E-8	0.003789
4.780000E-8	0.003766
4.785000E-8	0.003703
4.790000E-8	0.003344
4.795000E-8	0.003203
4.800000E-8	0.002922
4.805000E-8	0.002805
4.810000E-8	0.002516
4.815000E-8	0.002430
4.820000E-8	0.002148
4.825000E-8	0.001961
4.830000E-8	0.001898
4.835000E-8	0.001789
4.840000E-8	0.001766
4.845000E-8	0.001672
4.850000E-8	0.001937
4.855000E-8	0.002055
4.860000E-8	0.002039
4.865000E-8	0.002414
4.870000E-8	0.002484
4.875000E-8	0.002719
4.880000E-8	0.002727
4.885000E-8	0.002898
4.890000E-8	0.002867
4.895000E-8	0.003180
4.900000E-8	0.003250
4.905000E-8	0.003641
4.910000E-8	0.003805
4.915000E-8	0.003703
4.920000E-8	0.003594
4.925000E-8	0.003508
4.930000E-8	0.003469
4.935000E-8	0.003359
4.940000E-8	0.002945
4.945000E-8	0.002703
4.950000E-8	0.002414
4.955000E-8	0.002320
4.960000E-8	0.001906
4.965000E-8	0.001672
4.970000E-8	0.001578
4.975000E-8	0.001523
4.980000E-8	0.001570
4.985000E-8	0.001469
4.990000E-8	0.001813
4.995000E-8	0.001828
5.000000E-8	0.002258
5.005000E-8	0.002297
5.010000E-8	0.002500
5.015000E-8	0.002656
5.020000E-8	0.002555
5.025000E-8	0.002797
5.030000E-8	0.003008
5.035000E-8	0.003047
5.040000E-8	0.003109
5.045000E-8	0.003445
5.050000E-8	0.003336
5.055000E-8	0.003438
5.060000E-8	0.003047
5.065000E-8	0.002891
5.070000E-8	0.002383
5.075000E-8	0.002164
5.080000E-8	0.002117
5.085000E-8	0.001773
5.090000E-8	0.001531
5.095000E-8	0.001219
5.100000E-8	0.001148
5.105000E-8	0.001219
5.110000E-8	0.001086
5.115000E-8	0.001297
5.120000E-8	0.001437
5.125000E-8	0.001711
5.130000E-8	0.001867
5.135000E-8	0.002266
5.140000E-8	0.002578
5.145000E-8	0.002680
5.150000E-8	0.002906
5.155000E-8	0.003023
5.160000E-8	0.003250
5.165000E-8	0.003570
5.170000E-8	0.003516
5.175000E-8	0.003312
5.180000E-8	0.003156
5.185000E-8	0.002977
5.190000E-8	0.002758
5.195000E-8	0.002695
5.200000E-8	0.002531
5.205000E-8	0.002594
5.210000E-8	0.002336
5.215000E-8	0.002266
5.220000E-8	0.002219
5.225000E-8	0.002281
5.230000E-8	0.002109
5.235000E-8	0.002203
5.240000E-8	0.002070
5.245000E-8	0.002078
5.250000E-8	0.001883
5.255000E-8	0.001977
5.260000E-8	0.001945
5.265000E-8	0.002266
5.270000E-8	0.002211
5.275000E-8	0.002469
5.280000E-8	0.002641
5.285000E-8	0.002742
5.290000E-8	0.003164
5.295000E-8	0.003531
5.300000E-8	0.003609
5.305000E-8	0.003703
5.310000E-8	0.003508
5.315000E-8	0.003469
5.320000E-8	0.003063
5.325000E-8	0.002648
5.330000E-8	0.002648
5.335000E-8	0.002594
5.340000E-8	0.002195
5.345000E-8	0.002070
5.350000E-8	0.001773
5.355000E-8	0.001844
5.360000E-8	0.001813
5.365000E-8	0.001625
5.370000E-8	0.001484
5.375000E-8	0.001422
5.380000E-8	0.001469
5.385000E-8	0.001602
5.390000E-8	0.001797
5.395000E-8	0.002055
5.400000E-8	0.001992
5.405000E-8	0.002406
5.410000E-8	0.002414
5.415000E-8	0.002805
5.420000E-8	0.002844
5.425000E-8	0.003172
5.430000E-8	0.003297
5.435000E-8	0.003453
5.440000E-8	0.003211
5.445000E-8	0.003227
5.450000E-8	0.003070
5.455000E-8	0.003102
5.460000E-8	0.002922
5.465000E-8	0.002719
5.470000E-8	0.002586
5.475000E-8	0.002422
5.480000E-8	0.002172
5.485000E-8	0.001937
5.490000E-8	0.001719
5.495000E-8	0.001828
5.500000E-8	0.001883
5.505000E-8	0.001828
5.510000E-8	0.001883
5.515000E-8	0.002195
5.520000E-8	0.002266
5.525000E-8	0.002453
5.530000E-8	0.002414
5.535000E-8	0.002641
5.540000E-8	0.002609
5.545000E-8	0.002805
5.550000E-8	0.002789
5.555000E-8	0.002844
5.560000E-8	0.002773
5.565000E-8	0.003016
5.570000E-8	0.002914
5.575000E-8	0.003070
5.580000E-8	0.002797
5.585000E-8	0.002758
5.590000E-8	0.002828
5.595000E-8	0.002641
5.600000E-8	0.002680
5.605000E-8	0.002430
5.610000E-8	0.001844
5.615000E-8	0.001883
5.620000E-8	0.001586
5.625000E-8	0.001656
5.630000E-8	0.001609
5.635000E-8	0.001516
5.640000E-8	0.001539
5.645000E-8	0.001594
5.650000E-8	0.001492
5.655000E-8	0.001750
5.660000E-8	0.001727
5.665000E-8	0.002180
5.670000E-8	0.002164
5.675000E-8	0.002563
5.680000E-8	0.002992
5.685000E-8	0.003180
5.690000E-8	0.003367
5.695000E-8	0.003398
5.700000E-8	0.003305
5.705000E-8	0.003297
5.710000E-8	0.003555
5.715000E-8	0.003375
5.720000E-8	0.002672
5.725000E-8	0.002750
5.730000E-8	0.002414
5.735000E-8	0.002258
5.740000E-8	0.002008
5.745000E-8	0.001883
5.750000E-8	0.001656
5.755000E-8	0.001625
5.760000E-8	0.001719
5.765000E-8	0.001930
5.770000E-8	0.001883
5.775000E-8	0.002039
5.780000E-8	0.002180
5.785000E-8	0.002328
5.790000E-8	0.002336
5.795000E-8	0.002688
5.800000E-8	0.002766
5.805000E-8	0.003109
5.810000E-8	0.003070
5.815000E-8	0.003234
5.820000E-8	0.003344
5.825000E-8	0.003141
5.830000E-8	0.003242
5.835000E-8	0.003172
5.840000E-8	0.003125
5.845000E-8	0.002945
5.850000E-8	0.002828
5.855000E-8	0.002906
5.860000E-8	0.002555
5.865000E-8	0.002617
5.870000E-8	0.002414
5.875000E-8	0.002352
5.880000E-8	0.002148
5.885000E-8	0.002117
5.890000E-8	0.001875
5.895000E-8	0.001914
5.900000E-8	0.001797
5.905000E-8	0.001805
5.910000E-8	0.001766
5.915000E-8	0.001750
5.920000E-8	0.001992
5.925000E-8	0.001906
5.930000E-8	0.002117
5.935000E-8	0.002344
5.940000E-8	0.002563
5.945000E-8	0.002883
5.950000E-8	0.003023
5.955000E-8	0.003172
5.960000E-8	0.003289
5.965000E-8	0.003438
5.970000E-8	0.003125
5.975000E-8	0.002906
5.980000E-8	0.002969
5.985000E-8	0.002648
5.990000E-8	0.002633
5.995000E-8	0.002641
6.000000E-8	0.002344
6.005000E-8	0.002305
6.010000E-8	0.002141
6.015000E-8	0.002133
6.020000E-8	0.002094
6.025000E-8	0.002047
6.030000E-8	0.001984
6.035000E-8	0.002133
6.040000E-8	0.002273
6.045000E-8	0.002570
6.050000E-8	0.002539
6.055000E-8	0.002820
6.060000E-8	0.002891
6.065000E-8	0.002953
6.070000E-8	0.003047
6.075000E-8	0.003141
6.080000E-8	0.002961
6.085000E-8	0.003242
6.090000E-8	0.003078
6.095000E-8	0.003133
6.100000E-8	0.002828
6.105000E-8	0.002875
6.110000E-8	0.002422
6.115000E-8	0.002477
6.120000E-8	0.001977
6.125000E-8	0.002102
6.130000E-8	0.002219
6.135000E-8	0.001977
6.140000E-8	0.001859
6.145000E-8	0.002102
6.150000E-8	0.001930
6.155000E-8	0.001781
6.160000E-8	0.001625
6.165000E-8	0.001898
6.170000E-8	0.001867
6.175000E-8	0.001883
6.180000E-8	0.002000
6.185000E-8	0.002211
6.190000E-8	0.002234
6.195000E-8	0.002336
6.200000E-8	0.002398
6.205000E-8	0.002734
6.210000E-8	0.002797
6.215000E-8	0.002789
6.220000E-8	0.003156
6.225000E-8	0.003234
6.230000E-8	0.003422
6.235000E-8	0.003320
6.240000E-8	0.003148
6.245000E-8	0.002984
6.250000E-8	0.002672
6.255000E-8	0.002523
6.260000E-8	0.002180
6.265000E-8	0.002000
6.270000E-8	0.001937
6.275000E-8	0.001961
6.280000E-8	0.001578
6.285000E-8	0.001586
6.290000E-8	0.001336
6.295000E-8	0.001727
6.300000E-8	0.001641
6.305000E-8	0.002063
6.310000E-8	0.002055
6.315000E-8	0.002109
6.320000E-8	0.002430
6.325000E-8	0.002484
6.330000E-8	0.002531
6.335000E-8	0.002664
6.340000E-8	0.002742
6.345000E-8	0.002914
6.350000E-8	0.003055
6.355000E-8	0.003188
6.360000E-8	0.003133
6.365000E-8	0.003141
6.370000E-8	0.003055
6.375000E-8	0.003109
6.380000E-8	0.002820
6.385000E-8	0.002539
6.390000E-8	0.002563
6.395000E-8	0.002219
6.400000E-8	0.002266
6.405000E-8	0.002078
6.410000E-8	0.001961
6.415000E-8	0.002063
6.420000E-8	0.002141
6.425000E-8	0.002180
6.430000E-8	0.002227
6.435000E-8	0.002320
6.440000E-8	0.002180
6.445000E-8	0.002367
6.450000E-8	0.002297
6.455000E-8	0.002328
6.460000E-8	0.002469
6.465000E-8	0.002859
6.470000E-8	0.002891
6.475000E-8	0.003055
6.480000E-8	0.003078
6.485000E-8	0.003219
6.490000E-8	0.003164
6.495000E-8	0.003266
6.500000E-8	0.003188
6.505000E-8	0.003094
6.510000E-8	0.002734
6.515000E-8	0.002672
6.520000E-8	0.002484
6.525000E-8	0.002453
6.530000E-8	0.002211
6.535000E-8	0.002125
6.540000E-8	0.002125
6.545000E-8	0.002063
6.550000E-8	0.001617
6.555000E-8	0.001555
6.560000E-8	0.001477
6.565000E-8	0.001711
6.570000E-8	0.001742
6.575000E-8	0.002211
6.580000E-8	0.002312
6.585000E-8	0.002711
6.590000E-8	0.002898
6.595000E-8	0.002938
6.600000E-8	0.003008
6.605000E-8	0.003250
6.610000E-8	0.003453
6.615000E-8	0.003453
6.620000E-8	0.003352
6.625000E-8	0.003023
6.630000E-8	0.002773
6.635000E-8	0.002523
6.640000E-8	0.002484
6.645000E-8	0.002453
6.650000E-8	0.002234
6.655000E-8	0.002195
6.660000E-8	0.001906
6.665000E-8	0.001984
6.670000E-8	0.001734
6.675000E-8	0.001891
6.680000E-8	0.001633
6.685000E-8	0.001844
6.690000E-8	0.001625
6.695000E-8	0.001727
6.700000E-8	0.001867
6.705000E-8	0.002031
6.710000E-8	0.002109
6.715000E-8	0.002203
6.720000E-8	0.002242
6.725000E-8	0.002375
6.730000E-8	0.002453
6.735000E-8	0.002750
6.740000E-8	0.002836
6.745000E-8	0.003219
6.750000E-8	0.003023
6.755000E-8	0.003211
6.760000E-8	0.003063
6.765000E-8	0.003172
6.770000E-8	0.002914
6.775000E-8	0.002586
6.780000E-8	0.002383
6.785000E-8	0.002367
6.790000E-8	0.002195
6.795000E-8	0.002227
6.800000E-8	0.002000
6.805000E-8	0.001930
6.810000E-8	0.001766
6.815000E-8	0.001781
6.820000E-8	0.001852
6.825000E-8	0.001750
6.830000E-8	0.001906
6.835000E-8	0.001891
6.840000E-8	0.001766
6.845000E-8	0.001945
6.850000E-8	0.002070
6.855000E-8	0.002219
6.860000E-8	0.002320
6.865000E-8	0.002734
6.870000E-8	0.002688
6.875000E-8	0.002969
6.880000E-8	0.003102
6.885000E-8	0.003070
6.890000E-8	0.002992
6.895000E-8	0.002867
6.900000E-8	0.002961
6.905000E-8	0.002758
6.910000E-8	0.002656
6.915000E-8	0.002398
6.920000E-8	0.002219
6.925000E-8	0.002234
6.930000E-8	0.001937
6.935000E-8	0.001883
6.940000E-8	0.001813
6.945000E-8	0.001891
6.950000E-8	0.001672
6.955000E-8	0.001641
6.960000E-8	0.001758
6.965000E-8	0.001906
6.970000E-8	0.001914
6.975000E-8	0.001945
6.980000E-8	0.001930
6.985000E-8	0.002250
6.990000E-8	0.002516
6.995000E-8	0.002609
7.000000E-8	0.002781
7.005000E-8	0.002906
7.010000E-8	0.002852
7.015000E-8	0.003172
7.020000E-8	0.002648
7.025000E-8	0.002820
7.030000E-8	0.002828
7.035000E-8	0.002594
7.040000E-8	0.002414
7.045000E-8	0.002336
7.050000E-8	0.002344
7.055000E-8	0.002398
7.060000E-8	0.002281
7.065000E-8	0.002305
7.070000E-8	0.002336
7.075000E-8	0.002344
7.080000E-8	0.002148
7.085000E-8	0.002281
7.090000E-8	0.002031
7.095000E-8	0.002219
7.100000E-8	0.001977
7.105000E-8	0.002172
7.110000E-8	0.002047
7.115000E-8	0.002578
7.120000E-8	0.002477
7.125000E-8	0.002617
7.130000E-8	0.002758
7.135000E-8	0.002703
7.140000E-8	0.002914
7.145000E-8	0.002758
7.150000E-8	0.003016
7.155000E-8	0.002773
7.160000E-8	0.002617
7.165000E-8	0.002672
7.170000E-8	0.002477
7.175000E-8	0.002445
7.180000E-8	0.002344
7.185000E-8	0.002352
7.190000E-8	0.002219
7.195000E-8	0.002391
7.200000E-8	0.002078
7.205000E-8	0.002258
7.210000E-8	0.002141
7.215000E-8	0.002336
7.220000E-8	0.002391
7.225000E-8	0.002742
7.230000E-8	0.002773
7.235000E-8	0.002656
7.240000E-8	0.002422
7.245000E-8	0.002711
7.250000E-8	0.002500
7.255000E-8	0.002820
7.260000E-8	0.002750
7.265000E-8	0.002750
7.270000E-8	0.002875
7.275000E-8	0.003008
7.280000E-8	0.002859
7.285000E-8	0.002938
7.290000E-8	0.002820
7.295000E-8	0.002992
7.300000E-8	0.002961
7.305000E-8	0.002961
7.310000E-8	0.002672
7.315000E-8	0.002695
7.320000E-8	0.002523
7.325000E-8	0.002437
7.330000E-8	0.002297
7.335000E-8	0.002266
7.340000E-8	0.002047
7.345000E-8	0.002102
7.350000E-8	0.002078
7.355000E-8	0.002070
7.360000E-8	0.001914
7.365000E-8	0.002078
7.370000E-8	0.002070
7.375000E-8	0.002258
7.380000E-8	0.002258
7.385000E-8	0.002578
7.390000E-8	0.002437
7.395000E-8	0.002531
7.400000E-8	0.002484
7.405000E-8	0.002555
7.410000E-8	0.002500
7.415000E-8	0.002570
7.420000E-8	0.002602
7.425000E-8	0.002719
7.430000E-8	0.002812
7.435000E-8	0.002773
7.440000E-8	0.002578
7.445000E-8	0.002336
7.450000E-8	0.002117
7.455000E-8	0.001930
7.460000E-8	0.001836
7.465000E-8	0.001734
7.470000E-8	0.001875
7.475000E-8	0.002031
7.480000E-8	0.002203
7.485000E-8	0.002266
7.490000E-8	0.002430
7.495000E-8	0.002484
7.500000E-8	0.002320
7.505000E-8	0.002688
7.510000E-8	0.002664
7.515000E-8	0.002563
7.520000E-8	0.002633
7.525000E-8	0.002836
7.530000E-8	0.002898
7.535000E-8	0.002727
7.540000E-8	0.002586
7.545000E-8	0.002531
7.550000E-8	0.002453
7.555000E-8	0.002594
7.560000E-8	0.002547
7.565000E-8	0.002398
7.570000E-8	0.002094
7.575000E-8	0.002484
7.580000E-8	0.002227
7.585000E-8	0.002172
7.590000E-8	0.002063
7.595000E-8	0.002227
7.600000E-8	0.002000
7.605000E-8	0.002078
7.610000E-8	0.002055
7.615000E-8	0.002219
7.620000E-8	0.002172
7.625000E-8	0.002344
7.630000E-8	0.002422
7.635000E-8	0.002547
7.640000E-8	0.002516
7.645000E-8	0.002680
7.650000E-8	0.002570
7.655000E-8	0.002828
7.660000E-8	0.002680
7.665000E-8	0.002711
7.670000E-8	0.002711
7.675000E-8	0.002570
7.680000E-8	0.002555
7.685000E-8	0.002563
7.690000E-8	0.002195
7.695000E-8	0.002250
7.700000E-8	0.002047
7.705000E-8	0.002141
7.710000E-8	0.002234
7.715000E-8	0.002047
7.720000E-8	0.001766
7.725000E-8	0.001906
7.730000E-8	0.001789
7.735000E-8	0.001984
7.740000E-8	0.002023
7.745000E-8	0.002125
7.750000E-8	0.002148
7.755000E-8	0.002266
7.760000E-8	0.002273
7.765000E-8	0.002305
7.770000E-8	0.002336
7.775000E-8	0.002383
7.780000E-8	0.002437
7.785000E-8	0.002641
7.790000E-8	0.002609
7.795000E-8	0.002805
7.800000E-8	0.002625
7.805000E-8	0.002906
7.810000E-8	0.002836
7.815000E-8	0.002641
7.820000E-8	0.002539
7.825000E-8	0.002656
7.830000E-8	0.002625
7.835000E-8	0.002695
7.840000E-8	0.002648
7.845000E-8	0.002406
7.850000E-8	0.002289
7.855000E-8	0.002305
7.860000E-8	0.002227
7.865000E-8	0.002188
7.870000E-8	0.001969
7.875000E-8	0.002156
7.880000E-8	0.002156
7.885000E-8	0.002258
7.890000E-8	0.001984
7.895000E-8	0.002148
7.900000E-8	0.002297
7.905000E-8	0.002391
7.910000E-8	0.002508
7.915000E-8	0.002781
7.920000E-8	0.002555
7.925000E-8	0.002930
7.930000E-8	0.002852
7.935000E-8	0.002641
7.940000E-8	0.002461
7.945000E-8	0.002508
7.950000E-8	0.002461
7.955000E-8	0.002375
7.960000E-8	0.002320
7.965000E-8	0.002320
7.970000E-8	0.002273
7.975000E-8	0.002195
7.980000E-8	0.002039
7.985000E-8	0.002047
7.990000E-8	0.001945
7.995000E-8	0.002023
8.000000E-8	0.002078
8.005000E-8	0.002047
8.010000E-8	0.002023
8.015000E-8	0.002414
8.020000E-8	0.002164
8.025000E-8	0.002406
8.030000E-8	0.002336
8.035000E-8	0.002461
8.040000E-8	0.002508
8.045000E-8	0.002727
8.050000E-8	0.002641
8.055000E-8	0.002703
8.060000E-8	0.002719
8.065000E-8	0.002711
8.070000E-8	0.002703
8.075000E-8	0.002781
8.080000E-8	0.002617
8.085000E-8	0.002727
8.090000E-8	0.002688
8.095000E-8	0.002734
8.100000E-8	0.002305
8.105000E-8	0.002328
8.110000E-8	0.002219
8.115000E-8	0.002211
8.120000E-8	0.001898
8.125000E-8	0.002141
8.130000E-8	0.002219
8.135000E-8	0.002156
8.140000E-8	0.001805
8.145000E-8	0.001977
8.150000E-8	0.002094
8.155000E-8	0.002148
8.160000E-8	0.002336
8.165000E-8	0.002188
8.170000E-8	0.002102
8.175000E-8	0.002352
8.180000E-8	0.002375
8.185000E-8	0.002664
8.190000E-8	0.002617
8.195000E-8	0.002773
8.200000E-8	0.002672
8.205000E-8	0.002648
8.210000E-8	0.002477
8.215000E-8	0.002531
8.220000E-8	0.002273
8.225000E-8	0.002406
8.230000E-8	0.002336
8.235000E-8	0.002258
8.240000E-8	0.002289
8.245000E-8	0.002367
8.250000E-8	0.002367
8.255000E-8	0.002336
8.260000E-8	0.002273
8.265000E-8	0.002289
8.270000E-8	0.002250
8.275000E-8	0.002258
8.280000E-8	0.002180
8.285000E-8	0.002352
8.290000E-8	0.002414
8.295000E-8	0.002539
8.300000E-8	0.002367
8.305000E-8	0.002500
8.310000E-8	0.002336
8.315000E-8	0.002383
8.320000E-8	0.002406
8.325000E-8	0.002523
8.330000E-8	0.002664
8.335000E-8	0.002766
8.340000E-8	0.002719
8.345000E-8	0.002711
8.350000E-8	0.002734
8.355000E-8	0.002844
8.360000E-8	0.002602
8.365000E-8	0.002641
8.370000E-8	0.002641
8.375000E-8	0.002469
8.380000E-8	0.002289
8.385000E-8	0.002406
8.390000E-8	0.002336
8.395000E-8	0.002188
8.400000E-8	0.002211
8.405000E-8	0.002242
8.410000E-8	0.002156
8.415000E-8	0.002148
8.420000E-8	0.002039
8.425000E-8	0.002195
8.430000E-8	0.002141
8.435000E-8	0.002227
8.440000E-8	0.002203
8.445000E-8	0.002297
8.450000E-8	0.002297
8.455000E-8	0.002344
8.460000E-8	0.002312
8.465000E-8	0.002398
8.470000E-8	0.002234
8.475000E-8	0.002250
8.480000E-8	0.002242
8.485000E-8	0.002047
8.490000E-8	0.002203
8.495000E-8	0.002281
8.500000E-8	0.002086
8.505000E-8	0.002094
8.510000E-8	0.002109
8.515000E-8	0.002094
8.520000E-8	0.001922
8.525000E-8	0.002055
8.530000E-8	0.001977
8.535000E-8	0.002180
8.540000E-8	0.002023
8.545000E-8	0.002258
8.550000E-8	0.002086
8.555000E-8	0.002516
8.560000E-8	0.002563
8.565000E-8	0.002727
8.570000E-8	0.002742
8.575000E-8	0.002789
8.580000E-8	0.002758
8.585000E-8	0.002812
8.590000E-8	0.002875
8.595000E-8	0.002977
8.600000E-8	0.002734
8.605000E-8	0.002828
8.610000E-8	0.002664
8.615000E-8	0.002508
8.620000E-8	0.002422
8.625000E-8	0.002445
8.630000E-8	0.002273
8.635000E-8	0.002195
8.640000E-8	0.001977
8.645000E-8	0.002148
8.650000E-8	0.001945
8.655000E-8	0.002094
8.660000E-8	0.002016
8.665000E-8	0.002297
8.670000E-8	0.002461
8.675000E-8	0.002430
8.680000E-8	0.002344
8.685000E-8	0.002469
8.690000E-8	0.002625
8.695000E-8	0.002750
8.700000E-8	0.002594
8.705000E-8	0.002664
8.710000E-8	0.002648
8.715000E-8	0.002547
8.720000E-8	0.002617
8.725000E-8	0.002523
8.730000E-8	0.002375
8.735000E-8	0.002445
8.740000E-8	0.002430
8.745000E-8	0.002391
8.750000E-8	0.002352
8.755000E-8	0.002461
8.760000E-8	0.002273
8.765000E-8	0.002500
8.770000E-8	0.002055
8.775000E-8	0.002266
8.780000E-8	0.002039
8.785000E-8	0.002094
8.790000E-8	0.002008
8.795000E-8	0.001906
8.800000E-8	0.001711
8.805000E-8	0.001945
8.810000E-8	0.001836
8.815000E-8	0.002133
8.820000E-8	0.002172
8.825000E-8	0.002312
8.830000E-8	0.002250
8.835000E-8	0.002461
8.840000E-8	0.002398
8.845000E-8	0.002430
8.850000E-8	0.002531
8.855000E-8	0.002437
8.860000E-8	0.002281
8.865000E-8	0.002391
8.870000E-8	0.002133
8.875000E-8	0.002281
8.880000E-8	0.002289
8.885000E-8	0.002469
8.890000E-8	0.002258
8.895000E-8	0.002461
8.900000E-8	0.002375
8.905000E-8	0.002398
8.910000E-8	0.002445
8.915000E-8	0.002555
8.920000E-8	0.002523
8.925000E-8	0.002367
8.930000E-8	0.002437
8.935000E-8	0.002656
8.940000E-8	0.002422
8.945000E-8	0.002734
8.950000E-8	0.002789
8.955000E-8	0.002836
8.960000E-8	0.002945
8.965000E-8	0.003156
8.970000E-8	0.003117
8.975000E-8	0.003281
8.980000E-8	0.002977
8.985000E-8	0.003211
8.990000E-8	0.002953
8.995000E-8	0.002992
9.000000E-8	0.002641
9.005000E-8	0.002578
9.010000E-8	0.002398
9.015000E-8	0.002609
9.020000E-8	0.002523
9.025000E-8	0.002414
9.030000E-8	0.002273
9.035000E-8	0.002383
9.040000E-8	0.002320
9.045000E-8	0.002500
9.050000E-8	0.002328
9.055000E-8	0.002352
9.060000E-8	0.002320
9.065000E-8	0.002289
9.070000E-8	0.002461
9.075000E-8	0.002281
9.080000E-8	0.002172
9.085000E-8	0.002328
9.090000E-8	0.002445
9.095000E-8	0.002656
9.100000E-8	0.002578
9.105000E-8	0.002758
9.110000E-8	0.002789
9.115000E-8	0.002734
9.120000E-8	0.002812
9.125000E-8	0.002812
9.130000E-8	0.002594
9.135000E-8	0.002461
9.140000E-8	0.002437
9.145000E-8	0.002477
9.150000E-8	0.002258
9.155000E-8	0.002414
9.160000E-8	0.002305
9.165000E-8	0.002273
9.170000E-8	0.002086
9.175000E-8	0.002070
9.180000E-8	0.002039
9.185000E-8	0.002086
9.190000E-8	0.002047
9.195000E-8	0.002211
9.200000E-8	0.001992
9.205000E-8	0.002086
9.210000E-8	0.002125
9.215000E-8	0.002211
9.220000E-8	0.002109
9.225000E-8	0.002289
9.230000E-8	0.002227
9.235000E-8	0.002352
9.240000E-8	0.002195
9.245000E-8	0.002367
9.250000E-8	0.002328
9.255000E-8	0.002469
9.260000E-8	0.002500
9.265000E-8	0.002797
9.270000E-8	0.002617
9.275000E-8	0.002688
9.280000E-8	0.002656
9.285000E-8	0.002273
9.290000E-8	0.002055
9.295000E-8	0.002352
9.300000E-8	0.002172
9.305000E-8	0.002383
9.310000E-8	0.002289
9.315000E-8	0.002195
9.320000E-8	0.002063
9.325000E-8	0.002242
9.330000E-8	0.002141
9.335000E-8	0.002367
9.340000E-8	0.002023
9.345000E-8	0.002281
9.350000E-8	0.002352
9.355000E-8	0.002516
9.360000E-8	0.002328
9.365000E-8	0.002437
9.370000E-8	0.002352
9.375000E-8	0.002391
9.380000E-8	0.002477
9.385000E-8	0.002266
9.390000E-8	0.002148
9.395000E-8	0.002203
9.400000E-8	0.002086
9.405000E-8	0.002070
9.410000E-8	0.001937
9.415000E-8	0.002039
9.420000E-8	0.001992
9.425000E-8	0.002055
9.430000E-8	0.002039
9.435000E-8	0.002148
9.440000E-8	0.002133
9.445000E-8	0.001977
9.450000E-8	0.001945
9.455000E-8	0.001844
9.460000E-8	0.001859
9.465000E-8	0.002141
9.470000E-8	0.002164
9.475000E-8	0.002328
9.480000E-8	0.002086
9.485000E-8	0.002648
9.490000E-8	0.002398
9.495000E-8	0.002555
9.500000E-8	0.002500
9.505000E-8	0.002461
9.510000E-8	0.002430
9.515000E-8	0.002312
9.520000E-8	0.002258
9.525000E-8	0.002273
9.530000E-8	0.002211
9.535000E-8	0.002375
9.540000E-8	0.002234
9.545000E-8	0.002227
9.550000E-8	0.002227
9.555000E-8	0.002234
9.560000E-8	0.002203
9.565000E-8	0.002297
9.570000E-8	0.002195
9.575000E-8	0.002234
9.580000E-8	0.002195
9.585000E-8	0.002406
9.590000E-8	0.002344
9.595000E-8	0.002375
9.600000E-8	0.002133
9.605000E-8	0.002250
9.610000E-8	0.002242
9.615000E-8	0.002531
9.620000E-8	0.002633
9.625000E-8	0.002578
9.630000E-8	0.002453
9.635000E-8	0.002414
9.640000E-8	0.002391
9.645000E-8	0.002570
9.650000E-8	0.002430
9.655000E-8	0.002437
9.660000E-8	0.002453
9.665000E-8	0.002578
9.670000E-8	0.002477
9.675000E-8	0.002500
9.680000E-8	0.002297
9.685000E-8	0.002391
9.690000E-8	0.002414
9.695000E-8	0.002344
9.700000E-8	0.002086
9.705000E-8	0.002352
9.710000E-8	0.002375
9.715000E-8	0.002398
9.720000E-8	0.002305
9.725000E-8	0.002320
9.730000E-8	0.002125
9.735000E-8	0.002328
9.740000E-8	0.002359
9.745000E-8	0.002242
9.750000E-8	0.002305
9.755000E-8	0.002437
9.760000E-8	0.002453
9.765000E-8	0.002594
9.770000E-8	0.002383
9.775000E-8	0.002547
9.780000E-8	0.002422
9.785000E-8	0.002500
9.790000E-8	0.002461
9.795000E-8	0.002563
9.800000E-8	0.002594
9.805000E-8	0.002469
9.810000E-8	0.002414
9.815000E-8	0.002633
9.820000E-8	0.002555
9.825000E-8	0.002617
9.830000E-8	0.002477
9.835000E-8	0.002445
9.840000E-8	0.002656
9.845000E-8	0.002844
9.850000E-8	0.002758
9.855000E-8	0.002719
9.860000E-8	0.002695
9.865000E-8	0.002492
9.870000E-8	0.002508
9.875000E-8	0.002586
9.880000E-8	0.002508
9.885000E-8	0.002641
9.890000E-8	0.002461
9.895000E-8	0.002555
9.900000E-8	0.002375
9.905000E-8	0.002406
9.910000E-8	0.002141
9.915000E-8	0.002063
9.920000E-8	0.002242
9.925000E-8	0.002297
9.930000E-8	0.002336
9.935000E-8	0.002508
9.940000E-8	0.002445
9.945000E-8	0.002734
9.950000E-8	0.002516
9.955000E-8	0.002781
9.960000E-8	0.002680
9.965000E-8	0.002594
9.970000E-8	0.002656
9.975000E-8	0.002508
9.980000E-8	0.002422
9.985000E-8	0.002445
9.990000E-8	0.002344
9.995000E-8	0.002281
