LabVIEW Measurement	
Writer_Version	2
Reader_Version	2
Separator	Tab
Decimal_Separator	.
Multi_Headings	No
X_Columns	Multi
Time_Pref	Relative
Operator	TG lab
Date	2015/03/06
Time	16:04:46.1723122596740722656
***End_of_Header***	
	
Channels	1	
Samples	2000	
Date	1903/12/31	
Time	19:00:00	
X_Dimension	Time	
X0	0.0000000000000000E+0	
Delta_X	5.000000E-11	
***End_of_Header***		
X_Value	Untitled	Comment
0.000000	0.002116
5.000000E-11	0.002216
1.000000E-10	0.002259
1.500000E-10	0.002300
2.000000E-10	0.002269
2.500000E-10	0.002213
3.000000E-10	0.002069
3.500000E-10	0.002019
4.000000E-10	0.001963
4.500000E-10	0.002075
5.000000E-10	0.002078
5.500000E-10	0.002153
6.000000E-10	0.002216
6.500000E-10	0.002375
7.000000E-10	0.002441
7.500000E-10	0.002569
8.000000E-10	0.002691
8.500000E-10	0.002684
9.000000E-10	0.002625
9.500000E-10	0.002681
1.000000E-9	0.002544
1.050000E-9	0.002566
1.100000E-9	0.002331
1.150000E-9	0.002225
1.200000E-9	0.002175
1.250000E-9	0.002116
1.300000E-9	0.002066
1.350000E-9	0.002116
1.400000E-9	0.002269
1.450000E-9	0.002331
1.500000E-9	0.002372
1.550000E-9	0.002278
1.600000E-9	0.002363
1.650000E-9	0.002344
1.700000E-9	0.002331
1.750000E-9	0.002544
1.800000E-9	0.002463
1.850000E-9	0.002456
1.900000E-9	0.002388
1.950000E-9	0.002453
2.000000E-9	0.002441
2.050000E-9	0.002478
2.100000E-9	0.002269
2.150000E-9	0.002225
2.200000E-9	0.002106
2.250000E-9	0.002178
2.300000E-9	0.002103
2.350000E-9	0.002131
2.400000E-9	0.002222
2.450000E-9	0.002234
2.500000E-9	0.002162
2.550000E-9	0.002263
2.600000E-9	0.002191
2.650000E-9	0.002191
2.700000E-9	0.002259
2.750000E-9	0.002281
2.800000E-9	0.002216
2.850000E-9	0.002194
2.900000E-9	0.002266
2.950000E-9	0.002259
3.000000E-9	0.002225
3.050000E-9	0.002231
3.100000E-9	0.002356
3.150000E-9	0.002428
3.200000E-9	0.002450
3.250000E-9	0.002419
3.300000E-9	0.002425
3.350000E-9	0.002400
3.400000E-9	0.002434
3.450000E-9	0.002416
3.500000E-9	0.002456
3.550000E-9	0.002500
3.600000E-9	0.002481
3.650000E-9	0.002512
3.700000E-9	0.002266
3.750000E-9	0.002325
3.800000E-9	0.002206
3.850000E-9	0.002162
3.900000E-9	0.002200
3.950000E-9	0.002162
4.000000E-9	0.002278
4.050000E-9	0.002241
4.100000E-9	0.002375
4.150000E-9	0.002538
4.200000E-9	0.002634
4.250000E-9	0.002700
4.300000E-9	0.002728
4.350000E-9	0.002891
4.400000E-9	0.002825
4.450000E-9	0.002847
4.500000E-9	0.002906
4.550000E-9	0.002900
4.600000E-9	0.002741
4.650000E-9	0.002809
4.700000E-9	0.002728
4.750000E-9	0.002775
4.800000E-9	0.002713
4.850000E-9	0.002744
4.900000E-9	0.002741
4.950000E-9	0.002703
5.000000E-9	0.002631
5.050000E-9	0.002659
5.100000E-9	0.002559
5.150000E-9	0.002678
5.200000E-9	0.002756
5.250000E-9	0.002691
5.300000E-9	0.002750
5.350000E-9	0.002791
5.400000E-9	0.002744
5.450000E-9	0.002737
5.500000E-9	0.002844
5.550000E-9	0.003019
5.600000E-9	0.003056
5.650000E-9	0.003075
5.700000E-9	0.003109
5.750000E-9	0.003191
5.800000E-9	0.003200
5.850000E-9	0.003350
5.900000E-9	0.003347
5.950000E-9	0.003481
6.000000E-9	0.003450
6.050000E-9	0.003475
6.100000E-9	0.003478
6.150000E-9	0.003381
6.200000E-9	0.003369
6.250000E-9	0.003394
6.300000E-9	0.003366
6.350000E-9	0.003322
6.400000E-9	0.003234
6.450000E-9	0.003356
6.500000E-9	0.003331
6.550000E-9	0.003244
6.600000E-9	0.003356
6.650000E-9	0.003516
6.700000E-9	0.003463
6.750000E-9	0.003591
6.800000E-9	0.003741
6.850000E-9	0.003997
6.900000E-9	0.004106
6.950000E-9	0.004316
7.000000E-9	0.004522
7.050000E-9	0.004734
7.100000E-9	0.005006
7.150000E-9	0.005294
7.200000E-9	0.005631
7.250000E-9	0.006172
7.300000E-9	0.006634
7.350000E-9	0.007316
7.400000E-9	0.008094
7.450000E-9	0.009200
7.500000E-9	0.010419
7.550000E-9	0.011853
7.600000E-9	0.013175
7.650000E-9	0.014756
7.700000E-9	0.016397
7.750000E-9	0.017938
7.800000E-9	0.019353
7.850000E-9	0.020859
7.900000E-9	0.022147
7.950000E-9	0.023534
8.000000E-9	0.024775
8.050000E-9	0.026144
8.100000E-9	0.027306
8.150000E-9	0.028600
8.200000E-9	0.029766
8.250000E-9	0.030881
8.300000E-9	0.031838
8.350000E-9	0.032594
8.400000E-9	0.033100
8.450000E-9	0.033200
8.500000E-9	0.032947
8.550000E-9	0.032428
8.600000E-9	0.031275
8.650000E-9	0.029841
8.700000E-9	0.028063
8.750000E-9	0.026241
8.800000E-9	0.024275
8.850000E-9	0.022328
8.900000E-9	0.020563
8.950000E-9	0.019006
9.000000E-9	0.017931
9.050000E-9	0.017334
9.100000E-9	0.017038
9.150000E-9	0.017122
9.200000E-9	0.017522
9.250000E-9	0.018044
9.300000E-9	0.018716
9.350000E-9	0.019222
9.400000E-9	0.019744
9.450000E-9	0.019922
9.500000E-9	0.019669
9.550000E-9	0.019331
9.600000E-9	0.018641
9.650000E-9	0.017684
9.700000E-9	0.016356
9.750000E-9	0.014944
9.800000E-9	0.013544
9.850000E-9	0.012169
9.900000E-9	0.011137
9.950000E-9	0.010328
1.000000E-8	0.009759
1.005000E-8	0.009553
1.010000E-8	0.009653
1.015000E-8	0.010075
1.020000E-8	0.010528
1.025000E-8	0.011225
1.030000E-8	0.011847
1.035000E-8	0.012331
1.040000E-8	0.012766
1.045000E-8	0.013028
1.050000E-8	0.012978
1.055000E-8	0.012644
1.060000E-8	0.012097
1.065000E-8	0.011303
1.070000E-8	0.010316
1.075000E-8	0.009347
1.080000E-8	0.008459
1.085000E-8	0.007622
1.090000E-8	0.006931
1.095000E-8	0.006372
1.100000E-8	0.006063
1.105000E-8	0.006116
1.110000E-8	0.006406
1.115000E-8	0.006859
1.120000E-8	0.007387
1.125000E-8	0.008084
1.130000E-8	0.008825
1.135000E-8	0.009478
1.140000E-8	0.009794
1.145000E-8	0.010009
1.150000E-8	0.009891
1.155000E-8	0.009791
1.160000E-8	0.009191
1.165000E-8	0.008438
1.170000E-8	0.007631
1.175000E-8	0.006713
1.180000E-8	0.005809
1.185000E-8	0.005003
1.190000E-8	0.004491
1.195000E-8	0.004216
1.200000E-8	0.004009
1.205000E-8	0.004038
1.210000E-8	0.004397
1.215000E-8	0.004881
1.220000E-8	0.005475
1.225000E-8	0.006034
1.230000E-8	0.006553
1.235000E-8	0.007078
1.240000E-8	0.007409
1.245000E-8	0.007666
1.250000E-8	0.007656
1.255000E-8	0.007397
1.260000E-8	0.006872
1.265000E-8	0.006356
1.270000E-8	0.005600
1.275000E-8	0.004947
1.280000E-8	0.004269
1.285000E-8	0.003622
1.290000E-8	0.003122
1.295000E-8	0.002650
1.300000E-8	0.002525
1.305000E-8	0.002603
1.310000E-8	0.002997
1.315000E-8	0.003422
1.320000E-8	0.003931
1.325000E-8	0.004581
1.330000E-8	0.005216
1.335000E-8	0.005831
1.340000E-8	0.006288
1.345000E-8	0.006509
1.350000E-8	0.006575
1.355000E-8	0.006519
1.360000E-8	0.005991
1.365000E-8	0.005375
1.370000E-8	0.004616
1.375000E-8	0.003978
1.380000E-8	0.003103
1.385000E-8	0.002475
1.390000E-8	0.001834
1.395000E-8	0.001525
1.400000E-8	0.001478
1.405000E-8	0.001550
1.410000E-8	0.001978
1.415000E-8	0.002569
1.420000E-8	0.003203
1.425000E-8	0.003969
1.430000E-8	0.004556
1.435000E-8	0.005341
1.440000E-8	0.005566
1.445000E-8	0.005991
1.450000E-8	0.006025
1.455000E-8	0.005734
1.460000E-8	0.005078
1.465000E-8	0.004434
1.470000E-8	0.003572
1.475000E-8	0.002606
1.480000E-8	0.001800
1.485000E-8	0.001169
1.490000E-8	0.000775
1.495000E-8	0.000516
1.500000E-8	0.000534
1.505000E-8	0.000841
1.510000E-8	0.001381
1.515000E-8	0.002113
1.520000E-8	0.002966
1.525000E-8	0.003716
1.530000E-8	0.004372
1.535000E-8	0.005059
1.540000E-8	0.005450
1.545000E-8	0.005509
1.550000E-8	0.005359
1.555000E-8	0.004966
1.560000E-8	0.004309
1.565000E-8	0.003491
1.570000E-8	0.002694
1.575000E-8	0.001891
1.580000E-8	0.001116
1.585000E-8	0.000603
1.590000E-8	0.000181
1.595000E-8	0.000184
1.600000E-8	0.000441
1.605000E-8	0.000956
1.610000E-8	0.001713
1.615000E-8	0.002759
1.620000E-8	0.003609
1.625000E-8	0.004397
1.630000E-8	0.005041
1.635000E-8	0.005591
1.640000E-8	0.005747
1.645000E-8	0.005641
1.650000E-8	0.005188
1.655000E-8	0.004719
1.660000E-8	0.003850
1.665000E-8	0.002953
1.670000E-8	0.002113
1.675000E-8	0.001441
1.680000E-8	0.000763
1.685000E-8	0.000494
1.690000E-8	0.000491
1.695000E-8	0.000675
1.700000E-8	0.001116
1.705000E-8	0.001825
1.710000E-8	0.002509
1.715000E-8	0.003288
1.720000E-8	0.003969
1.725000E-8	0.004569
1.730000E-8	0.004953
1.735000E-8	0.005131
1.740000E-8	0.005025
1.745000E-8	0.004769
1.750000E-8	0.004291
1.755000E-8	0.003594
1.760000E-8	0.002866
1.765000E-8	0.002150
1.770000E-8	0.001453
1.775000E-8	0.000981
1.780000E-8	0.000638
1.785000E-8	0.000381
1.790000E-8	0.000431
1.795000E-8	0.000609
1.800000E-8	0.001034
1.805000E-8	0.001622
1.810000E-8	0.002172
1.815000E-8	0.002875
1.820000E-8	0.003488
1.825000E-8	0.004112
1.830000E-8	0.004347
1.835000E-8	0.004481
1.840000E-8	0.004369
1.845000E-8	0.004038
1.850000E-8	0.003547
1.855000E-8	0.002947
1.860000E-8	0.002253
1.865000E-8	0.001644
1.870000E-8	0.001038
1.875000E-8	0.000822
1.880000E-8	0.000566
1.885000E-8	0.000669
1.890000E-8	0.000722
1.895000E-8	0.001147
1.900000E-8	0.001644
1.905000E-8	0.002184
1.910000E-8	0.002906
1.915000E-8	0.003494
1.920000E-8	0.004044
1.925000E-8	0.004375
1.930000E-8	0.004653
1.935000E-8	0.004734
1.940000E-8	0.004625
1.945000E-8	0.004237
1.950000E-8	0.003716
1.955000E-8	0.003006
1.960000E-8	0.002356
1.965000E-8	0.001759
1.970000E-8	0.001156
1.975000E-8	0.000856
1.980000E-8	0.000663
1.985000E-8	0.000803
1.990000E-8	0.000981
1.995000E-8	0.001331
2.000000E-8	0.001916
2.005000E-8	0.002550
2.010000E-8	0.003175
2.015000E-8	0.003809
2.020000E-8	0.004237
2.025000E-8	0.004581
2.030000E-8	0.004647
2.035000E-8	0.004537
2.040000E-8	0.004250
2.045000E-8	0.003828
2.050000E-8	0.003194
2.055000E-8	0.002606
2.060000E-8	0.002134
2.065000E-8	0.001522
2.070000E-8	0.001003
2.075000E-8	0.000688
2.080000E-8	0.000612
2.085000E-8	0.000728
2.090000E-8	0.000838
2.095000E-8	0.001213
2.100000E-8	0.001791
2.105000E-8	0.002397
2.110000E-8	0.002963
2.115000E-8	0.003494
2.120000E-8	0.003969
2.125000E-8	0.004200
2.130000E-8	0.004244
2.135000E-8	0.004203
2.140000E-8	0.003769
2.145000E-8	0.003272
2.150000E-8	0.002691
2.155000E-8	0.002094
2.160000E-8	0.001538
2.165000E-8	0.001072
2.170000E-8	0.000716
2.175000E-8	0.000478
2.180000E-8	0.000453
2.185000E-8	0.000503
2.190000E-8	0.000716
2.195000E-8	0.001353
2.200000E-8	0.001831
2.205000E-8	0.002584
2.210000E-8	0.003047
2.215000E-8	0.003753
2.220000E-8	0.004166
2.225000E-8	0.004384
2.230000E-8	0.004344
2.235000E-8	0.004141
2.240000E-8	0.003809
2.245000E-8	0.003275
2.250000E-8	0.002594
2.255000E-8	0.002075
2.260000E-8	0.001569
2.265000E-8	0.001091
2.270000E-8	0.000675
2.275000E-8	0.000481
2.280000E-8	0.000516
2.285000E-8	0.000775
2.290000E-8	0.001222
2.295000E-8	0.001844
2.300000E-8	0.002378
2.305000E-8	0.003144
2.310000E-8	0.003706
2.315000E-8	0.004281
2.320000E-8	0.004556
2.325000E-8	0.004697
2.330000E-8	0.004547
2.335000E-8	0.004075
2.340000E-8	0.003534
2.345000E-8	0.002847
2.350000E-8	0.002256
2.355000E-8	0.001488
2.360000E-8	0.000791
2.365000E-8	0.000441
2.370000E-8	0.000206
2.375000E-8	0.000378
2.380000E-8	0.000488
2.385000E-8	0.000791
2.390000E-8	0.001200
2.395000E-8	0.001856
2.400000E-8	0.002406
2.405000E-8	0.002931
2.410000E-8	0.003334
2.415000E-8	0.003700
2.420000E-8	0.003734
2.425000E-8	0.003650
2.430000E-8	0.003313
2.435000E-8	0.002988
2.440000E-8	0.002450
2.445000E-8	0.001716
2.450000E-8	0.001094
2.455000E-8	0.000606
2.460000E-8	0.000100
2.465000E-8	-5.937500E-5
2.470000E-8	-0.000253
2.475000E-8	-0.000134
2.480000E-8	0.000244
2.485000E-8	0.000809
2.490000E-8	0.001425
2.495000E-8	0.002228
2.500000E-8	0.002884
2.505000E-8	0.003456
2.510000E-8	0.003938
2.515000E-8	0.004191
2.520000E-8	0.004297
2.525000E-8	0.004034
2.530000E-8	0.003638
2.535000E-8	0.003178
2.540000E-8	0.002600
2.545000E-8	0.001944
2.550000E-8	0.001263
2.555000E-8	0.001056
2.560000E-8	0.000784
2.565000E-8	0.000791
2.570000E-8	0.000828
2.575000E-8	0.001012
2.580000E-8	0.001359
2.585000E-8	0.001766
2.590000E-8	0.002316
2.595000E-8	0.002872
2.600000E-8	0.003347
2.605000E-8	0.003663
2.610000E-8	0.003872
2.615000E-8	0.003838
2.620000E-8	0.003691
2.625000E-8	0.003544
2.630000E-8	0.003156
2.635000E-8	0.002713
2.640000E-8	0.002131
2.645000E-8	0.001569
2.650000E-8	0.001134
2.655000E-8	0.000750
2.660000E-8	0.000434
2.665000E-8	0.000372
2.670000E-8	0.000500
2.675000E-8	0.000853
2.680000E-8	0.001022
2.685000E-8	0.001516
2.690000E-8	0.001981
2.695000E-8	0.002594
2.700000E-8	0.002959
2.705000E-8	0.003256
2.710000E-8	0.003422
2.715000E-8	0.003463
2.720000E-8	0.003278
2.725000E-8	0.003125
2.730000E-8	0.002753
2.735000E-8	0.002353
2.740000E-8	0.001809
2.745000E-8	0.001341
2.750000E-8	0.000878
2.755000E-8	0.000684
2.760000E-8	0.000534
2.765000E-8	0.000672
2.770000E-8	0.000875
2.775000E-8	0.001219
2.780000E-8	0.001559
2.785000E-8	0.002113
2.790000E-8	0.002603
2.795000E-8	0.003091
2.800000E-8	0.003441
2.805000E-8	0.003688
2.810000E-8	0.003772
2.815000E-8	0.003750
2.820000E-8	0.003488
2.825000E-8	0.003081
2.830000E-8	0.002681
2.835000E-8	0.002259
2.840000E-8	0.001844
2.845000E-8	0.001369
2.850000E-8	0.001028
2.855000E-8	0.000897
2.860000E-8	0.000841
2.865000E-8	0.000953
2.870000E-8	0.001150
2.875000E-8	0.001628
2.880000E-8	0.001994
2.885000E-8	0.002572
2.890000E-8	0.002969
2.895000E-8	0.003359
2.900000E-8	0.003653
2.905000E-8	0.003800
2.910000E-8	0.003722
2.915000E-8	0.003738
2.920000E-8	0.003309
2.925000E-8	0.002928
2.930000E-8	0.002494
2.935000E-8	0.002066
2.940000E-8	0.001619
2.945000E-8	0.001309
2.950000E-8	0.000863
2.955000E-8	0.000825
2.960000E-8	0.000772
2.965000E-8	0.000950
2.970000E-8	0.001222
2.975000E-8	0.001759
2.980000E-8	0.002059
2.985000E-8	0.002541
2.990000E-8	0.002931
2.995000E-8	0.003363
3.000000E-8	0.003613
3.005000E-8	0.003594
3.010000E-8	0.003522
3.015000E-8	0.003456
3.020000E-8	0.003100
3.025000E-8	0.002656
3.030000E-8	0.002153
3.035000E-8	0.001800
3.040000E-8	0.001319
3.045000E-8	0.000938
3.050000E-8	0.000666
3.055000E-8	0.000716
3.060000E-8	0.000850
3.065000E-8	0.001131
3.070000E-8	0.001534
3.075000E-8	0.002044
3.080000E-8	0.002353
3.085000E-8	0.002900
3.090000E-8	0.003275
3.095000E-8	0.003569
3.100000E-8	0.003578
3.105000E-8	0.003650
3.110000E-8	0.003556
3.115000E-8	0.003253
3.120000E-8	0.002925
3.125000E-8	0.002541
3.130000E-8	0.002141
3.135000E-8	0.001794
3.140000E-8	0.001500
3.145000E-8	0.001228
3.150000E-8	0.000966
3.155000E-8	0.000909
3.160000E-8	0.001109
3.165000E-8	0.001341
3.170000E-8	0.001691
3.175000E-8	0.002159
3.180000E-8	0.002541
3.185000E-8	0.002950
3.190000E-8	0.003216
3.195000E-8	0.003341
3.200000E-8	0.003500
3.205000E-8	0.003484
3.210000E-8	0.003175
3.215000E-8	0.002938
3.220000E-8	0.002544
3.225000E-8	0.002141
3.230000E-8	0.001763
3.235000E-8	0.001375
3.240000E-8	0.001156
3.245000E-8	0.001028
3.250000E-8	0.001034
3.255000E-8	0.001122
3.260000E-8	0.001263
3.265000E-8	0.001491
3.270000E-8	0.001931
3.275000E-8	0.002288
3.280000E-8	0.002547
3.285000E-8	0.002816
3.290000E-8	0.003044
3.295000E-8	0.003044
3.300000E-8	0.002978
3.305000E-8	0.002900
3.310000E-8	0.002784
3.315000E-8	0.002550
3.320000E-8	0.002231
3.325000E-8	0.001894
3.330000E-8	0.001528
3.335000E-8	0.001347
3.340000E-8	0.001125
3.345000E-8	0.001028
3.350000E-8	0.000981
3.355000E-8	0.001069
3.360000E-8	0.001347
3.365000E-8	0.001772
3.370000E-8	0.002103
3.375000E-8	0.002456
3.380000E-8	0.002906
3.385000E-8	0.003269
3.390000E-8	0.003353
3.395000E-8	0.003406
3.400000E-8	0.003450
3.405000E-8	0.003319
3.410000E-8	0.003138
3.415000E-8	0.002753
3.420000E-8	0.002328
3.425000E-8	0.001991
3.430000E-8	0.001644
3.435000E-8	0.001369
3.440000E-8	0.001250
3.445000E-8	0.001263
3.450000E-8	0.001247
3.455000E-8	0.001322
3.460000E-8	0.001638
3.465000E-8	0.001959
3.470000E-8	0.002247
3.475000E-8	0.002688
3.480000E-8	0.002856
3.485000E-8	0.003044
3.490000E-8	0.003247
3.495000E-8	0.003309
3.500000E-8	0.003081
3.505000E-8	0.002884
3.510000E-8	0.002541
3.515000E-8	0.002119
3.520000E-8	0.001731
3.525000E-8	0.001509
3.530000E-8	0.001294
3.535000E-8	0.001216
3.540000E-8	0.001156
3.545000E-8	0.001181
3.550000E-8	0.001391
3.555000E-8	0.001756
3.560000E-8	0.001922
3.565000E-8	0.002244
3.570000E-8	0.002625
3.575000E-8	0.002938
3.580000E-8	0.003072
3.585000E-8	0.003162
3.590000E-8	0.003134
3.595000E-8	0.003244
3.600000E-8	0.003150
3.605000E-8	0.002925
3.610000E-8	0.002644
3.615000E-8	0.002278
3.620000E-8	0.001991
3.625000E-8	0.001628
3.630000E-8	0.001434
3.635000E-8	0.001266
3.640000E-8	0.001144
3.645000E-8	0.001156
3.650000E-8	0.001319
3.655000E-8	0.001581
3.660000E-8	0.001850
3.665000E-8	0.002156
3.670000E-8	0.002413
3.675000E-8	0.002716
3.680000E-8	0.003006
3.685000E-8	0.003150
3.690000E-8	0.003284
3.695000E-8	0.003222
3.700000E-8	0.003122
3.705000E-8	0.002791
3.710000E-8	0.002469
3.715000E-8	0.002113
3.720000E-8	0.001803
3.725000E-8	0.001453
3.730000E-8	0.001209
3.735000E-8	0.001169
3.740000E-8	0.001194
3.745000E-8	0.001234
3.750000E-8	0.001219
3.755000E-8	0.001491
3.760000E-8	0.001809
3.765000E-8	0.002247
3.770000E-8	0.002509
3.775000E-8	0.002884
3.780000E-8	0.003144
3.785000E-8	0.003216
3.790000E-8	0.003241
3.795000E-8	0.003172
3.800000E-8	0.002969
3.805000E-8	0.002678
3.810000E-8	0.002281
3.815000E-8	0.001866
3.820000E-8	0.001416
3.825000E-8	0.001147
3.830000E-8	0.001094
3.835000E-8	0.001094
3.840000E-8	0.001147
3.845000E-8	0.001294
3.850000E-8	0.001491
3.855000E-8	0.001778
3.860000E-8	0.002056
3.865000E-8	0.002381
3.870000E-8	0.002728
3.875000E-8	0.002853
3.880000E-8	0.003025
3.885000E-8	0.003075
3.890000E-8	0.002897
3.895000E-8	0.002809
3.900000E-8	0.002697
3.905000E-8	0.002488
3.910000E-8	0.002216
3.915000E-8	0.001975
3.920000E-8	0.001747
3.925000E-8	0.001647
3.930000E-8	0.001347
3.935000E-8	0.001356
3.940000E-8	0.001425
3.945000E-8	0.001678
3.950000E-8	0.001803
3.955000E-8	0.002053
3.960000E-8	0.002463
3.965000E-8	0.002800
3.970000E-8	0.003094
3.975000E-8	0.003344
3.980000E-8	0.003403
3.985000E-8	0.003400
3.990000E-8	0.003269
3.995000E-8	0.003206
4.000000E-8	0.002950
4.005000E-8	0.002641
4.010000E-8	0.002197
4.015000E-8	0.001863
4.020000E-8	0.001584
4.025000E-8	0.001362
4.030000E-8	0.001228
4.035000E-8	0.001350
4.040000E-8	0.001453
4.045000E-8	0.001706
4.050000E-8	0.002100
4.055000E-8	0.002472
4.060000E-8	0.002716
4.065000E-8	0.003028
4.070000E-8	0.003153
4.075000E-8	0.003259
4.080000E-8	0.003291
4.085000E-8	0.003206
4.090000E-8	0.002997
4.095000E-8	0.002828
4.100000E-8	0.002372
4.105000E-8	0.002162
4.110000E-8	0.001747
4.115000E-8	0.001597
4.120000E-8	0.001391
4.125000E-8	0.001369
4.130000E-8	0.001450
4.135000E-8	0.001513
4.140000E-8	0.001672
4.145000E-8	0.001966
4.150000E-8	0.002272
4.155000E-8	0.002484
4.160000E-8	0.002675
4.165000E-8	0.002872
4.170000E-8	0.003050
4.175000E-8	0.003081
4.180000E-8	0.003072
4.185000E-8	0.003031
4.190000E-8	0.002869
4.195000E-8	0.002734
4.200000E-8	0.002441
4.205000E-8	0.002269
4.210000E-8	0.002094
4.215000E-8	0.001863
4.220000E-8	0.001728
4.225000E-8	0.001772
4.230000E-8	0.001700
4.235000E-8	0.001847
4.240000E-8	0.002075
4.245000E-8	0.002209
4.250000E-8	0.002353
4.255000E-8	0.002478
4.260000E-8	0.002547
4.265000E-8	0.002775
4.270000E-8	0.002950
4.275000E-8	0.003081
4.280000E-8	0.002944
4.285000E-8	0.002737
4.290000E-8	0.002653
4.295000E-8	0.002497
4.300000E-8	0.002138
4.305000E-8	0.001956
4.310000E-8	0.001706
4.315000E-8	0.001481
4.320000E-8	0.001459
4.325000E-8	0.001331
4.330000E-8	0.001403
4.335000E-8	0.001622
4.340000E-8	0.001772
4.345000E-8	0.002075
4.350000E-8	0.002375
4.355000E-8	0.002675
4.360000E-8	0.002909
4.365000E-8	0.003144
4.370000E-8	0.003231
4.375000E-8	0.003184
4.380000E-8	0.003162
4.385000E-8	0.003025
4.390000E-8	0.002734
4.395000E-8	0.002497
4.400000E-8	0.002231
4.405000E-8	0.002106
4.410000E-8	0.001809
4.415000E-8	0.001659
4.420000E-8	0.001612
4.425000E-8	0.001581
4.430000E-8	0.001584
4.435000E-8	0.001872
4.440000E-8	0.002041
4.445000E-8	0.002341
4.450000E-8	0.002628
4.455000E-8	0.002959
4.460000E-8	0.003050
4.465000E-8	0.003150
4.470000E-8	0.003166
4.475000E-8	0.003225
4.480000E-8	0.002884
4.485000E-8	0.002763
4.490000E-8	0.002575
4.495000E-8	0.002147
4.500000E-8	0.001866
4.505000E-8	0.001634
4.510000E-8	0.001491
4.515000E-8	0.001409
4.520000E-8	0.001437
4.525000E-8	0.001513
4.530000E-8	0.001675
4.535000E-8	0.002022
4.540000E-8	0.002172
4.545000E-8	0.002631
4.550000E-8	0.002872
4.555000E-8	0.003019
4.560000E-8	0.003050
4.565000E-8	0.003031
4.570000E-8	0.002847
4.575000E-8	0.002622
4.580000E-8	0.002291
4.585000E-8	0.002087
4.590000E-8	0.001784
4.595000E-8	0.001550
4.600000E-8	0.001450
4.605000E-8	0.001353
4.610000E-8	0.001362
4.615000E-8	0.001338
4.620000E-8	0.001447
4.625000E-8	0.001703
4.630000E-8	0.001828
4.635000E-8	0.002031
4.640000E-8	0.002328
4.645000E-8	0.002553
4.650000E-8	0.002750
4.655000E-8	0.002991
4.660000E-8	0.003000
4.665000E-8	0.003069
4.670000E-8	0.002956
4.675000E-8	0.002925
4.680000E-8	0.002728
4.685000E-8	0.002419
4.690000E-8	0.002269
4.695000E-8	0.002087
4.700000E-8	0.001803
4.705000E-8	0.001694
4.710000E-8	0.001553
4.715000E-8	0.001625
4.720000E-8	0.001653
4.725000E-8	0.001828
4.730000E-8	0.001947
4.735000E-8	0.002069
4.740000E-8	0.002272
4.745000E-8	0.002434
4.750000E-8	0.002475
4.755000E-8	0.002534
4.760000E-8	0.002597
4.765000E-8	0.002650
4.770000E-8	0.002494
4.775000E-8	0.002497
4.780000E-8	0.002384
4.785000E-8	0.002244
4.790000E-8	0.002047
4.795000E-8	0.001947
4.800000E-8	0.001869
4.805000E-8	0.001775
4.810000E-8	0.001706
4.815000E-8	0.001728
4.820000E-8	0.001888
4.825000E-8	0.001863
4.830000E-8	0.001903
4.835000E-8	0.002256
4.840000E-8	0.002322
4.845000E-8	0.002413
4.850000E-8	0.002500
4.855000E-8	0.002650
4.860000E-8	0.002678
4.865000E-8	0.002619
4.870000E-8	0.002597
4.875000E-8	0.002553
4.880000E-8	0.002431
4.885000E-8	0.002328
4.890000E-8	0.002075
4.895000E-8	0.001853
4.900000E-8	0.001694
4.905000E-8	0.001522
4.910000E-8	0.001378
4.915000E-8	0.001578
4.920000E-8	0.001750
4.925000E-8	0.001803
4.930000E-8	0.001984
4.935000E-8	0.002409
4.940000E-8	0.002659
4.945000E-8	0.002822
4.950000E-8	0.002875
4.955000E-8	0.003038
4.960000E-8	0.003128
4.965000E-8	0.003072
4.970000E-8	0.002963
4.975000E-8	0.002872
4.980000E-8	0.002619
4.985000E-8	0.002512
4.990000E-8	0.002309
4.995000E-8	0.002291
5.000000E-8	0.002119
5.005000E-8	0.002050
5.010000E-8	0.002072
5.015000E-8	0.002194
5.020000E-8	0.002237
5.025000E-8	0.002394
5.030000E-8	0.002447
5.035000E-8	0.002422
5.040000E-8	0.002491
5.045000E-8	0.002634
5.050000E-8	0.002563
5.055000E-8	0.002587
5.060000E-8	0.002356
5.065000E-8	0.002356
5.070000E-8	0.002231
5.075000E-8	0.002106
5.080000E-8	0.002019
5.085000E-8	0.001941
5.090000E-8	0.001866
5.095000E-8	0.001816
5.100000E-8	0.001769
5.105000E-8	0.001856
5.110000E-8	0.001859
5.115000E-8	0.001941
5.120000E-8	0.002038
5.125000E-8	0.002184
5.130000E-8	0.002313
5.135000E-8	0.002444
5.140000E-8	0.002484
5.145000E-8	0.002656
5.150000E-8	0.002603
5.155000E-8	0.002700
5.160000E-8	0.002534
5.165000E-8	0.002444
5.170000E-8	0.002269
5.175000E-8	0.002181
5.180000E-8	0.001944
5.185000E-8	0.001819
5.190000E-8	0.001631
5.195000E-8	0.001606
5.200000E-8	0.001612
5.205000E-8	0.001663
5.210000E-8	0.001606
5.215000E-8	0.001791
5.220000E-8	0.002006
5.225000E-8	0.002191
5.230000E-8	0.002344
5.235000E-8	0.002491
5.240000E-8	0.002569
5.245000E-8	0.002688
5.250000E-8	0.002722
5.255000E-8	0.002791
5.260000E-8	0.002703
5.265000E-8	0.002512
5.270000E-8	0.002472
5.275000E-8	0.002303
5.280000E-8	0.002028
5.285000E-8	0.001875
5.290000E-8	0.001722
5.295000E-8	0.001619
5.300000E-8	0.001625
5.305000E-8	0.001744
5.310000E-8	0.001719
5.315000E-8	0.001888
5.320000E-8	0.001997
5.325000E-8	0.002203
5.330000E-8	0.002313
5.335000E-8	0.002475
5.340000E-8	0.002616
5.345000E-8	0.002725
5.350000E-8	0.002662
5.355000E-8	0.002531
5.360000E-8	0.002497
5.365000E-8	0.002372
5.370000E-8	0.002159
5.375000E-8	0.001872
5.380000E-8	0.001694
5.385000E-8	0.001538
5.390000E-8	0.001478
5.395000E-8	0.001484
5.400000E-8	0.001534
5.405000E-8	0.001697
5.410000E-8	0.001800
5.415000E-8	0.002069
5.420000E-8	0.002113
5.425000E-8	0.002313
5.430000E-8	0.002512
5.435000E-8	0.002566
5.440000E-8	0.002616
5.445000E-8	0.002697
5.450000E-8	0.002606
5.455000E-8	0.002625
5.460000E-8	0.002484
5.465000E-8	0.002259
5.470000E-8	0.002094
5.475000E-8	0.002012
5.480000E-8	0.001934
5.485000E-8	0.001728
5.490000E-8	0.001750
5.495000E-8	0.001788
5.500000E-8	0.001863
5.505000E-8	0.001950
5.510000E-8	0.002084
5.515000E-8	0.002200
5.520000E-8	0.002331
5.525000E-8	0.002550
5.530000E-8	0.002519
5.535000E-8	0.002656
5.540000E-8	0.002519
5.545000E-8	0.002441
5.550000E-8	0.002278
5.555000E-8	0.002169
5.560000E-8	0.002009
5.565000E-8	0.002000
5.570000E-8	0.001897
5.575000E-8	0.001831
5.580000E-8	0.001716
5.585000E-8	0.001725
5.590000E-8	0.001616
5.595000E-8	0.001666
5.600000E-8	0.001522
5.605000E-8	0.001603
5.610000E-8	0.001622
5.615000E-8	0.001753
5.620000E-8	0.001809
5.625000E-8	0.001947
5.630000E-8	0.001984
5.635000E-8	0.002153
5.640000E-8	0.002200
5.645000E-8	0.002306
5.650000E-8	0.002344
5.655000E-8	0.002394
5.660000E-8	0.002316
5.665000E-8	0.002244
5.670000E-8	0.002159
5.675000E-8	0.001988
5.680000E-8	0.001756
5.685000E-8	0.001716
5.690000E-8	0.001700
5.695000E-8	0.001691
5.700000E-8	0.001691
5.705000E-8	0.001863
5.710000E-8	0.002087
5.715000E-8	0.002334
5.720000E-8	0.002472
5.725000E-8	0.002575
5.730000E-8	0.002675
5.735000E-8	0.002794
5.740000E-8	0.002756
5.745000E-8	0.002803
5.750000E-8	0.002619
5.755000E-8	0.002659
5.760000E-8	0.002547
5.765000E-8	0.002381
5.770000E-8	0.002234
5.775000E-8	0.002116
5.780000E-8	0.001981
5.785000E-8	0.001994
5.790000E-8	0.001919
5.795000E-8	0.001791
5.800000E-8	0.001944
5.805000E-8	0.001994
5.810000E-8	0.001947
5.815000E-8	0.002094
5.820000E-8	0.002150
5.825000E-8	0.002231
5.830000E-8	0.002294
5.835000E-8	0.002500
5.840000E-8	0.002484
5.845000E-8	0.002456
5.850000E-8	0.002391
5.855000E-8	0.002300
5.860000E-8	0.002200
5.865000E-8	0.002100
5.870000E-8	0.001919
5.875000E-8	0.001866
5.880000E-8	0.001750
5.885000E-8	0.001672
5.890000E-8	0.001666
5.895000E-8	0.001694
5.900000E-8	0.001597
5.905000E-8	0.001706
5.910000E-8	0.001872
5.915000E-8	0.002069
5.920000E-8	0.002213
5.925000E-8	0.002341
5.930000E-8	0.002309
5.935000E-8	0.002281
5.940000E-8	0.002278
5.945000E-8	0.002309
5.950000E-8	0.002009
5.955000E-8	0.001997
5.960000E-8	0.001869
5.965000E-8	0.001778
5.970000E-8	0.001584
5.975000E-8	0.001578
5.980000E-8	0.001625
5.985000E-8	0.001616
5.990000E-8	0.001597
5.995000E-8	0.001759
6.000000E-8	0.001750
6.005000E-8	0.001794
6.010000E-8	0.001900
6.015000E-8	0.002122
6.020000E-8	0.002181
6.025000E-8	0.002359
6.030000E-8	0.002409
6.035000E-8	0.002400
6.040000E-8	0.002500
6.045000E-8	0.002413
6.050000E-8	0.002437
6.055000E-8	0.002306
6.060000E-8	0.002162
6.065000E-8	0.002031
6.070000E-8	0.001869
6.075000E-8	0.001769
6.080000E-8	0.001775
6.085000E-8	0.001819
6.090000E-8	0.001800
6.095000E-8	0.001875
6.100000E-8	0.001972
6.105000E-8	0.002091
6.110000E-8	0.002169
6.115000E-8	0.002231
6.120000E-8	0.002431
6.125000E-8	0.002447
6.130000E-8	0.002406
6.135000E-8	0.002378
6.140000E-8	0.002263
6.145000E-8	0.002194
6.150000E-8	0.002113
6.155000E-8	0.002094
6.160000E-8	0.001884
6.165000E-8	0.001969
6.170000E-8	0.001875
6.175000E-8	0.002031
6.180000E-8	0.002016
6.185000E-8	0.002041
6.190000E-8	0.002059
6.195000E-8	0.002084
6.200000E-8	0.002156
6.205000E-8	0.002209
6.210000E-8	0.002225
6.215000E-8	0.002325
6.220000E-8	0.002256
6.225000E-8	0.002334
6.230000E-8	0.002306
6.235000E-8	0.002375
6.240000E-8	0.002253
6.245000E-8	0.002244
6.250000E-8	0.002306
6.255000E-8	0.002275
6.260000E-8	0.002184
6.265000E-8	0.002162
6.270000E-8	0.001953
6.275000E-8	0.001819
6.280000E-8	0.001922
6.285000E-8	0.002019
6.290000E-8	0.002081
6.295000E-8	0.002213
6.300000E-8	0.002303
6.305000E-8	0.002494
6.310000E-8	0.002628
6.315000E-8	0.002775
6.320000E-8	0.002825
6.325000E-8	0.002884
6.330000E-8	0.002759
6.335000E-8	0.002653
6.340000E-8	0.002434
6.345000E-8	0.002334
6.350000E-8	0.002219
6.355000E-8	0.002225
6.360000E-8	0.002069
6.365000E-8	0.002053
6.370000E-8	0.001931
6.375000E-8	0.001975
6.380000E-8	0.001847
6.385000E-8	0.001969
6.390000E-8	0.001963
6.395000E-8	0.002038
6.400000E-8	0.002066
6.405000E-8	0.002144
6.410000E-8	0.002228
6.415000E-8	0.002234
6.420000E-8	0.002338
6.425000E-8	0.002322
6.430000E-8	0.002422
6.435000E-8	0.002350
6.440000E-8	0.002300
6.445000E-8	0.002222
6.450000E-8	0.002200
6.455000E-8	0.002197
6.460000E-8	0.002128
6.465000E-8	0.001972
6.470000E-8	0.001925
6.475000E-8	0.001850
6.480000E-8	0.001813
6.485000E-8	0.001697
6.490000E-8	0.001803
6.495000E-8	0.001866
6.500000E-8	0.001909
6.505000E-8	0.002094
6.510000E-8	0.002119
6.515000E-8	0.002284
6.520000E-8	0.002303
6.525000E-8	0.002288
6.530000E-8	0.002306
6.535000E-8	0.002281
6.540000E-8	0.002216
6.545000E-8	0.002131
6.550000E-8	0.002025
6.555000E-8	0.002100
6.560000E-8	0.002100
6.565000E-8	0.002050
6.570000E-8	0.002000
6.575000E-8	0.001975
6.580000E-8	0.002103
6.585000E-8	0.002044
6.590000E-8	0.002169
6.595000E-8	0.002166
6.600000E-8	0.002266
6.605000E-8	0.002281
6.610000E-8	0.002381
6.615000E-8	0.002406
6.620000E-8	0.002450
6.625000E-8	0.002425
6.630000E-8	0.002466
6.635000E-8	0.002525
6.640000E-8	0.002531
6.645000E-8	0.002544
6.650000E-8	0.002456
6.655000E-8	0.002322
6.660000E-8	0.002241
6.665000E-8	0.002156
6.670000E-8	0.002175
6.675000E-8	0.002191
6.680000E-8	0.002175
6.685000E-8	0.002191
6.690000E-8	0.002334
6.695000E-8	0.002347
6.700000E-8	0.002359
6.705000E-8	0.002528
6.710000E-8	0.002616
6.715000E-8	0.002613
6.720000E-8	0.002538
6.725000E-8	0.002469
6.730000E-8	0.002350
6.735000E-8	0.002291
6.740000E-8	0.002162
6.745000E-8	0.002003
6.750000E-8	0.001800
6.755000E-8	0.001766
6.760000E-8	0.001728
6.765000E-8	0.001794
6.770000E-8	0.001803
6.775000E-8	0.001888
6.780000E-8	0.002066
6.785000E-8	0.002363
6.790000E-8	0.002428
6.795000E-8	0.002512
6.800000E-8	0.002516
6.805000E-8	0.002619
6.810000E-8	0.002616
6.815000E-8	0.002625
6.820000E-8	0.002528
6.825000E-8	0.002497
6.830000E-8	0.002416
6.835000E-8	0.002363
6.840000E-8	0.002197
6.845000E-8	0.002087
6.850000E-8	0.002025
6.855000E-8	0.002028
6.860000E-8	0.002016
6.865000E-8	0.002150
6.870000E-8	0.002188
6.875000E-8	0.002281
6.880000E-8	0.002397
6.885000E-8	0.002653
6.890000E-8	0.002678
6.895000E-8	0.002719
6.900000E-8	0.002744
6.905000E-8	0.002759
6.910000E-8	0.002587
6.915000E-8	0.002491
6.920000E-8	0.002441
6.925000E-8	0.002272
6.930000E-8	0.002025
6.935000E-8	0.001956
6.940000E-8	0.001959
6.945000E-8	0.001859
6.950000E-8	0.001828
6.955000E-8	0.001834
6.960000E-8	0.001922
6.965000E-8	0.001972
6.970000E-8	0.001959
6.975000E-8	0.002109
6.980000E-8	0.002159
6.985000E-8	0.002316
6.990000E-8	0.002341
6.995000E-8	0.002494
7.000000E-8	0.002453
7.005000E-8	0.002463
7.010000E-8	0.002466
7.015000E-8	0.002422
7.020000E-8	0.002253
7.025000E-8	0.002313
7.030000E-8	0.002184
7.035000E-8	0.001981
7.040000E-8	0.001969
7.045000E-8	0.001981
7.050000E-8	0.001844
7.055000E-8	0.001825
7.060000E-8	0.001716
7.065000E-8	0.001759
7.070000E-8	0.001856
7.075000E-8	0.001906
7.080000E-8	0.001875
7.085000E-8	0.001956
7.090000E-8	0.002172
7.095000E-8	0.002350
7.100000E-8	0.002447
7.105000E-8	0.002609
7.110000E-8	0.002662
7.115000E-8	0.002744
7.120000E-8	0.002766
7.125000E-8	0.002803
7.130000E-8	0.002541
7.135000E-8	0.002556
7.140000E-8	0.002363
7.145000E-8	0.002256
7.150000E-8	0.002066
7.155000E-8	0.001950
7.160000E-8	0.001803
7.165000E-8	0.001778
7.170000E-8	0.001800
7.175000E-8	0.001950
7.180000E-8	0.001925
7.185000E-8	0.002159
7.190000E-8	0.002269
7.195000E-8	0.002444
7.200000E-8	0.002519
7.205000E-8	0.002584
7.210000E-8	0.002591
7.215000E-8	0.002503
7.220000E-8	0.002522
7.225000E-8	0.002431
7.230000E-8	0.002375
7.235000E-8	0.002341
7.240000E-8	0.002288
7.245000E-8	0.002294
7.250000E-8	0.002225
7.255000E-8	0.002281
7.260000E-8	0.002209
7.265000E-8	0.002244
7.270000E-8	0.002166
7.275000E-8	0.002231
7.280000E-8	0.002219
7.285000E-8	0.002213
7.290000E-8	0.002328
7.295000E-8	0.002300
7.300000E-8	0.002284
7.305000E-8	0.002341
7.310000E-8	0.002397
7.315000E-8	0.002391
7.320000E-8	0.002456
7.325000E-8	0.002478
7.330000E-8	0.002456
7.335000E-8	0.002488
7.340000E-8	0.002241
7.345000E-8	0.002172
7.350000E-8	0.002031
7.355000E-8	0.002003
7.360000E-8	0.001966
7.365000E-8	0.001934
7.370000E-8	0.001894
7.375000E-8	0.001963
7.380000E-8	0.002106
7.385000E-8	0.002153
7.390000E-8	0.002219
7.395000E-8	0.002422
7.400000E-8	0.002509
7.405000E-8	0.002613
7.410000E-8	0.002631
7.415000E-8	0.002644
7.420000E-8	0.002544
7.425000E-8	0.002406
7.430000E-8	0.002259
7.435000E-8	0.002194
7.440000E-8	0.002056
7.445000E-8	0.001981
7.450000E-8	0.002025
7.455000E-8	0.002050
7.460000E-8	0.001947
7.465000E-8	0.002159
7.470000E-8	0.002166
7.475000E-8	0.002209
7.480000E-8	0.002275
7.485000E-8	0.002384
7.490000E-8	0.002334
7.495000E-8	0.002347
7.500000E-8	0.002431
7.505000E-8	0.002550
7.510000E-8	0.002453
7.515000E-8	0.002506
7.520000E-8	0.002494
7.525000E-8	0.002512
7.530000E-8	0.002344
7.535000E-8	0.002325
7.540000E-8	0.002203
7.545000E-8	0.002138
7.550000E-8	0.002000
7.555000E-8	0.001991
7.560000E-8	0.001953
7.565000E-8	0.001916
7.570000E-8	0.001925
7.575000E-8	0.001903
7.580000E-8	0.002103
7.585000E-8	0.002006
7.590000E-8	0.002128
7.595000E-8	0.002244
7.600000E-8	0.002250
7.605000E-8	0.002263
7.610000E-8	0.002169
7.615000E-8	0.002141
7.620000E-8	0.002125
7.625000E-8	0.002087
7.630000E-8	0.001922
7.635000E-8	0.001941
7.640000E-8	0.001869
7.645000E-8	0.001941
7.650000E-8	0.001981
7.655000E-8	0.001988
7.660000E-8	0.001941
7.665000E-8	0.002009
7.670000E-8	0.002053
7.675000E-8	0.002075
7.680000E-8	0.002172
7.685000E-8	0.002162
7.690000E-8	0.002172
7.695000E-8	0.002213
7.700000E-8	0.002237
7.705000E-8	0.002234
7.710000E-8	0.002234
7.715000E-8	0.002203
7.720000E-8	0.002087
7.725000E-8	0.002072
7.730000E-8	0.001994
7.735000E-8	0.001847
7.740000E-8	0.001937
7.745000E-8	0.001816
7.750000E-8	0.001791
7.755000E-8	0.001913
7.760000E-8	0.002034
7.765000E-8	0.002191
7.770000E-8	0.002175
7.775000E-8	0.002244
7.780000E-8	0.002409
7.785000E-8	0.002559
7.790000E-8	0.002497
7.795000E-8	0.002581
7.800000E-8	0.002569
7.805000E-8	0.002531
7.810000E-8	0.002431
7.815000E-8	0.002459
7.820000E-8	0.002325
7.825000E-8	0.002172
7.830000E-8	0.002113
7.835000E-8	0.002100
7.840000E-8	0.002016
7.845000E-8	0.002000
7.850000E-8	0.002006
7.855000E-8	0.002150
7.860000E-8	0.002141
7.865000E-8	0.002191
7.870000E-8	0.002188
7.875000E-8	0.002053
7.880000E-8	0.002078
7.885000E-8	0.002094
7.890000E-8	0.002134
7.895000E-8	0.002194
7.900000E-8	0.002197
7.905000E-8	0.002278
7.910000E-8	0.002297
7.915000E-8	0.002359
7.920000E-8	0.002356
7.925000E-8	0.002378
7.930000E-8	0.002175
7.935000E-8	0.002138
7.940000E-8	0.002053
7.945000E-8	0.002066
7.950000E-8	0.001869
7.955000E-8	0.001841
7.960000E-8	0.001819
7.965000E-8	0.001869
7.970000E-8	0.001806
7.975000E-8	0.001881
7.980000E-8	0.001972
7.985000E-8	0.001978
7.990000E-8	0.002009
7.995000E-8	0.002069
8.000000E-8	0.002191
8.005000E-8	0.002281
8.010000E-8	0.002241
8.015000E-8	0.002250
8.020000E-8	0.002234
8.025000E-8	0.002322
8.030000E-8	0.002237
8.035000E-8	0.002194
8.040000E-8	0.002175
8.045000E-8	0.002228
8.050000E-8	0.002322
8.055000E-8	0.002344
8.060000E-8	0.002372
8.065000E-8	0.002466
8.070000E-8	0.002553
8.075000E-8	0.002638
8.080000E-8	0.002725
8.085000E-8	0.002737
8.090000E-8	0.002581
8.095000E-8	0.002481
8.100000E-8	0.002403
8.105000E-8	0.002353
8.110000E-8	0.002219
8.115000E-8	0.002300
8.120000E-8	0.002253
8.125000E-8	0.002247
8.130000E-8	0.002228
8.135000E-8	0.002241
8.140000E-8	0.002138
8.145000E-8	0.002178
8.150000E-8	0.002272
8.155000E-8	0.002366
8.160000E-8	0.002388
8.165000E-8	0.002406
8.170000E-8	0.002409
8.175000E-8	0.002406
8.180000E-8	0.002369
8.185000E-8	0.002422
8.190000E-8	0.002478
8.195000E-8	0.002416
8.200000E-8	0.002306
8.205000E-8	0.002222
8.210000E-8	0.002125
8.215000E-8	0.002087
8.220000E-8	0.001972
8.225000E-8	0.002019
8.230000E-8	0.001994
8.235000E-8	0.002012
8.240000E-8	0.002009
8.245000E-8	0.002038
8.250000E-8	0.002078
8.255000E-8	0.002075
8.260000E-8	0.002100
8.265000E-8	0.002022
8.270000E-8	0.002000
8.275000E-8	0.002063
8.280000E-8	0.002125
8.285000E-8	0.002188
8.290000E-8	0.002188
8.295000E-8	0.002228
8.300000E-8	0.002166
8.305000E-8	0.002144
8.310000E-8	0.002141
8.315000E-8	0.002153
8.320000E-8	0.002244
8.325000E-8	0.002294
8.330000E-8	0.002341
8.335000E-8	0.002400
8.340000E-8	0.002444
8.345000E-8	0.002459
8.350000E-8	0.002416
8.355000E-8	0.002488
8.360000E-8	0.002450
8.365000E-8	0.002491
8.370000E-8	0.002516
8.375000E-8	0.002594
8.380000E-8	0.002491
8.385000E-8	0.002491
8.390000E-8	0.002369
8.395000E-8	0.002334
8.400000E-8	0.002247
8.405000E-8	0.002188
8.410000E-8	0.002209
8.415000E-8	0.002113
8.420000E-8	0.002003
8.425000E-8	0.002144
8.430000E-8	0.002237
8.435000E-8	0.002366
8.440000E-8	0.002266
8.445000E-8	0.002294
8.450000E-8	0.002188
8.455000E-8	0.002275
8.460000E-8	0.002256
8.465000E-8	0.002359
8.470000E-8	0.002297
8.475000E-8	0.002263
8.480000E-8	0.002128
8.485000E-8	0.002288
8.490000E-8	0.002288
8.495000E-8	0.002256
8.500000E-8	0.002288
8.505000E-8	0.002237
8.510000E-8	0.002169
8.515000E-8	0.002263
8.520000E-8	0.002184
8.525000E-8	0.002184
8.530000E-8	0.002225
8.535000E-8	0.002241
8.540000E-8	0.002203
8.545000E-8	0.002375
8.550000E-8	0.002297
8.555000E-8	0.002353
8.560000E-8	0.002341
8.565000E-8	0.002397
8.570000E-8	0.002363
8.575000E-8	0.002316
8.580000E-8	0.002213
8.585000E-8	0.002200
8.590000E-8	0.002178
8.595000E-8	0.002250
8.600000E-8	0.002203
8.605000E-8	0.002250
8.610000E-8	0.002209
8.615000E-8	0.002244
8.620000E-8	0.002253
8.625000E-8	0.002178
8.630000E-8	0.002150
8.635000E-8	0.002156
8.640000E-8	0.002141
8.645000E-8	0.002300
8.650000E-8	0.002194
8.655000E-8	0.002291
8.660000E-8	0.002319
8.665000E-8	0.002328
8.670000E-8	0.002263
8.675000E-8	0.002341
8.680000E-8	0.002359
8.685000E-8	0.002328
8.690000E-8	0.002375
8.695000E-8	0.002434
8.700000E-8	0.002447
8.705000E-8	0.002378
8.710000E-8	0.002375
8.715000E-8	0.002306
8.720000E-8	0.002300
8.725000E-8	0.002338
8.730000E-8	0.002263
8.735000E-8	0.002263
8.740000E-8	0.002156
8.745000E-8	0.002069
8.750000E-8	0.002053
8.755000E-8	0.002084
8.760000E-8	0.002009
8.765000E-8	0.002081
8.770000E-8	0.001978
8.775000E-8	0.002094
8.780000E-8	0.002072
8.785000E-8	0.002131
8.790000E-8	0.002041
8.795000E-8	0.002156
8.800000E-8	0.002131
8.805000E-8	0.002338
8.810000E-8	0.002266
8.815000E-8	0.002184
8.820000E-8	0.002209
8.825000E-8	0.002109
8.830000E-8	0.002034
8.835000E-8	0.002053
8.840000E-8	0.002022
8.845000E-8	0.002106
8.850000E-8	0.002028
8.855000E-8	0.002044
8.860000E-8	0.002056
8.865000E-8	0.002156
8.870000E-8	0.002128
8.875000E-8	0.002116
8.880000E-8	0.002209
8.885000E-8	0.002278
8.890000E-8	0.002309
8.895000E-8	0.002400
8.900000E-8	0.002275
8.905000E-8	0.002253
8.910000E-8	0.002250
8.915000E-8	0.002116
8.920000E-8	0.002031
8.925000E-8	0.002031
8.930000E-8	0.001988
8.935000E-8	0.002116
8.940000E-8	0.002109
8.945000E-8	0.002053
8.950000E-8	0.002200
8.955000E-8	0.002322
8.960000E-8	0.002394
8.965000E-8	0.002425
8.970000E-8	0.002553
8.975000E-8	0.002581
8.980000E-8	0.002522
8.985000E-8	0.002494
8.990000E-8	0.002350
8.995000E-8	0.002303
9.000000E-8	0.002222
9.005000E-8	0.002234
9.010000E-8	0.002166
9.015000E-8	0.002131
9.020000E-8	0.002028
9.025000E-8	0.002113
9.030000E-8	0.002175
9.035000E-8	0.002256
9.040000E-8	0.002294
9.045000E-8	0.002456
9.050000E-8	0.002366
9.055000E-8	0.002353
9.060000E-8	0.002303
9.065000E-8	0.002331
9.070000E-8	0.002138
9.075000E-8	0.002081
9.080000E-8	0.001994
9.085000E-8	0.001816
9.090000E-8	0.001950
9.095000E-8	0.001856
9.100000E-8	0.001959
9.105000E-8	0.001975
9.110000E-8	0.002047
9.115000E-8	0.002119
9.120000E-8	0.002178
9.125000E-8	0.002300
9.130000E-8	0.002209
9.135000E-8	0.002181
9.140000E-8	0.002178
9.145000E-8	0.002159
9.150000E-8	0.002116
9.155000E-8	0.002138
9.160000E-8	0.002122
9.165000E-8	0.002103
9.170000E-8	0.002097
9.175000E-8	0.002188
9.180000E-8	0.002100
9.185000E-8	0.002172
9.190000E-8	0.002153
9.195000E-8	0.002203
9.200000E-8	0.002250
9.205000E-8	0.002284
9.210000E-8	0.002328
9.215000E-8	0.002266
9.220000E-8	0.002341
9.225000E-8	0.002281
9.230000E-8	0.002197
9.235000E-8	0.002247
9.240000E-8	0.002175
9.245000E-8	0.002328
9.250000E-8	0.002303
9.255000E-8	0.002300
9.260000E-8	0.002153
9.265000E-8	0.002109
9.270000E-8	0.002075
9.275000E-8	0.002203
9.280000E-8	0.002234
9.285000E-8	0.002181
9.290000E-8	0.002200
9.295000E-8	0.002291
9.300000E-8	0.002169
9.305000E-8	0.002128
9.310000E-8	0.002091
9.315000E-8	0.002116
9.320000E-8	0.002206
9.325000E-8	0.002175
9.330000E-8	0.002206
9.335000E-8	0.002175
9.340000E-8	0.002222
9.345000E-8	0.002294
9.350000E-8	0.002222
9.355000E-8	0.002266
9.360000E-8	0.002194
9.365000E-8	0.002209
9.370000E-8	0.002197
9.375000E-8	0.002119
9.380000E-8	0.002159
9.385000E-8	0.002172
9.390000E-8	0.002197
9.395000E-8	0.002244
9.400000E-8	0.002237
9.405000E-8	0.002356
9.410000E-8	0.002294
9.415000E-8	0.002369
9.420000E-8	0.002328
9.425000E-8	0.002303
9.430000E-8	0.002213
9.435000E-8	0.002266
9.440000E-8	0.002175
9.445000E-8	0.002125
9.450000E-8	0.001959
9.455000E-8	0.001997
9.460000E-8	0.002041
9.465000E-8	0.002078
9.470000E-8	0.002053
9.475000E-8	0.002075
9.480000E-8	0.001988
9.485000E-8	0.002100
9.490000E-8	0.002175
9.495000E-8	0.002194
9.500000E-8	0.002197
9.505000E-8	0.002188
9.510000E-8	0.002309
9.515000E-8	0.002247
9.520000E-8	0.002159
9.525000E-8	0.002306
9.530000E-8	0.002206
9.535000E-8	0.002228
9.540000E-8	0.002222
9.545000E-8	0.002216
9.550000E-8	0.002247
9.555000E-8	0.002250
9.560000E-8	0.002259
9.565000E-8	0.002281
9.570000E-8	0.002338
9.575000E-8	0.002303
9.580000E-8	0.002253
9.585000E-8	0.002309
9.590000E-8	0.002162
9.595000E-8	0.002288
9.600000E-8	0.002244
9.605000E-8	0.002194
9.610000E-8	0.002075
9.615000E-8	0.002059
9.620000E-8	0.002091
9.625000E-8	0.002109
9.630000E-8	0.002038
9.635000E-8	0.002094
9.640000E-8	0.002119
9.645000E-8	0.002122
9.650000E-8	0.002237
9.655000E-8	0.002209
9.660000E-8	0.002188
9.665000E-8	0.002116
9.670000E-8	0.001959
9.675000E-8	0.001991
9.680000E-8	0.002028
9.685000E-8	0.002050
9.690000E-8	0.002031
9.695000E-8	0.002053
9.700000E-8	0.002059
9.705000E-8	0.002162
9.710000E-8	0.002156
9.715000E-8	0.002191
9.720000E-8	0.002272
9.725000E-8	0.002288
9.730000E-8	0.002288
9.735000E-8	0.002272
9.740000E-8	0.002266
9.745000E-8	0.002122
9.750000E-8	0.002053
9.755000E-8	0.002066
9.760000E-8	0.001931
9.765000E-8	0.001981
9.770000E-8	0.001997
9.775000E-8	0.001975
9.780000E-8	0.002006
9.785000E-8	0.002019
9.790000E-8	0.002016
9.795000E-8	0.002131
9.800000E-8	0.002119
9.805000E-8	0.002225
9.810000E-8	0.002225
9.815000E-8	0.002372
9.820000E-8	0.002313
9.825000E-8	0.002319
9.830000E-8	0.002253
9.835000E-8	0.002250
9.840000E-8	0.002103
9.845000E-8	0.002131
9.850000E-8	0.002225
9.855000E-8	0.002219
9.860000E-8	0.002247
9.865000E-8	0.002253
9.870000E-8	0.002100
9.875000E-8	0.002188
9.880000E-8	0.002087
9.885000E-8	0.002097
9.890000E-8	0.002178
9.895000E-8	0.002044
9.900000E-8	0.002034
9.905000E-8	0.002116
9.910000E-8	0.002038
9.915000E-8	0.002044
9.920000E-8	0.002097
9.925000E-8	0.002162
9.930000E-8	0.002191
9.935000E-8	0.002147
9.940000E-8	0.002191
9.945000E-8	0.002266
9.950000E-8	0.002353
9.955000E-8	0.002191
9.960000E-8	0.002341
9.965000E-8	0.002237
9.970000E-8	0.002197
9.975000E-8	0.002222
9.980000E-8	0.002150
9.985000E-8	0.002131
9.990000E-8	0.002022
9.995000E-8	0.002034
