LabVIEW Measurement	
Writer_Version	2
Reader_Version	2
Separator	Tab
Decimal_Separator	.
Multi_Headings	No
X_Columns	Multi
Time_Pref	Relative
Operator	TG lab
Date	2015/03/06
Time	16:33:31.2629818916320800781
***End_of_Header***	
	
Channels	1	
Samples	2000	
Date	1903/12/31	
Time	19:00:00	
X_Dimension	Time	
X0	0.0000000000000000E+0	
Delta_X	5.000000E-11	
***End_of_Header***		
X_Value	Untitled	Comment
0.000000	0.001997
5.000000E-11	0.002016
1.000000E-10	0.001981
1.500000E-10	0.002050
2.000000E-10	0.002138
2.500000E-10	0.002213
3.000000E-10	0.002209
3.500000E-10	0.002222
4.000000E-10	0.002253
4.500000E-10	0.002131
5.000000E-10	0.002162
5.500000E-10	0.002197
6.000000E-10	0.002175
6.500000E-10	0.002222
7.000000E-10	0.002113
7.500000E-10	0.002144
8.000000E-10	0.002072
8.500000E-10	0.002194
9.000000E-10	0.002194
9.500000E-10	0.002219
1.000000E-9	0.002150
1.050000E-9	0.002128
1.100000E-9	0.002119
1.150000E-9	0.002153
1.200000E-9	0.002113
1.250000E-9	0.002250
1.300000E-9	0.002319
1.350000E-9	0.002422
1.400000E-9	0.002456
1.450000E-9	0.002419
1.500000E-9	0.002347
1.550000E-9	0.002388
1.600000E-9	0.002437
1.650000E-9	0.002400
1.700000E-9	0.002497
1.750000E-9	0.002331
1.800000E-9	0.002341
1.850000E-9	0.002341
1.900000E-9	0.002353
1.950000E-9	0.002413
2.000000E-9	0.002441
2.050000E-9	0.002472
2.100000E-9	0.002403
2.150000E-9	0.002409
2.200000E-9	0.002353
2.250000E-9	0.002225
2.300000E-9	0.002303
2.350000E-9	0.002328
2.400000E-9	0.002225
2.450000E-9	0.002153
2.500000E-9	0.002075
2.550000E-9	0.002147
2.600000E-9	0.002119
2.650000E-9	0.002297
2.700000E-9	0.002156
2.750000E-9	0.002119
2.800000E-9	0.002191
2.850000E-9	0.002188
2.900000E-9	0.002331
2.950000E-9	0.002347
3.000000E-9	0.002263
3.050000E-9	0.002353
3.100000E-9	0.002394
3.150000E-9	0.002466
3.200000E-9	0.002341
3.250000E-9	0.002466
3.300000E-9	0.002388
3.350000E-9	0.002366
3.400000E-9	0.002272
3.450000E-9	0.002278
3.500000E-9	0.002256
3.550000E-9	0.002237
3.600000E-9	0.002344
3.650000E-9	0.002278
3.700000E-9	0.002319
3.750000E-9	0.002394
3.800000E-9	0.002466
3.850000E-9	0.002469
3.900000E-9	0.002494
3.950000E-9	0.002453
4.000000E-9	0.002600
4.050000E-9	0.002594
4.100000E-9	0.002516
4.150000E-9	0.002466
4.200000E-9	0.002413
4.250000E-9	0.002313
4.300000E-9	0.002294
4.350000E-9	0.002234
4.400000E-9	0.002269
4.450000E-9	0.002291
4.500000E-9	0.002219
4.550000E-9	0.002247
4.600000E-9	0.002313
4.650000E-9	0.002447
4.700000E-9	0.002516
4.750000E-9	0.002584
4.800000E-9	0.002675
4.850000E-9	0.002822
4.900000E-9	0.002850
4.950000E-9	0.002838
5.000000E-9	0.002963
5.050000E-9	0.003025
5.100000E-9	0.002934
5.150000E-9	0.002981
5.200000E-9	0.003050
5.250000E-9	0.003056
5.300000E-9	0.003066
5.350000E-9	0.003116
5.400000E-9	0.003150
5.450000E-9	0.003231
5.500000E-9	0.003181
5.550000E-9	0.003175
5.600000E-9	0.003147
5.650000E-9	0.003106
5.700000E-9	0.003172
5.750000E-9	0.003150
5.800000E-9	0.003300
5.850000E-9	0.003272
5.900000E-9	0.003341
5.950000E-9	0.003397
6.000000E-9	0.003416
6.050000E-9	0.003350
6.100000E-9	0.003378
6.150000E-9	0.003406
6.200000E-9	0.003338
6.250000E-9	0.003494
6.300000E-9	0.003459
6.350000E-9	0.003419
6.400000E-9	0.003466
6.450000E-9	0.003431
6.500000E-9	0.003422
6.550000E-9	0.003516
6.600000E-9	0.003538
6.650000E-9	0.003494
6.700000E-9	0.003512
6.750000E-9	0.003484
6.800000E-9	0.003581
6.850000E-9	0.003675
6.900000E-9	0.003738
6.950000E-9	0.003888
7.000000E-9	0.003991
7.050000E-9	0.004269
7.100000E-9	0.004409
7.150000E-9	0.004722
7.200000E-9	0.005106
7.250000E-9	0.005528
7.300000E-9	0.006022
7.350000E-9	0.006669
7.400000E-9	0.007459
7.450000E-9	0.008450
7.500000E-9	0.009531
7.550000E-9	0.010803
7.600000E-9	0.012097
7.650000E-9	0.013450
7.700000E-9	0.014816
7.750000E-9	0.016203
7.800000E-9	0.017400
7.850000E-9	0.018625
7.900000E-9	0.019750
7.950000E-9	0.020897
8.000000E-9	0.022144
8.050000E-9	0.023381
8.100000E-9	0.024778
8.150000E-9	0.026416
8.200000E-9	0.027922
8.250000E-9	0.029566
8.300000E-9	0.031131
8.350000E-9	0.032603
8.400000E-9	0.033613
8.450000E-9	0.034334
8.500000E-9	0.034600
8.550000E-9	0.034328
8.600000E-9	0.033488
8.650000E-9	0.032088
8.700000E-9	0.030234
8.750000E-9	0.028219
8.800000E-9	0.026013
8.850000E-9	0.023850
8.900000E-9	0.021947
8.950000E-9	0.020316
9.000000E-9	0.018972
9.050000E-9	0.018325
9.100000E-9	0.018125
9.150000E-9	0.018466
9.200000E-9	0.018991
9.250000E-9	0.019778
9.300000E-9	0.020609
9.350000E-9	0.021356
9.400000E-9	0.021825
9.450000E-9	0.021978
9.500000E-9	0.021703
9.550000E-9	0.021209
9.600000E-9	0.020131
9.650000E-9	0.019034
9.700000E-9	0.017581
9.750000E-9	0.015991
9.800000E-9	0.014497
9.850000E-9	0.013103
9.900000E-9	0.011947
9.950000E-9	0.011172
1.000000E-8	0.010613
1.005000E-8	0.010697
1.010000E-8	0.010828
1.015000E-8	0.011400
1.020000E-8	0.011850
1.025000E-8	0.012747
1.030000E-8	0.013434
1.035000E-8	0.014038
1.040000E-8	0.014388
1.045000E-8	0.014531
1.050000E-8	0.014306
1.055000E-8	0.013694
1.060000E-8	0.012916
1.065000E-8	0.011984
1.070000E-8	0.010881
1.075000E-8	0.009684
1.080000E-8	0.008669
1.085000E-8	0.007800
1.090000E-8	0.007038
1.095000E-8	0.006684
1.100000E-8	0.006503
1.105000E-8	0.006688
1.110000E-8	0.007075
1.115000E-8	0.007797
1.120000E-8	0.008459
1.125000E-8	0.009050
1.130000E-8	0.009716
1.135000E-8	0.010169
1.140000E-8	0.010472
1.145000E-8	0.010453
1.150000E-8	0.010256
1.155000E-8	0.009906
1.160000E-8	0.009262
1.165000E-8	0.008553
1.170000E-8	0.007631
1.175000E-8	0.006816
1.180000E-8	0.005884
1.185000E-8	0.005159
1.190000E-8	0.004547
1.195000E-8	0.004228
1.200000E-8	0.004122
1.205000E-8	0.004172
1.210000E-8	0.004497
1.215000E-8	0.005053
1.220000E-8	0.005691
1.225000E-8	0.006422
1.230000E-8	0.007044
1.235000E-8	0.007663
1.240000E-8	0.007966
1.245000E-8	0.008094
1.250000E-8	0.007950
1.255000E-8	0.007616
1.260000E-8	0.007100
1.265000E-8	0.006328
1.270000E-8	0.005566
1.275000E-8	0.004756
1.280000E-8	0.003891
1.285000E-8	0.003194
1.290000E-8	0.002669
1.295000E-8	0.002512
1.300000E-8	0.002409
1.305000E-8	0.002456
1.310000E-8	0.002894
1.315000E-8	0.003422
1.320000E-8	0.004034
1.325000E-8	0.004834
1.330000E-8	0.005556
1.335000E-8	0.006131
1.340000E-8	0.006634
1.345000E-8	0.006709
1.350000E-8	0.006663
1.355000E-8	0.006400
1.360000E-8	0.005725
1.365000E-8	0.005116
1.370000E-8	0.004313
1.375000E-8	0.003325
1.380000E-8	0.002553
1.385000E-8	0.001937
1.390000E-8	0.001469
1.395000E-8	0.001247
1.400000E-8	0.001284
1.405000E-8	0.001691
1.410000E-8	0.002125
1.415000E-8	0.002847
1.420000E-8	0.003644
1.425000E-8	0.004469
1.430000E-8	0.005219
1.435000E-8	0.005803
1.440000E-8	0.006259
1.445000E-8	0.006313
1.450000E-8	0.006141
1.455000E-8	0.005853
1.460000E-8	0.005250
1.465000E-8	0.004444
1.470000E-8	0.003531
1.475000E-8	0.002675
1.480000E-8	0.001822
1.485000E-8	0.001381
1.490000E-8	0.000888
1.495000E-8	0.000841
1.500000E-8	0.000928
1.505000E-8	0.001416
1.510000E-8	0.001919
1.515000E-8	0.002694
1.520000E-8	0.003491
1.525000E-8	0.004319
1.530000E-8	0.004941
1.535000E-8	0.005331
1.540000E-8	0.005506
1.545000E-8	0.005384
1.550000E-8	0.005047
1.555000E-8	0.004550
1.560000E-8	0.003738
1.565000E-8	0.002919
1.570000E-8	0.001906
1.575000E-8	0.001253
1.580000E-8	0.000628
1.585000E-8	0.000200
1.590000E-8	9.375000E-5
1.595000E-8	0.000200
1.600000E-8	0.000566
1.605000E-8	0.001428
1.610000E-8	0.002253
1.615000E-8	0.003209
1.620000E-8	0.004050
1.625000E-8	0.004941
1.630000E-8	0.005537
1.635000E-8	0.005878
1.640000E-8	0.006003
1.645000E-8	0.005778
1.650000E-8	0.005291
1.655000E-8	0.004537
1.660000E-8	0.003713
1.665000E-8	0.002688
1.670000E-8	0.001784
1.675000E-8	0.000994
1.680000E-8	0.000381
1.685000E-8	4.375000E-5
1.690000E-8	6.562500E-5
1.695000E-8	0.000431
1.700000E-8	0.001034
1.705000E-8	0.001819
1.710000E-8	0.002638
1.715000E-8	0.003566
1.720000E-8	0.004338
1.725000E-8	0.004906
1.730000E-8	0.005231
1.735000E-8	0.005322
1.740000E-8	0.004994
1.745000E-8	0.004531
1.750000E-8	0.003803
1.755000E-8	0.003041
1.760000E-8	0.002097
1.765000E-8	0.001194
1.770000E-8	0.000509
1.775000E-8	7.187500E-5
1.780000E-8	-0.000250
1.785000E-8	-0.000231
1.790000E-8	-3.125000E-5
1.795000E-8	0.000522
1.800000E-8	0.001059
1.805000E-8	0.001778
1.810000E-8	0.002550
1.815000E-8	0.003300
1.820000E-8	0.003866
1.825000E-8	0.004403
1.830000E-8	0.004528
1.835000E-8	0.004616
1.840000E-8	0.004466
1.845000E-8	0.003928
1.850000E-8	0.003169
1.855000E-8	0.002372
1.860000E-8	0.001788
1.865000E-8	0.001128
1.870000E-8	0.000497
1.875000E-8	6.875000E-5
1.880000E-8	-1.562500E-5
1.885000E-8	0.000156
1.890000E-8	0.000547
1.895000E-8	0.001225
1.900000E-8	0.001956
1.905000E-8	0.002809
1.910000E-8	0.003572
1.915000E-8	0.004253
1.920000E-8	0.004803
1.925000E-8	0.005088
1.930000E-8	0.005097
1.935000E-8	0.004819
1.940000E-8	0.004325
1.945000E-8	0.003788
1.950000E-8	0.002988
1.955000E-8	0.002244
1.960000E-8	0.001341
1.965000E-8	0.000822
1.970000E-8	0.000403
1.975000E-8	0.000138
1.980000E-8	0.000194
1.985000E-8	0.000500
1.990000E-8	0.000866
1.995000E-8	0.001409
2.000000E-8	0.001978
2.005000E-8	0.002725
2.010000E-8	0.003356
2.015000E-8	0.004122
2.020000E-8	0.004522
2.025000E-8	0.004644
2.030000E-8	0.004634
2.035000E-8	0.004291
2.040000E-8	0.003947
2.045000E-8	0.003444
2.050000E-8	0.002669
2.055000E-8	0.001881
2.060000E-8	0.001225
2.065000E-8	0.000791
2.070000E-8	0.000297
2.075000E-8	0.000228
2.080000E-8	0.000163
2.085000E-8	0.000450
2.090000E-8	0.000800
2.095000E-8	0.001475
2.100000E-8	0.002094
2.105000E-8	0.002716
2.110000E-8	0.003188
2.115000E-8	0.003847
2.120000E-8	0.004050
2.125000E-8	0.004231
2.130000E-8	0.004191
2.135000E-8	0.004025
2.140000E-8	0.003553
2.145000E-8	0.002969
2.150000E-8	0.002222
2.155000E-8	0.001638
2.160000E-8	0.000991
2.165000E-8	0.000534
2.170000E-8	0.000141
2.175000E-8	0.000000
2.180000E-8	0.000119
2.185000E-8	0.000513
2.190000E-8	0.000953
2.195000E-8	0.001641
2.200000E-8	0.002159
2.205000E-8	0.002944
2.210000E-8	0.003663
2.215000E-8	0.004203
2.220000E-8	0.004416
2.225000E-8	0.004447
2.230000E-8	0.004269
2.235000E-8	0.003872
2.240000E-8	0.003281
2.245000E-8	0.002675
2.250000E-8	0.001956
2.255000E-8	0.001222
2.260000E-8	0.000619
2.265000E-8	0.000281
2.270000E-8	-6.250000E-6
2.275000E-8	4.687500E-5
2.280000E-8	0.000334
2.285000E-8	0.000844
2.290000E-8	0.001353
2.295000E-8	0.002184
2.300000E-8	0.003034
2.305000E-8	0.003603
2.310000E-8	0.004147
2.315000E-8	0.004550
2.320000E-8	0.004588
2.325000E-8	0.004428
2.330000E-8	0.004131
2.335000E-8	0.003581
2.340000E-8	0.002866
2.345000E-8	0.002169
2.350000E-8	0.001394
2.355000E-8	0.000794
2.360000E-8	0.000213
2.365000E-8	-5.000000E-5
2.370000E-8	-0.000144
2.375000E-8	0.000184
2.380000E-8	0.000488
2.385000E-8	0.001063
2.390000E-8	0.001722
2.395000E-8	0.002347
2.400000E-8	0.002947
2.405000E-8	0.003494
2.410000E-8	0.003909
2.415000E-8	0.004097
2.420000E-8	0.003903
2.425000E-8	0.003763
2.430000E-8	0.003347
2.435000E-8	0.002781
2.440000E-8	0.002066
2.445000E-8	0.001466
2.450000E-8	0.000847
2.455000E-8	0.000375
2.460000E-8	5.937500E-5
2.465000E-8	2.187500E-5
2.470000E-8	0.000128
2.475000E-8	0.000384
2.480000E-8	0.000884
2.485000E-8	0.001488
2.490000E-8	0.002141
2.495000E-8	0.002869
2.500000E-8	0.003538
2.505000E-8	0.003909
2.510000E-8	0.004172
2.515000E-8	0.004269
2.520000E-8	0.003922
2.525000E-8	0.003597
2.530000E-8	0.003084
2.535000E-8	0.002488
2.540000E-8	0.001991
2.545000E-8	0.001369
2.550000E-8	0.000828
2.555000E-8	0.000459
2.560000E-8	0.000338
2.565000E-8	0.000375
2.570000E-8	0.000691
2.575000E-8	0.001100
2.580000E-8	0.001569
2.585000E-8	0.002181
2.590000E-8	0.002906
2.595000E-8	0.003384
2.600000E-8	0.003788
2.605000E-8	0.004184
2.610000E-8	0.004216
2.615000E-8	0.004141
2.620000E-8	0.003731
2.625000E-8	0.003244
2.630000E-8	0.002597
2.635000E-8	0.002041
2.640000E-8	0.001466
2.645000E-8	0.000891
2.650000E-8	0.000450
2.655000E-8	0.000203
2.660000E-8	9.062500E-5
2.665000E-8	0.000225
2.670000E-8	0.000425
2.675000E-8	0.000831
2.680000E-8	0.001434
2.685000E-8	0.002128
2.690000E-8	0.002669
2.695000E-8	0.003344
2.700000E-8	0.003706
2.705000E-8	0.004044
2.710000E-8	0.004091
2.715000E-8	0.004047
2.720000E-8	0.003744
2.725000E-8	0.003319
2.730000E-8	0.002697
2.735000E-8	0.002000
2.740000E-8	0.001291
2.745000E-8	0.000800
2.750000E-8	0.000444
2.755000E-8	0.000241
2.760000E-8	0.000144
2.765000E-8	0.000253
2.770000E-8	0.000534
2.775000E-8	0.001059
2.780000E-8	0.001622
2.785000E-8	0.002353
2.790000E-8	0.002947
2.795000E-8	0.003428
2.800000E-8	0.003828
2.805000E-8	0.004019
2.810000E-8	0.004084
2.815000E-8	0.004069
2.820000E-8	0.003772
2.825000E-8	0.003363
2.830000E-8	0.002675
2.835000E-8	0.002191
2.840000E-8	0.001734
2.845000E-8	0.001328
2.850000E-8	0.000944
2.855000E-8	0.000800
2.860000E-8	0.000725
2.865000E-8	0.000881
2.870000E-8	0.001088
2.875000E-8	0.001631
2.880000E-8	0.002166
2.885000E-8	0.002744
2.890000E-8	0.003203
2.895000E-8	0.003728
2.900000E-8	0.003953
2.905000E-8	0.004181
2.910000E-8	0.004116
2.915000E-8	0.003856
2.920000E-8	0.003381
2.925000E-8	0.002931
2.930000E-8	0.002325
2.935000E-8	0.001691
2.940000E-8	0.001134
2.945000E-8	0.000763
2.950000E-8	0.000466
2.955000E-8	0.000422
2.960000E-8	0.000550
2.965000E-8	0.000966
2.970000E-8	0.001488
2.975000E-8	0.002087
2.980000E-8	0.002556
2.985000E-8	0.003028
2.990000E-8	0.003469
2.995000E-8	0.003822
3.000000E-8	0.004006
3.005000E-8	0.004072
3.010000E-8	0.003834
3.015000E-8	0.003594
3.020000E-8	0.002994
3.025000E-8	0.002506
3.030000E-8	0.002028
3.035000E-8	0.001484
3.040000E-8	0.001088
3.045000E-8	0.000828
3.050000E-8	0.000722
3.055000E-8	0.000803
3.060000E-8	0.001009
3.065000E-8	0.001481
3.070000E-8	0.001872
3.075000E-8	0.002450
3.080000E-8	0.003019
3.085000E-8	0.003341
3.090000E-8	0.003759
3.095000E-8	0.004013
3.100000E-8	0.003991
3.105000E-8	0.003997
3.110000E-8	0.003628
3.115000E-8	0.003291
3.120000E-8	0.002844
3.125000E-8	0.002222
3.130000E-8	0.001709
3.135000E-8	0.001275
3.140000E-8	0.000916
3.145000E-8	0.000650
3.150000E-8	0.000591
3.155000E-8	0.000703
3.160000E-8	0.000875
3.165000E-8	0.001203
3.170000E-8	0.001725
3.175000E-8	0.002316
3.180000E-8	0.002872
3.185000E-8	0.003281
3.190000E-8	0.003744
3.195000E-8	0.003947
3.200000E-8	0.003875
3.205000E-8	0.003691
3.210000E-8	0.003331
3.215000E-8	0.002816
3.220000E-8	0.002209
3.225000E-8	0.001675
3.230000E-8	0.001050
3.235000E-8	0.000628
3.240000E-8	0.000303
3.245000E-8	0.000266
3.250000E-8	0.000294
3.255000E-8	0.000759
3.260000E-8	0.001078
3.265000E-8	0.001591
3.270000E-8	0.002181
3.275000E-8	0.002737
3.280000E-8	0.003231
3.285000E-8	0.003394
3.290000E-8	0.003600
3.295000E-8	0.003772
3.300000E-8	0.003581
3.305000E-8	0.003344
3.310000E-8	0.003006
3.315000E-8	0.002497
3.320000E-8	0.001963
3.325000E-8	0.001494
3.330000E-8	0.001091
3.335000E-8	0.000841
3.340000E-8	0.000672
3.345000E-8	0.000806
3.350000E-8	0.000959
3.355000E-8	0.001278
3.360000E-8	0.001744
3.365000E-8	0.002184
3.370000E-8	0.002650
3.375000E-8	0.003069
3.380000E-8	0.003341
3.385000E-8	0.003691
3.390000E-8	0.003666
3.395000E-8	0.003491
3.400000E-8	0.003300
3.405000E-8	0.002994
3.410000E-8	0.002703
3.415000E-8	0.002331
3.420000E-8	0.001788
3.425000E-8	0.001384
3.430000E-8	0.001078
3.435000E-8	0.000903
3.440000E-8	0.000831
3.445000E-8	0.000913
3.450000E-8	0.001059
3.455000E-8	0.001369
3.460000E-8	0.001713
3.465000E-8	0.002159
3.470000E-8	0.002641
3.475000E-8	0.003000
3.480000E-8	0.003288
3.485000E-8	0.003584
3.490000E-8	0.003622
3.495000E-8	0.003641
3.500000E-8	0.003375
3.505000E-8	0.003038
3.510000E-8	0.002728
3.515000E-8	0.002397
3.520000E-8	0.001972
3.525000E-8	0.001469
3.530000E-8	0.001166
3.535000E-8	0.001038
3.540000E-8	0.000938
3.545000E-8	0.001119
3.550000E-8	0.001200
3.555000E-8	0.001500
3.560000E-8	0.001775
3.565000E-8	0.002263
3.570000E-8	0.002559
3.575000E-8	0.002922
3.580000E-8	0.003222
3.585000E-8	0.003288
3.590000E-8	0.003338
3.595000E-8	0.003309
3.600000E-8	0.003047
3.605000E-8	0.002766
3.610000E-8	0.002313
3.615000E-8	0.001816
3.620000E-8	0.001447
3.625000E-8	0.001078
3.630000E-8	0.000747
3.635000E-8	0.000672
3.640000E-8	0.000753
3.645000E-8	0.000900
3.650000E-8	0.001106
3.655000E-8	0.001497
3.660000E-8	0.002003
3.665000E-8	0.002434
3.670000E-8	0.002888
3.675000E-8	0.003331
3.680000E-8	0.003466
3.685000E-8	0.003675
3.690000E-8	0.003559
3.695000E-8	0.003438
3.700000E-8	0.003091
3.705000E-8	0.002734
3.710000E-8	0.002156
3.715000E-8	0.001838
3.720000E-8	0.001534
3.725000E-8	0.001175
3.730000E-8	0.000903
3.735000E-8	0.000809
3.740000E-8	0.000931
3.745000E-8	0.001163
3.750000E-8	0.001597
3.755000E-8	0.001963
3.760000E-8	0.002422
3.765000E-8	0.002797
3.770000E-8	0.003100
3.775000E-8	0.003397
3.780000E-8	0.003544
3.785000E-8	0.003509
3.790000E-8	0.003350
3.795000E-8	0.003106
3.800000E-8	0.002625
3.805000E-8	0.002416
3.810000E-8	0.001937
3.815000E-8	0.001612
3.820000E-8	0.001284
3.825000E-8	0.001081
3.830000E-8	0.001022
3.835000E-8	0.001016
3.840000E-8	0.001100
3.845000E-8	0.001316
3.850000E-8	0.001581
3.855000E-8	0.001981
3.860000E-8	0.002313
3.865000E-8	0.002772
3.870000E-8	0.002988
3.875000E-8	0.003331
3.880000E-8	0.003316
3.885000E-8	0.003275
3.890000E-8	0.003044
3.895000E-8	0.002763
3.900000E-8	0.002303
3.905000E-8	0.001937
3.910000E-8	0.001488
3.915000E-8	0.001159
3.920000E-8	0.000975
3.925000E-8	0.000834
3.930000E-8	0.000913
3.935000E-8	0.001016
3.940000E-8	0.001284
3.945000E-8	0.001522
3.950000E-8	0.001937
3.955000E-8	0.002456
3.960000E-8	0.002816
3.965000E-8	0.003225
3.970000E-8	0.003353
3.975000E-8	0.003506
3.980000E-8	0.003456
3.985000E-8	0.003250
3.990000E-8	0.003016
3.995000E-8	0.002694
4.000000E-8	0.002234
4.005000E-8	0.001831
4.010000E-8	0.001503
4.015000E-8	0.001263
4.020000E-8	0.000997
4.025000E-8	0.000969
4.030000E-8	0.001050
4.035000E-8	0.001291
4.040000E-8	0.001594
4.045000E-8	0.001834
4.050000E-8	0.002225
4.055000E-8	0.002644
4.060000E-8	0.002900
4.065000E-8	0.003031
4.070000E-8	0.003106
4.075000E-8	0.003194
4.080000E-8	0.003144
4.085000E-8	0.002900
4.090000E-8	0.002694
4.095000E-8	0.002506
4.100000E-8	0.002197
4.105000E-8	0.001859
4.110000E-8	0.001597
4.115000E-8	0.001500
4.120000E-8	0.001187
4.125000E-8	0.001291
4.130000E-8	0.001263
4.135000E-8	0.001325
4.140000E-8	0.001397
4.145000E-8	0.001719
4.150000E-8	0.002078
4.155000E-8	0.002431
4.160000E-8	0.002728
4.165000E-8	0.002891
4.170000E-8	0.002997
4.175000E-8	0.002988
4.180000E-8	0.002947
4.185000E-8	0.002844
4.190000E-8	0.002500
4.195000E-8	0.002109
4.200000E-8	0.001709
4.205000E-8	0.001494
4.210000E-8	0.001109
4.215000E-8	0.001028
4.220000E-8	0.000919
4.225000E-8	0.000981
4.230000E-8	0.001103
4.235000E-8	0.001341
4.240000E-8	0.001706
4.245000E-8	0.002031
4.250000E-8	0.002375
4.255000E-8	0.002759
4.260000E-8	0.003012
4.265000E-8	0.003209
4.270000E-8	0.003206
4.275000E-8	0.003347
4.280000E-8	0.003159
4.285000E-8	0.002909
4.290000E-8	0.002419
4.295000E-8	0.002134
4.300000E-8	0.001794
4.305000E-8	0.001509
4.310000E-8	0.001172
4.315000E-8	0.001003
4.320000E-8	0.000956
4.325000E-8	0.001066
4.330000E-8	0.001306
4.335000E-8	0.001494
4.340000E-8	0.001734
4.345000E-8	0.002028
4.350000E-8	0.002284
4.355000E-8	0.002678
4.360000E-8	0.002891
4.365000E-8	0.002966
4.370000E-8	0.002934
4.375000E-8	0.002903
4.380000E-8	0.002809
4.385000E-8	0.002613
4.390000E-8	0.002341
4.395000E-8	0.002178
4.400000E-8	0.001875
4.405000E-8	0.001544
4.410000E-8	0.001497
4.415000E-8	0.001347
4.420000E-8	0.001256
4.425000E-8	0.001300
4.430000E-8	0.001447
4.435000E-8	0.001669
4.440000E-8	0.001925
4.445000E-8	0.002263
4.450000E-8	0.002509
4.455000E-8	0.002834
4.460000E-8	0.002916
4.465000E-8	0.003084
4.470000E-8	0.003078
4.475000E-8	0.003003
4.480000E-8	0.002722
4.485000E-8	0.002609
4.490000E-8	0.002281
4.495000E-8	0.002172
4.500000E-8	0.002059
4.505000E-8	0.001891
4.510000E-8	0.001734
4.515000E-8	0.001644
4.520000E-8	0.001538
4.525000E-8	0.001741
4.530000E-8	0.001841
4.535000E-8	0.002091
4.540000E-8	0.002278
4.545000E-8	0.002469
4.550000E-8	0.002759
4.555000E-8	0.002953
4.560000E-8	0.002913
4.565000E-8	0.002963
4.570000E-8	0.002872
4.575000E-8	0.002644
4.580000E-8	0.002391
4.585000E-8	0.002087
4.590000E-8	0.001603
4.595000E-8	0.001384
4.600000E-8	0.001200
4.605000E-8	0.001059
4.610000E-8	0.000944
4.615000E-8	0.001097
4.620000E-8	0.001219
4.625000E-8	0.001503
4.630000E-8	0.001731
4.635000E-8	0.001884
4.640000E-8	0.002141
4.645000E-8	0.002509
4.650000E-8	0.002628
4.655000E-8	0.002688
4.660000E-8	0.002778
4.665000E-8	0.002734
4.670000E-8	0.002497
4.675000E-8	0.002397
4.680000E-8	0.002094
4.685000E-8	0.001869
4.690000E-8	0.001738
4.695000E-8	0.001594
4.700000E-8	0.001297
4.705000E-8	0.001263
4.710000E-8	0.001331
4.715000E-8	0.001437
4.720000E-8	0.001475
4.725000E-8	0.001653
4.730000E-8	0.001894
4.735000E-8	0.002122
4.740000E-8	0.002469
4.745000E-8	0.002628
4.750000E-8	0.002741
4.755000E-8	0.003009
4.760000E-8	0.003056
4.765000E-8	0.003028
4.770000E-8	0.002834
4.775000E-8	0.002563
4.780000E-8	0.002359
4.785000E-8	0.002122
4.790000E-8	0.001772
4.795000E-8	0.001519
4.800000E-8	0.001362
4.805000E-8	0.001306
4.810000E-8	0.001278
4.815000E-8	0.001319
4.820000E-8	0.001422
4.825000E-8	0.001847
4.830000E-8	0.001966
4.835000E-8	0.002241
4.840000E-8	0.002484
4.845000E-8	0.002725
4.850000E-8	0.002822
4.855000E-8	0.002766
4.860000E-8	0.002775
4.865000E-8	0.002719
4.870000E-8	0.002587
4.875000E-8	0.002422
4.880000E-8	0.002084
4.885000E-8	0.001856
4.890000E-8	0.001675
4.895000E-8	0.001572
4.900000E-8	0.001434
4.905000E-8	0.001419
4.910000E-8	0.001497
4.915000E-8	0.001806
4.920000E-8	0.001853
4.925000E-8	0.002141
4.930000E-8	0.002328
4.935000E-8	0.002578
4.940000E-8	0.002684
4.945000E-8	0.002741
4.950000E-8	0.002775
4.955000E-8	0.002706
4.960000E-8	0.002625
4.965000E-8	0.002475
4.970000E-8	0.002275
4.975000E-8	0.002072
4.980000E-8	0.001881
4.985000E-8	0.001738
4.990000E-8	0.001644
4.995000E-8	0.001656
5.000000E-8	0.001628
5.005000E-8	0.001697
5.010000E-8	0.001763
5.015000E-8	0.001894
5.020000E-8	0.002016
5.025000E-8	0.002141
5.030000E-8	0.002359
5.035000E-8	0.002575
5.040000E-8	0.002797
5.045000E-8	0.002894
5.050000E-8	0.002994
5.055000E-8	0.003059
5.060000E-8	0.002950
5.065000E-8	0.002809
5.070000E-8	0.002622
5.075000E-8	0.002350
5.080000E-8	0.001997
5.085000E-8	0.001700
5.090000E-8	0.001403
5.095000E-8	0.001244
5.100000E-8	0.001147
5.105000E-8	0.001147
5.110000E-8	0.001297
5.115000E-8	0.001503
5.120000E-8	0.001747
5.125000E-8	0.002016
5.130000E-8	0.002363
5.135000E-8	0.002697
5.140000E-8	0.002859
5.145000E-8	0.002994
5.150000E-8	0.002959
5.155000E-8	0.003106
5.160000E-8	0.002831
5.165000E-8	0.002544
5.170000E-8	0.002284
5.175000E-8	0.002128
5.180000E-8	0.001831
5.185000E-8	0.001725
5.190000E-8	0.001528
5.195000E-8	0.001528
5.200000E-8	0.001603
5.205000E-8	0.001794
5.210000E-8	0.001981
5.215000E-8	0.002288
5.220000E-8	0.002481
5.225000E-8	0.002728
5.230000E-8	0.002844
5.235000E-8	0.002819
5.240000E-8	0.002875
5.245000E-8	0.002753
5.250000E-8	0.002616
5.255000E-8	0.002441
5.260000E-8	0.002141
5.265000E-8	0.002094
5.270000E-8	0.001922
5.275000E-8	0.001697
5.280000E-8	0.001634
5.285000E-8	0.001575
5.290000E-8	0.001528
5.295000E-8	0.001609
5.300000E-8	0.001563
5.305000E-8	0.001734
5.310000E-8	0.001791
5.315000E-8	0.002084
5.320000E-8	0.002231
5.325000E-8	0.002381
5.330000E-8	0.002500
5.335000E-8	0.002613
5.340000E-8	0.002697
5.345000E-8	0.002688
5.350000E-8	0.002644
5.355000E-8	0.002563
5.360000E-8	0.002328
5.365000E-8	0.002081
5.370000E-8	0.001853
5.375000E-8	0.001816
5.380000E-8	0.001569
5.385000E-8	0.001506
5.390000E-8	0.001378
5.395000E-8	0.001447
5.400000E-8	0.001347
5.405000E-8	0.001494
5.410000E-8	0.001706
5.415000E-8	0.002038
5.420000E-8	0.002237
5.425000E-8	0.002563
5.430000E-8	0.002834
5.435000E-8	0.003031
5.440000E-8	0.002984
5.445000E-8	0.003103
5.450000E-8	0.002991
5.455000E-8	0.002803
5.460000E-8	0.002397
5.465000E-8	0.002103
5.470000E-8	0.001806
5.475000E-8	0.001634
5.480000E-8	0.001466
5.485000E-8	0.001413
5.490000E-8	0.001272
5.495000E-8	0.001459
5.500000E-8	0.001634
5.505000E-8	0.001844
5.510000E-8	0.001984
5.515000E-8	0.002237
5.520000E-8	0.002419
5.525000E-8	0.002606
5.530000E-8	0.002706
5.535000E-8	0.002900
5.540000E-8	0.002900
5.545000E-8	0.002941
5.550000E-8	0.002825
5.555000E-8	0.002728
5.560000E-8	0.002519
5.565000E-8	0.002425
5.570000E-8	0.002281
5.575000E-8	0.002022
5.580000E-8	0.001984
5.585000E-8	0.001959
5.590000E-8	0.001816
5.595000E-8	0.001941
5.600000E-8	0.001966
5.605000E-8	0.002125
5.610000E-8	0.002369
5.615000E-8	0.002506
5.620000E-8	0.002581
5.625000E-8	0.002653
5.630000E-8	0.002669
5.635000E-8	0.002803
5.640000E-8	0.002703
5.645000E-8	0.002625
5.650000E-8	0.002381
5.655000E-8	0.002166
5.660000E-8	0.001919
5.665000E-8	0.001784
5.670000E-8	0.001519
5.675000E-8	0.001594
5.680000E-8	0.001500
5.685000E-8	0.001506
5.690000E-8	0.001700
5.695000E-8	0.001775
5.700000E-8	0.001937
5.705000E-8	0.002025
5.710000E-8	0.002094
5.715000E-8	0.002347
5.720000E-8	0.002394
5.725000E-8	0.002500
5.730000E-8	0.002456
5.735000E-8	0.002472
5.740000E-8	0.002422
5.745000E-8	0.002381
5.750000E-8	0.002325
5.755000E-8	0.002294
5.760000E-8	0.002125
5.765000E-8	0.002003
5.770000E-8	0.001822
5.775000E-8	0.001656
5.780000E-8	0.001581
5.785000E-8	0.001538
5.790000E-8	0.001609
5.795000E-8	0.001747
5.800000E-8	0.001913
5.805000E-8	0.002172
5.810000E-8	0.002309
5.815000E-8	0.002563
5.820000E-8	0.002659
5.825000E-8	0.002797
5.830000E-8	0.002809
5.835000E-8	0.002800
5.840000E-8	0.002813
5.845000E-8	0.002606
5.850000E-8	0.002428
5.855000E-8	0.002184
5.860000E-8	0.001934
5.865000E-8	0.001756
5.870000E-8	0.001675
5.875000E-8	0.001672
5.880000E-8	0.001616
5.885000E-8	0.001788
5.890000E-8	0.001994
5.895000E-8	0.002106
5.900000E-8	0.002356
5.905000E-8	0.002416
5.910000E-8	0.002666
5.915000E-8	0.002809
5.920000E-8	0.003003
5.925000E-8	0.003006
5.930000E-8	0.002950
5.935000E-8	0.002878
5.940000E-8	0.002691
5.945000E-8	0.002519
5.950000E-8	0.002275
5.955000E-8	0.002119
5.960000E-8	0.001863
5.965000E-8	0.001819
5.970000E-8	0.001625
5.975000E-8	0.001622
5.980000E-8	0.001625
5.985000E-8	0.001697
5.990000E-8	0.001684
5.995000E-8	0.001809
6.000000E-8	0.001981
6.005000E-8	0.002056
6.010000E-8	0.002234
6.015000E-8	0.002422
6.020000E-8	0.002503
6.025000E-8	0.002662
6.030000E-8	0.002666
6.035000E-8	0.002672
6.040000E-8	0.002578
6.045000E-8	0.002478
6.050000E-8	0.002284
6.055000E-8	0.002166
6.060000E-8	0.002056
6.065000E-8	0.001941
6.070000E-8	0.001838
6.075000E-8	0.001953
6.080000E-8	0.002038
6.085000E-8	0.002228
6.090000E-8	0.002400
6.095000E-8	0.002528
6.100000E-8	0.002678
6.105000E-8	0.002859
6.110000E-8	0.002922
6.115000E-8	0.003066
6.120000E-8	0.002794
6.125000E-8	0.002816
6.130000E-8	0.002587
6.135000E-8	0.002434
6.140000E-8	0.002275
6.145000E-8	0.002119
6.150000E-8	0.001844
6.155000E-8	0.001759
6.160000E-8	0.001656
6.165000E-8	0.001597
6.170000E-8	0.001578
6.175000E-8	0.001647
6.180000E-8	0.001734
6.185000E-8	0.001638
6.190000E-8	0.001666
6.195000E-8	0.001928
6.200000E-8	0.002003
6.205000E-8	0.002188
6.210000E-8	0.002253
6.215000E-8	0.002259
6.220000E-8	0.002234
6.225000E-8	0.002222
6.230000E-8	0.002031
6.235000E-8	0.002050
6.240000E-8	0.001831
6.245000E-8	0.001681
6.250000E-8	0.001522
6.255000E-8	0.001409
6.260000E-8	0.001391
6.265000E-8	0.001344
6.270000E-8	0.001437
6.275000E-8	0.001597
6.280000E-8	0.001756
6.285000E-8	0.001922
6.290000E-8	0.002075
6.295000E-8	0.002259
6.300000E-8	0.002481
6.305000E-8	0.002669
6.310000E-8	0.002797
6.315000E-8	0.002822
6.320000E-8	0.002741
6.325000E-8	0.002600
6.330000E-8	0.002512
6.335000E-8	0.002347
6.340000E-8	0.002234
6.345000E-8	0.002206
6.350000E-8	0.002122
6.355000E-8	0.002072
6.360000E-8	0.001975
6.365000E-8	0.002044
6.370000E-8	0.002009
6.375000E-8	0.002203
6.380000E-8	0.002278
6.385000E-8	0.002356
6.390000E-8	0.002294
6.395000E-8	0.002503
6.400000E-8	0.002478
6.405000E-8	0.002453
6.410000E-8	0.002444
6.415000E-8	0.002453
6.420000E-8	0.002469
6.425000E-8	0.002409
6.430000E-8	0.002281
6.435000E-8	0.002197
6.440000E-8	0.002041
6.445000E-8	0.001934
6.450000E-8	0.001944
6.455000E-8	0.001853
6.460000E-8	0.001631
6.465000E-8	0.001719
6.470000E-8	0.001609
6.475000E-8	0.001800
6.480000E-8	0.001878
6.485000E-8	0.001972
6.490000E-8	0.002094
6.495000E-8	0.002253
6.500000E-8	0.002259
6.505000E-8	0.002319
6.510000E-8	0.002328
6.515000E-8	0.002284
6.520000E-8	0.002159
6.525000E-8	0.002241
6.530000E-8	0.002219
6.535000E-8	0.002194
6.540000E-8	0.001897
6.545000E-8	0.001872
6.550000E-8	0.001834
6.555000E-8	0.001772
6.560000E-8	0.001722
6.565000E-8	0.001728
6.570000E-8	0.001803
6.575000E-8	0.001813
6.580000E-8	0.001841
6.585000E-8	0.002012
6.590000E-8	0.002084
6.595000E-8	0.002222
6.600000E-8	0.002347
6.605000E-8	0.002369
6.610000E-8	0.002500
6.615000E-8	0.002631
6.620000E-8	0.002641
6.625000E-8	0.002638
6.630000E-8	0.002556
6.635000E-8	0.002434
6.640000E-8	0.002306
6.645000E-8	0.002228
6.650000E-8	0.002028
6.655000E-8	0.002006
6.660000E-8	0.002047
6.665000E-8	0.002044
6.670000E-8	0.001941
6.675000E-8	0.001997
6.680000E-8	0.002103
6.685000E-8	0.002172
6.690000E-8	0.002203
6.695000E-8	0.002253
6.700000E-8	0.002328
6.705000E-8	0.002269
6.710000E-8	0.002284
6.715000E-8	0.002231
6.720000E-8	0.002069
6.725000E-8	0.001928
6.730000E-8	0.001841
6.735000E-8	0.001831
6.740000E-8	0.001700
6.745000E-8	0.001719
6.750000E-8	0.001581
6.755000E-8	0.001609
6.760000E-8	0.001694
6.765000E-8	0.001728
6.770000E-8	0.001903
6.775000E-8	0.002069
6.780000E-8	0.002109
6.785000E-8	0.002209
6.790000E-8	0.002403
6.795000E-8	0.002569
6.800000E-8	0.002534
6.805000E-8	0.002587
6.810000E-8	0.002453
6.815000E-8	0.002400
6.820000E-8	0.002116
6.825000E-8	0.002119
6.830000E-8	0.001969
6.835000E-8	0.001913
6.840000E-8	0.001697
6.845000E-8	0.001722
6.850000E-8	0.001831
6.855000E-8	0.001859
6.860000E-8	0.001850
6.865000E-8	0.001916
6.870000E-8	0.001991
6.875000E-8	0.002028
6.880000E-8	0.002131
6.885000E-8	0.002394
6.890000E-8	0.002384
6.895000E-8	0.002444
6.900000E-8	0.002488
6.905000E-8	0.002544
6.910000E-8	0.002638
6.915000E-8	0.002659
6.920000E-8	0.002456
6.925000E-8	0.002406
6.930000E-8	0.002203
6.935000E-8	0.002241
6.940000E-8	0.002069
6.945000E-8	0.002031
6.950000E-8	0.001950
6.955000E-8	0.001809
6.960000E-8	0.001906
6.965000E-8	0.002038
6.970000E-8	0.002081
6.975000E-8	0.002397
6.980000E-8	0.002447
6.985000E-8	0.002528
6.990000E-8	0.002541
6.995000E-8	0.002638
7.000000E-8	0.002544
7.005000E-8	0.002484
7.010000E-8	0.002372
7.015000E-8	0.002309
7.020000E-8	0.002275
7.025000E-8	0.002141
7.030000E-8	0.002003
7.035000E-8	0.002091
7.040000E-8	0.001972
7.045000E-8	0.001881
7.050000E-8	0.001922
7.055000E-8	0.001959
7.060000E-8	0.002034
7.065000E-8	0.002166
7.070000E-8	0.002231
7.075000E-8	0.002350
7.080000E-8	0.002209
7.085000E-8	0.002194
7.090000E-8	0.002194
7.095000E-8	0.002191
7.100000E-8	0.002106
7.105000E-8	0.002138
7.110000E-8	0.002097
7.115000E-8	0.002031
7.120000E-8	0.002053
7.125000E-8	0.001969
7.130000E-8	0.002006
7.135000E-8	0.002103
7.140000E-8	0.002000
7.145000E-8	0.002053
7.150000E-8	0.001966
7.155000E-8	0.002016
7.160000E-8	0.002053
7.165000E-8	0.002087
7.170000E-8	0.002106
7.175000E-8	0.002213
7.180000E-8	0.002216
7.185000E-8	0.002266
7.190000E-8	0.002313
7.195000E-8	0.002378
7.200000E-8	0.002256
7.205000E-8	0.002297
7.210000E-8	0.002369
7.215000E-8	0.002278
7.220000E-8	0.002188
7.225000E-8	0.002197
7.230000E-8	0.002025
7.235000E-8	0.002044
7.240000E-8	0.001959
7.245000E-8	0.002044
7.250000E-8	0.002047
7.255000E-8	0.002084
7.260000E-8	0.002184
7.265000E-8	0.002328
7.270000E-8	0.002391
7.275000E-8	0.002403
7.280000E-8	0.002447
7.285000E-8	0.002500
7.290000E-8	0.002400
7.295000E-8	0.002381
7.300000E-8	0.002228
7.305000E-8	0.002203
7.310000E-8	0.002175
7.315000E-8	0.002091
7.320000E-8	0.002063
7.325000E-8	0.002041
7.330000E-8	0.001841
7.335000E-8	0.001853
7.340000E-8	0.001894
7.345000E-8	0.002012
7.350000E-8	0.001916
7.355000E-8	0.002150
7.360000E-8	0.002156
7.365000E-8	0.002319
7.370000E-8	0.002313
7.375000E-8	0.002463
7.380000E-8	0.002481
7.385000E-8	0.002469
7.390000E-8	0.002359
7.395000E-8	0.002294
7.400000E-8	0.002259
7.405000E-8	0.002266
7.410000E-8	0.002162
7.415000E-8	0.002162
7.420000E-8	0.002094
7.425000E-8	0.002084
7.430000E-8	0.001947
7.435000E-8	0.002022
7.440000E-8	0.002141
7.445000E-8	0.002141
7.450000E-8	0.002131
7.455000E-8	0.002191
7.460000E-8	0.002072
7.465000E-8	0.002250
7.470000E-8	0.002263
7.475000E-8	0.002319
7.480000E-8	0.002369
7.485000E-8	0.002500
7.490000E-8	0.002491
7.495000E-8	0.002463
7.500000E-8	0.002375
7.505000E-8	0.002459
7.510000E-8	0.002359
7.515000E-8	0.002416
7.520000E-8	0.002316
7.525000E-8	0.002347
7.530000E-8	0.002153
7.535000E-8	0.002188
7.540000E-8	0.002191
7.545000E-8	0.002166
7.550000E-8	0.002178
7.555000E-8	0.002209
7.560000E-8	0.002150
7.565000E-8	0.002188
7.570000E-8	0.002200
7.575000E-8	0.002316
7.580000E-8	0.002222
7.585000E-8	0.002225
7.590000E-8	0.002294
7.595000E-8	0.002341
7.600000E-8	0.002366
7.605000E-8	0.002303
7.610000E-8	0.002200
7.615000E-8	0.002225
7.620000E-8	0.002028
7.625000E-8	0.001941
7.630000E-8	0.001919
7.635000E-8	0.001944
7.640000E-8	0.002009
7.645000E-8	0.002012
7.650000E-8	0.002003
7.655000E-8	0.002106
7.660000E-8	0.002194
7.665000E-8	0.002272
7.670000E-8	0.002303
7.675000E-8	0.002263
7.680000E-8	0.002322
7.685000E-8	0.002353
7.690000E-8	0.002237
7.695000E-8	0.002172
7.700000E-8	0.002106
7.705000E-8	0.002066
7.710000E-8	0.001947
7.715000E-8	0.001916
7.720000E-8	0.001863
7.725000E-8	0.001913
7.730000E-8	0.001884
7.735000E-8	0.001922
7.740000E-8	0.001869
7.745000E-8	0.001916
7.750000E-8	0.001947
7.755000E-8	0.002075
7.760000E-8	0.002156
7.765000E-8	0.002256
7.770000E-8	0.002447
7.775000E-8	0.002444
7.780000E-8	0.002381
7.785000E-8	0.002356
7.790000E-8	0.002341
7.795000E-8	0.002347
7.800000E-8	0.002188
7.805000E-8	0.002022
7.810000E-8	0.001959
7.815000E-8	0.002006
7.820000E-8	0.001941
7.825000E-8	0.002038
7.830000E-8	0.001972
7.835000E-8	0.002016
7.840000E-8	0.002019
7.845000E-8	0.002144
7.850000E-8	0.002091
7.855000E-8	0.002141
7.860000E-8	0.002203
7.865000E-8	0.002250
7.870000E-8	0.002166
7.875000E-8	0.002200
7.880000E-8	0.002100
7.885000E-8	0.002084
7.890000E-8	0.001997
7.895000E-8	0.001981
7.900000E-8	0.001966
7.905000E-8	0.001847
7.910000E-8	0.001747
7.915000E-8	0.001800
7.920000E-8	0.001794
7.925000E-8	0.001863
7.930000E-8	0.001969
7.935000E-8	0.002003
7.940000E-8	0.002138
7.945000E-8	0.002228
7.950000E-8	0.002313
7.955000E-8	0.002431
7.960000E-8	0.002459
7.965000E-8	0.002469
7.970000E-8	0.002544
7.975000E-8	0.002569
7.980000E-8	0.002431
7.985000E-8	0.002459
7.990000E-8	0.002353
7.995000E-8	0.002422
8.000000E-8	0.002397
8.005000E-8	0.002341
8.010000E-8	0.002156
8.015000E-8	0.002144
8.020000E-8	0.002081
8.025000E-8	0.002072
8.030000E-8	0.001988
8.035000E-8	0.002059
8.040000E-8	0.002144
8.045000E-8	0.002087
8.050000E-8	0.002219
8.055000E-8	0.002259
8.060000E-8	0.002237
8.065000E-8	0.002241
8.070000E-8	0.002194
8.075000E-8	0.002153
8.080000E-8	0.002063
8.085000E-8	0.002116
8.090000E-8	0.002069
8.095000E-8	0.002087
8.100000E-8	0.002044
8.105000E-8	0.002066
8.110000E-8	0.002181
8.115000E-8	0.002119
8.120000E-8	0.002019
8.125000E-8	0.002050
8.130000E-8	0.002044
8.135000E-8	0.002178
8.140000E-8	0.002166
8.145000E-8	0.002241
8.150000E-8	0.002300
8.155000E-8	0.002363
8.160000E-8	0.002459
8.165000E-8	0.002466
8.170000E-8	0.002456
8.175000E-8	0.002422
8.180000E-8	0.002338
8.185000E-8	0.002106
8.190000E-8	0.002100
8.195000E-8	0.001981
8.200000E-8	0.001809
8.205000E-8	0.001825
8.210000E-8	0.001728
8.215000E-8	0.001819
8.220000E-8	0.001784
8.225000E-8	0.001825
8.230000E-8	0.001959
8.235000E-8	0.002084
8.240000E-8	0.002147
8.245000E-8	0.002159
8.250000E-8	0.002216
8.255000E-8	0.002219
8.260000E-8	0.002191
8.265000E-8	0.002159
8.270000E-8	0.002141
8.275000E-8	0.002178
8.280000E-8	0.002222
8.285000E-8	0.002156
8.290000E-8	0.002128
8.295000E-8	0.002188
8.300000E-8	0.002153
8.305000E-8	0.002141
8.310000E-8	0.002247
8.315000E-8	0.002269
8.320000E-8	0.002322
8.325000E-8	0.002087
8.330000E-8	0.002122
8.335000E-8	0.002109
8.340000E-8	0.002119
8.345000E-8	0.002178
8.350000E-8	0.002181
8.355000E-8	0.002244
8.360000E-8	0.002206
8.365000E-8	0.002147
8.370000E-8	0.002166
8.375000E-8	0.002125
8.380000E-8	0.002122
8.385000E-8	0.002022
8.390000E-8	0.002009
8.395000E-8	0.001931
8.400000E-8	0.001991
8.405000E-8	0.002087
8.410000E-8	0.002019
8.415000E-8	0.002066
8.420000E-8	0.002138
8.425000E-8	0.002197
8.430000E-8	0.002234
8.435000E-8	0.002325
8.440000E-8	0.002344
8.445000E-8	0.002334
8.450000E-8	0.002319
8.455000E-8	0.002331
8.460000E-8	0.002191
8.465000E-8	0.002209
8.470000E-8	0.002094
8.475000E-8	0.002041
8.480000E-8	0.002097
8.485000E-8	0.002091
8.490000E-8	0.002106
8.495000E-8	0.002072
8.500000E-8	0.002066
8.505000E-8	0.001978
8.510000E-8	0.001994
8.515000E-8	0.001903
8.520000E-8	0.001897
8.525000E-8	0.001975
8.530000E-8	0.001953
8.535000E-8	0.002028
8.540000E-8	0.002016
8.545000E-8	0.002125
8.550000E-8	0.002284
8.555000E-8	0.002350
8.560000E-8	0.002313
8.565000E-8	0.002506
8.570000E-8	0.002403
8.575000E-8	0.002409
8.580000E-8	0.002244
8.585000E-8	0.002316
8.590000E-8	0.002247
8.595000E-8	0.002103
8.600000E-8	0.002025
8.605000E-8	0.001991
8.610000E-8	0.001984
8.615000E-8	0.001975
8.620000E-8	0.001881
8.625000E-8	0.001856
8.630000E-8	0.001900
8.635000E-8	0.002006
8.640000E-8	0.002003
8.645000E-8	0.002100
8.650000E-8	0.002131
8.655000E-8	0.002309
8.660000E-8	0.002369
8.665000E-8	0.002437
8.670000E-8	0.002372
8.675000E-8	0.002484
8.680000E-8	0.002372
8.685000E-8	0.002303
8.690000E-8	0.002237
8.695000E-8	0.002228
8.700000E-8	0.001984
8.705000E-8	0.001966
8.710000E-8	0.001884
8.715000E-8	0.001916
8.720000E-8	0.001944
8.725000E-8	0.001863
8.730000E-8	0.001906
8.735000E-8	0.001909
8.740000E-8	0.001984
8.745000E-8	0.001909
8.750000E-8	0.001850
8.755000E-8	0.001922
8.760000E-8	0.001828
8.765000E-8	0.001900
8.770000E-8	0.001841
8.775000E-8	0.001800
8.780000E-8	0.001853
8.785000E-8	0.001819
8.790000E-8	0.001769
8.795000E-8	0.001878
8.800000E-8	0.001884
8.805000E-8	0.001875
8.810000E-8	0.001872
8.815000E-8	0.001922
8.820000E-8	0.001969
8.825000E-8	0.002019
8.830000E-8	0.002094
8.835000E-8	0.002188
8.840000E-8	0.002156
8.845000E-8	0.002359
8.850000E-8	0.002409
8.855000E-8	0.002497
8.860000E-8	0.002475
8.865000E-8	0.002428
8.870000E-8	0.002353
8.875000E-8	0.002359
8.880000E-8	0.002328
8.885000E-8	0.002178
8.890000E-8	0.002106
8.895000E-8	0.002119
8.900000E-8	0.002025
8.905000E-8	0.002100
8.910000E-8	0.002084
8.915000E-8	0.002113
8.920000E-8	0.002203
8.925000E-8	0.002263
8.930000E-8	0.002275
8.935000E-8	0.002294
8.940000E-8	0.002278
8.945000E-8	0.002288
8.950000E-8	0.002237
8.955000E-8	0.002319
8.960000E-8	0.002144
8.965000E-8	0.002141
8.970000E-8	0.002075
8.975000E-8	0.002012
8.980000E-8	0.002022
8.985000E-8	0.001969
8.990000E-8	0.001975
8.995000E-8	0.002000
9.000000E-8	0.001969
9.005000E-8	0.002162
9.010000E-8	0.002181
9.015000E-8	0.002263
9.020000E-8	0.002313
9.025000E-8	0.002334
9.030000E-8	0.002319
9.035000E-8	0.002428
9.040000E-8	0.002403
9.045000E-8	0.002341
9.050000E-8	0.002338
9.055000E-8	0.002178
9.060000E-8	0.002109
9.065000E-8	0.002053
9.070000E-8	0.002031
9.075000E-8	0.001909
9.080000E-8	0.001816
9.085000E-8	0.001728
9.090000E-8	0.001713
9.095000E-8	0.001778
9.100000E-8	0.001856
9.105000E-8	0.001903
9.110000E-8	0.001863
9.115000E-8	0.001956
9.120000E-8	0.001959
9.125000E-8	0.002128
9.130000E-8	0.002125
9.135000E-8	0.002159
9.140000E-8	0.002181
9.145000E-8	0.002219
9.150000E-8	0.002200
9.155000E-8	0.002109
9.160000E-8	0.002028
9.165000E-8	0.002109
9.170000E-8	0.002038
9.175000E-8	0.002022
9.180000E-8	0.002012
9.185000E-8	0.002044
9.190000E-8	0.002059
9.195000E-8	0.002047
9.200000E-8	0.002016
9.205000E-8	0.002031
9.210000E-8	0.002028
9.215000E-8	0.002084
9.220000E-8	0.001963
9.225000E-8	0.002119
9.230000E-8	0.002275
9.235000E-8	0.002250
9.240000E-8	0.002234
9.245000E-8	0.002259
9.250000E-8	0.002266
9.255000E-8	0.002269
9.260000E-8	0.002209
9.265000E-8	0.002291
9.270000E-8	0.002272
9.275000E-8	0.002144
9.280000E-8	0.002119
9.285000E-8	0.002144
9.290000E-8	0.002047
9.295000E-8	0.002022
9.300000E-8	0.002041
9.305000E-8	0.002063
9.310000E-8	0.002109
9.315000E-8	0.002028
9.320000E-8	0.001972
9.325000E-8	0.002069
9.330000E-8	0.001931
9.335000E-8	0.001994
9.340000E-8	0.002019
9.345000E-8	0.001978
9.350000E-8	0.002044
9.355000E-8	0.002100
9.360000E-8	0.002172
9.365000E-8	0.002125
9.370000E-8	0.002138
9.375000E-8	0.002119
9.380000E-8	0.002078
9.385000E-8	0.002056
9.390000E-8	0.001944
9.395000E-8	0.001969
9.400000E-8	0.001991
9.405000E-8	0.002072
9.410000E-8	0.001969
9.415000E-8	0.002078
9.420000E-8	0.002050
9.425000E-8	0.002069
9.430000E-8	0.002072
9.435000E-8	0.002122
9.440000E-8	0.002209
9.445000E-8	0.002216
9.450000E-8	0.002237
9.455000E-8	0.002288
9.460000E-8	0.002219
9.465000E-8	0.002250
9.470000E-8	0.002156
9.475000E-8	0.002194
9.480000E-8	0.002194
9.485000E-8	0.002266
9.490000E-8	0.002209
9.495000E-8	0.002250
9.500000E-8	0.002222
9.505000E-8	0.002294
9.510000E-8	0.002406
9.515000E-8	0.002406
9.520000E-8	0.002288
9.525000E-8	0.002431
9.530000E-8	0.002363
9.535000E-8	0.002334
9.540000E-8	0.002269
9.545000E-8	0.002341
9.550000E-8	0.002169
9.555000E-8	0.002072
9.560000E-8	0.001969
9.565000E-8	0.001916
9.570000E-8	0.001866
9.575000E-8	0.001888
9.580000E-8	0.001766
9.585000E-8	0.001791
9.590000E-8	0.001822
9.595000E-8	0.001897
9.600000E-8	0.001947
9.605000E-8	0.002128
9.610000E-8	0.002234
9.615000E-8	0.002266
9.620000E-8	0.002381
9.625000E-8	0.002281
9.630000E-8	0.002197
9.635000E-8	0.002200
9.640000E-8	0.002106
9.645000E-8	0.001925
9.650000E-8	0.001813
9.655000E-8	0.001781
9.660000E-8	0.001694
9.665000E-8	0.001763
9.670000E-8	0.001584
9.675000E-8	0.001719
9.680000E-8	0.001806
9.685000E-8	0.001931
9.690000E-8	0.002084
9.695000E-8	0.002113
9.700000E-8	0.002119
9.705000E-8	0.002266
9.710000E-8	0.002222
9.715000E-8	0.002253
9.720000E-8	0.002191
9.725000E-8	0.002116
9.730000E-8	0.002103
9.735000E-8	0.002153
9.740000E-8	0.002116
9.745000E-8	0.002122
9.750000E-8	0.002100
9.755000E-8	0.002134
9.760000E-8	0.002022
9.765000E-8	0.001981
9.770000E-8	0.001872
9.775000E-8	0.001931
9.780000E-8	0.001953
9.785000E-8	0.001969
9.790000E-8	0.002019
9.795000E-8	0.002009
9.800000E-8	0.002063
9.805000E-8	0.002281
9.810000E-8	0.002247
9.815000E-8	0.002231
9.820000E-8	0.002328
9.825000E-8	0.002403
9.830000E-8	0.002306
9.835000E-8	0.002344
9.840000E-8	0.002228
9.845000E-8	0.002281
9.850000E-8	0.002197
9.855000E-8	0.002275
9.860000E-8	0.002113
9.865000E-8	0.002125
9.870000E-8	0.002156
9.875000E-8	0.002213
9.880000E-8	0.002234
9.885000E-8	0.002178
9.890000E-8	0.002275
9.895000E-8	0.002191
9.900000E-8	0.002159
9.905000E-8	0.002016
9.910000E-8	0.002006
9.915000E-8	0.002087
9.920000E-8	0.001978
9.925000E-8	0.002012
9.930000E-8	0.002038
9.935000E-8	0.002078
9.940000E-8	0.002100
9.945000E-8	0.002113
9.950000E-8	0.002034
9.955000E-8	0.002134
9.960000E-8	0.002056
9.965000E-8	0.002019
9.970000E-8	0.002000
9.975000E-8	0.002028
9.980000E-8	0.001953
9.985000E-8	0.001969
9.990000E-8	0.001838
9.995000E-8	0.001975
