LabVIEW Measurement	
Writer_Version	2
Reader_Version	2
Separator	Tab
Decimal_Separator	.
Multi_Headings	No
X_Columns	Multi
Time_Pref	Relative
Operator	TG lab
Date	2015/03/06
Time	15:55:38.8450069427490234375
***End_of_Header***	
	
Channels	1	
Samples	2000	
Date	1903/12/31	
Time	19:00:00	
X_Dimension	Time	
X0	0.0000000000000000E+0	
Delta_X	5.000000E-11	
***End_of_Header***		
X_Value	Untitled	Comment
0.000000	0.002244
5.000000E-11	0.002288
1.000000E-10	0.002328
1.500000E-10	0.002469
2.000000E-10	0.002416
2.500000E-10	0.002547
3.000000E-10	0.002497
3.500000E-10	0.002506
4.000000E-10	0.002400
4.500000E-10	0.002431
5.000000E-10	0.002313
5.500000E-10	0.002391
6.000000E-10	0.002209
6.500000E-10	0.002191
7.000000E-10	0.002091
7.500000E-10	0.002091
8.000000E-10	0.002113
8.500000E-10	0.002053
9.000000E-10	0.002066
9.500000E-10	0.001978
1.000000E-9	0.001922
1.050000E-9	0.001928
1.100000E-9	0.001803
1.150000E-9	0.001916
1.200000E-9	0.001897
1.250000E-9	0.001984
1.300000E-9	0.001875
1.350000E-9	0.001991
1.400000E-9	0.001925
1.450000E-9	0.002019
1.500000E-9	0.001991
1.550000E-9	0.001888
1.600000E-9	0.001831
1.650000E-9	0.001934
1.700000E-9	0.001922
1.750000E-9	0.001959
1.800000E-9	0.001869
1.850000E-9	0.001863
1.900000E-9	0.001831
1.950000E-9	0.001859
2.000000E-9	0.001872
2.050000E-9	0.001978
2.100000E-9	0.002006
2.150000E-9	0.001975
2.200000E-9	0.001919
2.250000E-9	0.002041
2.300000E-9	0.002038
2.350000E-9	0.002141
2.400000E-9	0.002166
2.450000E-9	0.002263
2.500000E-9	0.002228
2.550000E-9	0.002359
2.600000E-9	0.002359
2.650000E-9	0.002481
2.700000E-9	0.002416
2.750000E-9	0.002375
2.800000E-9	0.002275
2.850000E-9	0.002400
2.900000E-9	0.002288
2.950000E-9	0.002225
3.000000E-9	0.002006
3.050000E-9	0.002003
3.100000E-9	0.001934
3.150000E-9	0.002034
3.200000E-9	0.002119
3.250000E-9	0.002113
3.300000E-9	0.002188
3.350000E-9	0.002216
3.400000E-9	0.002269
3.450000E-9	0.002309
3.500000E-9	0.002359
3.550000E-9	0.002372
3.600000E-9	0.002381
3.650000E-9	0.002431
3.700000E-9	0.002419
3.750000E-9	0.002413
3.800000E-9	0.002359
3.850000E-9	0.002300
3.900000E-9	0.002341
3.950000E-9	0.002388
4.000000E-9	0.002338
4.050000E-9	0.002450
4.100000E-9	0.002437
4.150000E-9	0.002466
4.200000E-9	0.002463
4.250000E-9	0.002500
4.300000E-9	0.002500
4.350000E-9	0.002525
4.400000E-9	0.002500
4.450000E-9	0.002531
4.500000E-9	0.002466
4.550000E-9	0.002516
4.600000E-9	0.002525
4.650000E-9	0.002509
4.700000E-9	0.002388
4.750000E-9	0.002469
4.800000E-9	0.002394
4.850000E-9	0.002488
4.900000E-9	0.002403
4.950000E-9	0.002600
5.000000E-9	0.002500
5.050000E-9	0.002509
5.100000E-9	0.002609
5.150000E-9	0.002641
5.200000E-9	0.002759
5.250000E-9	0.002775
5.300000E-9	0.002703
5.350000E-9	0.002716
5.400000E-9	0.002753
5.450000E-9	0.002888
5.500000E-9	0.002778
5.550000E-9	0.002816
5.600000E-9	0.002691
5.650000E-9	0.002688
5.700000E-9	0.002791
5.750000E-9	0.002794
5.800000E-9	0.002681
5.850000E-9	0.002725
5.900000E-9	0.002703
5.950000E-9	0.002806
6.000000E-9	0.002763
6.050000E-9	0.002888
6.100000E-9	0.002981
6.150000E-9	0.002944
6.200000E-9	0.002859
6.250000E-9	0.002969
6.300000E-9	0.003016
6.350000E-9	0.003022
6.400000E-9	0.003003
6.450000E-9	0.002941
6.500000E-9	0.002991
6.550000E-9	0.003047
6.600000E-9	0.003050
6.650000E-9	0.003184
6.700000E-9	0.003241
6.750000E-9	0.003403
6.800000E-9	0.003556
6.850000E-9	0.003763
6.900000E-9	0.003841
6.950000E-9	0.003969
7.000000E-9	0.003984
7.050000E-9	0.004272
7.100000E-9	0.004347
7.150000E-9	0.004616
7.200000E-9	0.004866
7.250000E-9	0.005313
7.300000E-9	0.005600
7.350000E-9	0.006141
7.400000E-9	0.006672
7.450000E-9	0.007422
7.500000E-9	0.008328
7.550000E-9	0.009303
7.600000E-9	0.010366
7.650000E-9	0.011497
7.700000E-9	0.012572
7.750000E-9	0.013659
7.800000E-9	0.014550
7.850000E-9	0.015388
7.900000E-9	0.016063
7.950000E-9	0.016766
8.000000E-9	0.017413
8.050000E-9	0.018116
8.100000E-9	0.018831
8.150000E-9	0.019734
8.200000E-9	0.020678
8.250000E-9	0.021891
8.300000E-9	0.022994
8.350000E-9	0.024037
8.400000E-9	0.024966
8.450000E-9	0.025641
8.500000E-9	0.026044
8.550000E-9	0.025872
8.600000E-9	0.025431
8.650000E-9	0.024488
8.700000E-9	0.023134
8.750000E-9	0.021688
8.800000E-9	0.019922
8.850000E-9	0.018244
8.900000E-9	0.016688
8.950000E-9	0.015388
9.000000E-9	0.014525
9.050000E-9	0.014088
9.100000E-9	0.013884
9.150000E-9	0.014234
9.200000E-9	0.014541
9.250000E-9	0.015256
9.300000E-9	0.015791
9.350000E-9	0.016522
9.400000E-9	0.016784
9.450000E-9	0.016991
9.500000E-9	0.016797
9.550000E-9	0.016278
9.600000E-9	0.015609
9.650000E-9	0.014659
9.700000E-9	0.013528
9.750000E-9	0.012309
9.800000E-9	0.011134
9.850000E-9	0.010128
9.900000E-9	0.009266
9.950000E-9	0.008878
1.000000E-8	0.008388
1.005000E-8	0.008366
1.010000E-8	0.008628
1.015000E-8	0.009225
1.020000E-8	0.009634
1.025000E-8	0.010184
1.030000E-8	0.010797
1.035000E-8	0.011241
1.040000E-8	0.011469
1.045000E-8	0.011622
1.050000E-8	0.011484
1.055000E-8	0.011150
1.060000E-8	0.010537
1.065000E-8	0.009850
1.070000E-8	0.009056
1.075000E-8	0.008125
1.080000E-8	0.007250
1.085000E-8	0.006516
1.090000E-8	0.006091
1.095000E-8	0.005694
1.100000E-8	0.005491
1.105000E-8	0.005603
1.110000E-8	0.005822
1.115000E-8	0.006322
1.120000E-8	0.006825
1.125000E-8	0.007353
1.130000E-8	0.007834
1.135000E-8	0.008263
1.140000E-8	0.008463
1.145000E-8	0.008488
1.150000E-8	0.008331
1.155000E-8	0.007853
1.160000E-8	0.007306
1.165000E-8	0.006622
1.170000E-8	0.005741
1.175000E-8	0.005094
1.180000E-8	0.004378
1.185000E-8	0.003925
1.190000E-8	0.003447
1.195000E-8	0.003244
1.200000E-8	0.003216
1.205000E-8	0.003413
1.210000E-8	0.003641
1.215000E-8	0.004091
1.220000E-8	0.004469
1.225000E-8	0.005134
1.230000E-8	0.005478
1.235000E-8	0.005938
1.240000E-8	0.006131
1.245000E-8	0.006128
1.250000E-8	0.006078
1.255000E-8	0.005831
1.260000E-8	0.005513
1.265000E-8	0.004906
1.270000E-8	0.004309
1.275000E-8	0.003750
1.280000E-8	0.003150
1.285000E-8	0.002697
1.290000E-8	0.002237
1.295000E-8	0.002103
1.300000E-8	0.002069
1.305000E-8	0.002353
1.310000E-8	0.002600
1.315000E-8	0.003100
1.320000E-8	0.003506
1.325000E-8	0.004247
1.330000E-8	0.004753
1.335000E-8	0.005234
1.340000E-8	0.005484
1.345000E-8	0.005681
1.350000E-8	0.005656
1.355000E-8	0.005563
1.360000E-8	0.005028
1.365000E-8	0.004403
1.370000E-8	0.003859
1.375000E-8	0.003147
1.380000E-8	0.002581
1.385000E-8	0.002087
1.390000E-8	0.001669
1.395000E-8	0.001538
1.400000E-8	0.001719
1.405000E-8	0.001944
1.410000E-8	0.002463
1.415000E-8	0.003009
1.420000E-8	0.003634
1.425000E-8	0.004213
1.430000E-8	0.004716
1.435000E-8	0.005066
1.440000E-8	0.005284
1.445000E-8	0.005353
1.450000E-8	0.005147
1.455000E-8	0.004797
1.460000E-8	0.004172
1.465000E-8	0.003578
1.470000E-8	0.002888
1.475000E-8	0.002122
1.480000E-8	0.001469
1.485000E-8	0.001012
1.490000E-8	0.000716
1.495000E-8	0.000691
1.500000E-8	0.000844
1.505000E-8	0.001238
1.510000E-8	0.001866
1.515000E-8	0.002650
1.520000E-8	0.003391
1.525000E-8	0.004172
1.530000E-8	0.004681
1.535000E-8	0.005116
1.540000E-8	0.005178
1.545000E-8	0.005138
1.550000E-8	0.004734
1.555000E-8	0.004125
1.560000E-8	0.003525
1.565000E-8	0.002928
1.570000E-8	0.002116
1.575000E-8	0.001559
1.580000E-8	0.000959
1.585000E-8	0.000581
1.590000E-8	0.000484
1.595000E-8	0.000563
1.600000E-8	0.000981
1.605000E-8	0.001550
1.610000E-8	0.002297
1.615000E-8	0.003016
1.620000E-8	0.003719
1.625000E-8	0.004350
1.630000E-8	0.004881
1.635000E-8	0.005184
1.640000E-8	0.005159
1.645000E-8	0.004997
1.650000E-8	0.004522
1.655000E-8	0.003959
1.660000E-8	0.003138
1.665000E-8	0.002428
1.670000E-8	0.001597
1.675000E-8	0.001163
1.680000E-8	0.000734
1.685000E-8	0.000675
1.690000E-8	0.000666
1.695000E-8	0.001009
1.700000E-8	0.001391
1.705000E-8	0.002059
1.710000E-8	0.002662
1.715000E-8	0.003409
1.720000E-8	0.003988
1.725000E-8	0.004425
1.730000E-8	0.004641
1.735000E-8	0.004694
1.740000E-8	0.004431
1.745000E-8	0.004047
1.750000E-8	0.003428
1.755000E-8	0.002806
1.760000E-8	0.002056
1.765000E-8	0.001509
1.770000E-8	0.000991
1.775000E-8	0.000588
1.780000E-8	0.000366
1.785000E-8	0.000425
1.790000E-8	0.000659
1.795000E-8	0.001069
1.800000E-8	0.001481
1.805000E-8	0.002103
1.810000E-8	0.002734
1.815000E-8	0.003278
1.820000E-8	0.003656
1.825000E-8	0.003916
1.830000E-8	0.004019
1.835000E-8	0.003941
1.840000E-8	0.003697
1.845000E-8	0.003319
1.850000E-8	0.002866
1.855000E-8	0.002416
1.860000E-8	0.001772
1.865000E-8	0.001322
1.870000E-8	0.001041
1.875000E-8	0.000941
1.880000E-8	0.000869
1.885000E-8	0.001022
1.890000E-8	0.001241
1.895000E-8	0.001706
1.900000E-8	0.002138
1.905000E-8	0.002797
1.910000E-8	0.003125
1.915000E-8	0.003628
1.920000E-8	0.003825
1.925000E-8	0.003941
1.930000E-8	0.003888
1.935000E-8	0.003925
1.940000E-8	0.003697
1.945000E-8	0.003200
1.950000E-8	0.002791
1.955000E-8	0.002188
1.960000E-8	0.001675
1.965000E-8	0.001291
1.970000E-8	0.001009
1.975000E-8	0.000737
1.980000E-8	0.000753
1.985000E-8	0.000925
1.990000E-8	0.001256
1.995000E-8	0.001759
2.000000E-8	0.002303
2.005000E-8	0.002834
2.010000E-8	0.003356
2.015000E-8	0.003844
2.020000E-8	0.004209
2.025000E-8	0.004369
2.030000E-8	0.004303
2.035000E-8	0.004184
2.040000E-8	0.003694
2.045000E-8	0.003209
2.050000E-8	0.002409
2.055000E-8	0.001863
2.060000E-8	0.001244
2.065000E-8	0.000809
2.070000E-8	0.000447
2.075000E-8	0.000441
2.080000E-8	0.000569
2.085000E-8	0.000909
2.090000E-8	0.001338
2.095000E-8	0.001844
2.100000E-8	0.002369
2.105000E-8	0.002913
2.110000E-8	0.003475
2.115000E-8	0.003825
2.120000E-8	0.004041
2.125000E-8	0.004013
2.130000E-8	0.003769
2.135000E-8	0.003422
2.140000E-8	0.002994
2.145000E-8	0.002413
2.150000E-8	0.001813
2.155000E-8	0.001306
2.160000E-8	0.000734
2.165000E-8	0.000484
2.170000E-8	0.000294
2.175000E-8	0.000331
2.180000E-8	0.000553
2.185000E-8	0.000947
2.190000E-8	0.001259
2.195000E-8	0.001828
2.200000E-8	0.002463
2.205000E-8	0.002981
2.210000E-8	0.003400
2.215000E-8	0.003788
2.220000E-8	0.003981
2.225000E-8	0.004019
2.230000E-8	0.003853
2.235000E-8	0.003619
2.240000E-8	0.003056
2.245000E-8	0.002566
2.250000E-8	0.001937
2.255000E-8	0.001572
2.260000E-8	0.001141
2.265000E-8	0.000850
2.270000E-8	0.000659
2.275000E-8	0.000759
2.280000E-8	0.000903
2.285000E-8	0.001366
2.290000E-8	0.001797
2.295000E-8	0.002519
2.300000E-8	0.002925
2.305000E-8	0.003472
2.310000E-8	0.003850
2.315000E-8	0.004131
2.320000E-8	0.004091
2.325000E-8	0.003947
2.330000E-8	0.003709
2.335000E-8	0.003150
2.340000E-8	0.002563
2.345000E-8	0.002028
2.350000E-8	0.001319
2.355000E-8	0.000759
2.360000E-8	0.000341
2.365000E-8	0.000134
2.370000E-8	0.000109
2.375000E-8	0.000503
2.380000E-8	0.000881
2.385000E-8	0.001456
2.390000E-8	0.002256
2.395000E-8	0.002928
2.400000E-8	0.003434
2.405000E-8	0.003847
2.410000E-8	0.004203
2.415000E-8	0.004247
2.420000E-8	0.004053
2.425000E-8	0.003619
2.430000E-8	0.003159
2.435000E-8	0.002594
2.440000E-8	0.001978
2.445000E-8	0.001334
2.450000E-8	0.000747
2.455000E-8	0.000450
2.460000E-8	0.000263
2.465000E-8	0.000272
2.470000E-8	0.000331
2.475000E-8	0.000766
2.480000E-8	0.001266
2.485000E-8	0.001728
2.490000E-8	0.002325
2.495000E-8	0.002916
2.500000E-8	0.003350
2.505000E-8	0.003669
2.510000E-8	0.003763
2.515000E-8	0.003738
2.520000E-8	0.003541
2.525000E-8	0.003209
2.530000E-8	0.002734
2.535000E-8	0.002344
2.540000E-8	0.001813
2.545000E-8	0.001263
2.550000E-8	0.000828
2.555000E-8	0.000663
2.560000E-8	0.000516
2.565000E-8	0.000431
2.570000E-8	0.000653
2.575000E-8	0.001078
2.580000E-8	0.001603
2.585000E-8	0.002087
2.590000E-8	0.002497
2.595000E-8	0.002997
2.600000E-8	0.003316
2.605000E-8	0.003584
2.610000E-8	0.003675
2.615000E-8	0.003613
2.620000E-8	0.003297
2.625000E-8	0.003025
2.630000E-8	0.002550
2.635000E-8	0.002044
2.640000E-8	0.001544
2.645000E-8	0.001144
2.650000E-8	0.000816
2.655000E-8	0.000600
2.660000E-8	0.000488
2.665000E-8	0.000709
2.670000E-8	0.000934
2.675000E-8	0.001388
2.680000E-8	0.001697
2.685000E-8	0.002313
2.690000E-8	0.002806
2.695000E-8	0.003131
2.700000E-8	0.003325
2.705000E-8	0.003547
2.710000E-8	0.003563
2.715000E-8	0.003425
2.720000E-8	0.002959
2.725000E-8	0.002556
2.730000E-8	0.002022
2.735000E-8	0.001663
2.740000E-8	0.001191
2.745000E-8	0.000944
2.750000E-8	0.000669
2.755000E-8	0.000756
2.760000E-8	0.000841
2.765000E-8	0.001241
2.770000E-8	0.001572
2.775000E-8	0.002072
2.780000E-8	0.002541
2.785000E-8	0.003056
2.790000E-8	0.003350
2.795000E-8	0.003669
2.800000E-8	0.003816
2.805000E-8	0.003925
2.810000E-8	0.003784
2.815000E-8	0.003706
2.820000E-8	0.003272
2.825000E-8	0.002909
2.830000E-8	0.002419
2.835000E-8	0.002034
2.840000E-8	0.001581
2.845000E-8	0.001344
2.850000E-8	0.001063
2.855000E-8	0.000903
2.860000E-8	0.000925
2.865000E-8	0.001231
2.870000E-8	0.001466
2.875000E-8	0.001969
2.880000E-8	0.002294
2.885000E-8	0.002741
2.890000E-8	0.003181
2.895000E-8	0.003475
2.900000E-8	0.003594
2.905000E-8	0.003597
2.910000E-8	0.003441
2.915000E-8	0.003278
2.920000E-8	0.003003
2.925000E-8	0.002619
2.930000E-8	0.002113
2.935000E-8	0.001725
2.940000E-8	0.001281
2.945000E-8	0.001016
2.950000E-8	0.000631
2.955000E-8	0.000697
2.960000E-8	0.000716
2.965000E-8	0.000931
2.970000E-8	0.001247
2.975000E-8	0.001731
2.980000E-8	0.002144
2.985000E-8	0.002697
2.990000E-8	0.003078
2.995000E-8	0.003416
3.000000E-8	0.003397
3.005000E-8	0.003341
3.010000E-8	0.003219
3.015000E-8	0.002909
3.020000E-8	0.002525
3.025000E-8	0.002044
3.030000E-8	0.001675
3.035000E-8	0.001359
3.040000E-8	0.000925
3.045000E-8	0.000838
3.050000E-8	0.000781
3.055000E-8	0.000922
3.060000E-8	0.001038
3.065000E-8	0.001469
3.070000E-8	0.001716
3.075000E-8	0.002222
3.080000E-8	0.002634
3.085000E-8	0.003119
3.090000E-8	0.003394
3.095000E-8	0.003656
3.100000E-8	0.003650
3.105000E-8	0.003528
3.110000E-8	0.003378
3.115000E-8	0.003038
3.120000E-8	0.002544
3.125000E-8	0.002122
3.130000E-8	0.001772
3.135000E-8	0.001353
3.140000E-8	0.001106
3.145000E-8	0.000903
3.150000E-8	0.000897
3.155000E-8	0.001138
3.160000E-8	0.001416
3.165000E-8	0.001878
3.170000E-8	0.002272
3.175000E-8	0.002775
3.180000E-8	0.003225
3.185000E-8	0.003553
3.190000E-8	0.003587
3.195000E-8	0.003547
3.200000E-8	0.003456
3.205000E-8	0.003278
3.210000E-8	0.002888
3.215000E-8	0.002475
3.220000E-8	0.001903
3.225000E-8	0.001441
3.230000E-8	0.001144
3.235000E-8	0.000847
3.240000E-8	0.000684
3.245000E-8	0.000834
3.250000E-8	0.001088
3.255000E-8	0.001334
3.260000E-8	0.001584
3.265000E-8	0.002119
3.270000E-8	0.002453
3.275000E-8	0.002756
3.280000E-8	0.003094
3.285000E-8	0.003316
3.290000E-8	0.003384
3.295000E-8	0.003403
3.300000E-8	0.003238
3.305000E-8	0.003025
3.310000E-8	0.002616
3.315000E-8	0.002291
3.320000E-8	0.001888
3.325000E-8	0.001578
3.330000E-8	0.001203
3.335000E-8	0.001016
3.340000E-8	0.000897
3.345000E-8	0.001038
3.350000E-8	0.001163
3.355000E-8	0.001294
3.360000E-8	0.001631
3.365000E-8	0.002072
3.370000E-8	0.002544
3.375000E-8	0.002963
3.380000E-8	0.003266
3.385000E-8	0.003494
3.390000E-8	0.003563
3.395000E-8	0.003516
3.400000E-8	0.003222
3.405000E-8	0.002966
3.410000E-8	0.002463
3.415000E-8	0.002300
3.420000E-8	0.001944
3.425000E-8	0.001625
3.430000E-8	0.001447
3.435000E-8	0.001547
3.440000E-8	0.001625
3.445000E-8	0.001694
3.450000E-8	0.001859
3.455000E-8	0.002300
3.460000E-8	0.002500
3.465000E-8	0.002778
3.470000E-8	0.003047
3.475000E-8	0.003269
3.480000E-8	0.003369
3.485000E-8	0.003431
3.490000E-8	0.003297
3.495000E-8	0.003159
3.500000E-8	0.002872
3.505000E-8	0.002703
3.510000E-8	0.002388
3.515000E-8	0.002213
3.520000E-8	0.002009
3.525000E-8	0.001734
3.530000E-8	0.001578
3.535000E-8	0.001478
3.540000E-8	0.001391
3.545000E-8	0.001566
3.550000E-8	0.001691
3.555000E-8	0.001934
3.560000E-8	0.002147
3.565000E-8	0.002437
3.570000E-8	0.002584
3.575000E-8	0.002853
3.580000E-8	0.002963
3.585000E-8	0.003012
3.590000E-8	0.002978
3.595000E-8	0.002875
3.600000E-8	0.002616
3.605000E-8	0.002378
3.610000E-8	0.002031
3.615000E-8	0.001853
3.620000E-8	0.001675
3.625000E-8	0.001525
3.630000E-8	0.001338
3.635000E-8	0.001384
3.640000E-8	0.001406
3.645000E-8	0.001469
3.650000E-8	0.001734
3.655000E-8	0.002006
3.660000E-8	0.002291
3.665000E-8	0.002550
3.670000E-8	0.002719
3.675000E-8	0.002969
3.680000E-8	0.002991
3.685000E-8	0.003022
3.690000E-8	0.002863
3.695000E-8	0.002725
3.700000E-8	0.002563
3.705000E-8	0.002269
3.710000E-8	0.002000
3.715000E-8	0.001753
3.720000E-8	0.001459
3.725000E-8	0.001369
3.730000E-8	0.001181
3.735000E-8	0.001184
3.740000E-8	0.001313
3.745000E-8	0.001575
3.750000E-8	0.001775
3.755000E-8	0.002222
3.760000E-8	0.002559
3.765000E-8	0.002906
3.770000E-8	0.003050
3.775000E-8	0.003181
3.780000E-8	0.003194
3.785000E-8	0.003278
3.790000E-8	0.003153
3.795000E-8	0.002888
3.800000E-8	0.002544
3.805000E-8	0.002288
3.810000E-8	0.001947
3.815000E-8	0.001684
3.820000E-8	0.001325
3.825000E-8	0.001288
3.830000E-8	0.001284
3.835000E-8	0.001356
3.840000E-8	0.001488
3.845000E-8	0.001844
3.850000E-8	0.002222
3.855000E-8	0.002625
3.860000E-8	0.003031
3.865000E-8	0.003156
3.870000E-8	0.003347
3.875000E-8	0.003481
3.880000E-8	0.003347
3.885000E-8	0.003106
3.890000E-8	0.002772
3.895000E-8	0.002463
3.900000E-8	0.002006
3.905000E-8	0.001691
3.910000E-8	0.001472
3.915000E-8	0.001334
3.920000E-8	0.001225
3.925000E-8	0.001294
3.930000E-8	0.001281
3.935000E-8	0.001509
3.940000E-8	0.001663
3.945000E-8	0.001959
3.950000E-8	0.002147
3.955000E-8	0.002484
3.960000E-8	0.002713
3.965000E-8	0.002916
3.970000E-8	0.002928
3.975000E-8	0.002941
3.980000E-8	0.002900
3.985000E-8	0.002737
3.990000E-8	0.002581
3.995000E-8	0.002347
4.000000E-8	0.002041
4.005000E-8	0.001822
4.010000E-8	0.001631
4.015000E-8	0.001628
4.020000E-8	0.001491
4.025000E-8	0.001544
4.030000E-8	0.001809
4.035000E-8	0.001959
4.040000E-8	0.002244
4.045000E-8	0.002541
4.050000E-8	0.002784
4.055000E-8	0.003066
4.060000E-8	0.003263
4.065000E-8	0.003331
4.070000E-8	0.003200
4.075000E-8	0.003087
4.080000E-8	0.002891
4.085000E-8	0.002662
4.090000E-8	0.002306
4.095000E-8	0.002047
4.100000E-8	0.001803
4.105000E-8	0.001553
4.110000E-8	0.001419
4.115000E-8	0.001347
4.120000E-8	0.001394
4.125000E-8	0.001566
4.130000E-8	0.001897
4.135000E-8	0.002156
4.140000E-8	0.002400
4.145000E-8	0.002631
4.150000E-8	0.002872
4.155000E-8	0.003156
4.160000E-8	0.003194
4.165000E-8	0.003122
4.170000E-8	0.002919
4.175000E-8	0.002819
4.180000E-8	0.002625
4.185000E-8	0.002388
4.190000E-8	0.002041
4.195000E-8	0.001872
4.200000E-8	0.001612
4.205000E-8	0.001416
4.210000E-8	0.001316
4.215000E-8	0.001394
4.220000E-8	0.001434
4.225000E-8	0.001609
4.230000E-8	0.001659
4.235000E-8	0.002028
4.240000E-8	0.002288
4.245000E-8	0.002422
4.250000E-8	0.002550
4.255000E-8	0.002653
4.260000E-8	0.002650
4.265000E-8	0.002625
4.270000E-8	0.002606
4.275000E-8	0.002556
4.280000E-8	0.002353
4.285000E-8	0.002175
4.290000E-8	0.001972
4.295000E-8	0.001694
4.300000E-8	0.001641
4.305000E-8	0.001556
4.310000E-8	0.001531
4.315000E-8	0.001488
4.320000E-8	0.001466
4.325000E-8	0.001609
4.330000E-8	0.001644
4.335000E-8	0.001909
4.340000E-8	0.002103
4.345000E-8	0.002353
4.350000E-8	0.002512
4.355000E-8	0.002737
4.360000E-8	0.002769
4.365000E-8	0.002925
4.370000E-8	0.002969
4.375000E-8	0.002853
4.380000E-8	0.002709
4.385000E-8	0.002587
4.390000E-8	0.002331
4.395000E-8	0.002066
4.400000E-8	0.001972
4.405000E-8	0.001847
4.410000E-8	0.001663
4.415000E-8	0.001628
4.420000E-8	0.001753
4.425000E-8	0.001872
4.430000E-8	0.001944
4.435000E-8	0.002256
4.440000E-8	0.002419
4.445000E-8	0.002563
4.450000E-8	0.002725
4.455000E-8	0.002800
4.460000E-8	0.002866
4.465000E-8	0.002903
4.470000E-8	0.002731
4.475000E-8	0.002625
4.480000E-8	0.002503
4.485000E-8	0.002313
4.490000E-8	0.001947
4.495000E-8	0.001703
4.500000E-8	0.001641
4.505000E-8	0.001628
4.510000E-8	0.001600
4.515000E-8	0.001706
4.520000E-8	0.001687
4.525000E-8	0.001956
4.530000E-8	0.002087
4.535000E-8	0.002313
4.540000E-8	0.002475
4.545000E-8	0.002587
4.550000E-8	0.002691
4.555000E-8	0.002763
4.560000E-8	0.002694
4.565000E-8	0.002603
4.570000E-8	0.002291
4.575000E-8	0.002219
4.580000E-8	0.001866
4.585000E-8	0.001800
4.590000E-8	0.001550
4.595000E-8	0.001509
4.600000E-8	0.001441
4.605000E-8	0.001497
4.610000E-8	0.001488
4.615000E-8	0.001728
4.620000E-8	0.001903
4.625000E-8	0.002006
4.630000E-8	0.002297
4.635000E-8	0.002494
4.640000E-8	0.002647
4.645000E-8	0.002763
4.650000E-8	0.002806
4.655000E-8	0.002741
4.660000E-8	0.002581
4.665000E-8	0.002528
4.670000E-8	0.002319
4.675000E-8	0.002162
4.680000E-8	0.001963
4.685000E-8	0.001878
4.690000E-8	0.001769
4.695000E-8	0.001781
4.700000E-8	0.001616
4.705000E-8	0.001825
4.710000E-8	0.001863
4.715000E-8	0.002106
4.720000E-8	0.002281
4.725000E-8	0.002450
4.730000E-8	0.002659
4.735000E-8	0.002794
4.740000E-8	0.002913
4.745000E-8	0.002947
4.750000E-8	0.002897
4.755000E-8	0.003019
4.760000E-8	0.002788
4.765000E-8	0.002722
4.770000E-8	0.002388
4.775000E-8	0.002184
4.780000E-8	0.001922
4.785000E-8	0.001681
4.790000E-8	0.001609
4.795000E-8	0.001531
4.800000E-8	0.001372
4.805000E-8	0.001531
4.810000E-8	0.001572
4.815000E-8	0.001669
4.820000E-8	0.001813
4.825000E-8	0.002031
4.830000E-8	0.002125
4.835000E-8	0.002253
4.840000E-8	0.002434
4.845000E-8	0.002547
4.850000E-8	0.002559
4.855000E-8	0.002563
4.860000E-8	0.002453
4.865000E-8	0.002378
4.870000E-8	0.002181
4.875000E-8	0.002016
4.880000E-8	0.001881
4.885000E-8	0.001687
4.890000E-8	0.001606
4.895000E-8	0.001666
4.900000E-8	0.001656
4.905000E-8	0.001669
4.910000E-8	0.001859
4.915000E-8	0.002078
4.920000E-8	0.002363
4.925000E-8	0.002569
4.930000E-8	0.002813
4.935000E-8	0.003016
4.940000E-8	0.002991
4.945000E-8	0.002978
4.950000E-8	0.002753
4.955000E-8	0.002725
4.960000E-8	0.002603
4.965000E-8	0.002369
4.970000E-8	0.002181
4.975000E-8	0.002022
4.980000E-8	0.001825
4.985000E-8	0.001659
4.990000E-8	0.001631
4.995000E-8	0.001547
5.000000E-8	0.001606
5.005000E-8	0.001675
5.010000E-8	0.001913
5.015000E-8	0.002059
5.020000E-8	0.002178
5.025000E-8	0.002466
5.030000E-8	0.002522
5.035000E-8	0.002559
5.040000E-8	0.002587
5.045000E-8	0.002638
5.050000E-8	0.002434
5.055000E-8	0.002309
5.060000E-8	0.002141
5.065000E-8	0.002050
5.070000E-8	0.001816
5.075000E-8	0.001788
5.080000E-8	0.001678
5.085000E-8	0.001647
5.090000E-8	0.001650
5.095000E-8	0.001763
5.100000E-8	0.001725
5.105000E-8	0.001953
5.110000E-8	0.001934
5.115000E-8	0.002119
5.120000E-8	0.002366
5.125000E-8	0.002481
5.130000E-8	0.002541
5.135000E-8	0.002819
5.140000E-8	0.002747
5.145000E-8	0.002625
5.150000E-8	0.002459
5.155000E-8	0.002316
5.160000E-8	0.002175
5.165000E-8	0.001972
5.170000E-8	0.001728
5.175000E-8	0.001756
5.180000E-8	0.001609
5.185000E-8	0.001547
5.190000E-8	0.001481
5.195000E-8	0.001647
5.200000E-8	0.001828
5.205000E-8	0.001913
5.210000E-8	0.002053
5.215000E-8	0.002300
5.220000E-8	0.002466
5.225000E-8	0.002769
5.230000E-8	0.002831
5.235000E-8	0.002844
5.240000E-8	0.002884
5.245000E-8	0.002953
5.250000E-8	0.002769
5.255000E-8	0.002600
5.260000E-8	0.002378
5.265000E-8	0.002225
5.270000E-8	0.001909
5.275000E-8	0.001828
5.280000E-8	0.001700
5.285000E-8	0.001666
5.290000E-8	0.001697
5.295000E-8	0.001766
5.300000E-8	0.001750
5.305000E-8	0.002025
5.310000E-8	0.002156
5.315000E-8	0.002344
5.320000E-8	0.002394
5.325000E-8	0.002559
5.330000E-8	0.002494
5.335000E-8	0.002634
5.340000E-8	0.002434
5.345000E-8	0.002466
5.350000E-8	0.002359
5.355000E-8	0.002222
5.360000E-8	0.002041
5.365000E-8	0.001841
5.370000E-8	0.001769
5.375000E-8	0.001766
5.380000E-8	0.001697
5.385000E-8	0.001641
5.390000E-8	0.001709
5.395000E-8	0.001806
5.400000E-8	0.001906
5.405000E-8	0.002044
5.410000E-8	0.002178
5.415000E-8	0.002463
5.420000E-8	0.002472
5.425000E-8	0.002575
5.430000E-8	0.002597
5.435000E-8	0.002584
5.440000E-8	0.002497
5.445000E-8	0.002491
5.450000E-8	0.002344
5.455000E-8	0.002259
5.460000E-8	0.002012
5.465000E-8	0.001988
5.470000E-8	0.001784
5.475000E-8	0.001672
5.480000E-8	0.001616
5.485000E-8	0.001684
5.490000E-8	0.001800
5.495000E-8	0.001872
5.500000E-8	0.002031
5.505000E-8	0.002256
5.510000E-8	0.002372
5.515000E-8	0.002563
5.520000E-8	0.002662
5.525000E-8	0.002744
5.530000E-8	0.002675
5.535000E-8	0.002463
5.540000E-8	0.002416
5.545000E-8	0.002437
5.550000E-8	0.002222
5.555000E-8	0.002084
5.560000E-8	0.001853
5.565000E-8	0.001750
5.570000E-8	0.001675
5.575000E-8	0.001606
5.580000E-8	0.001619
5.585000E-8	0.001650
5.590000E-8	0.001750
5.595000E-8	0.001916
5.600000E-8	0.001941
5.605000E-8	0.002138
5.610000E-8	0.002297
5.615000E-8	0.002331
5.620000E-8	0.002400
5.625000E-8	0.002463
5.630000E-8	0.002506
5.635000E-8	0.002325
5.640000E-8	0.002219
5.645000E-8	0.002078
5.650000E-8	0.001891
5.655000E-8	0.001747
5.660000E-8	0.001619
5.665000E-8	0.001475
5.670000E-8	0.001422
5.675000E-8	0.001559
5.680000E-8	0.001619
5.685000E-8	0.001738
5.690000E-8	0.001819
5.695000E-8	0.002034
5.700000E-8	0.002197
5.705000E-8	0.002322
5.710000E-8	0.002434
5.715000E-8	0.002591
5.720000E-8	0.002650
5.725000E-8	0.002641
5.730000E-8	0.002634
5.735000E-8	0.002697
5.740000E-8	0.002469
5.745000E-8	0.002456
5.750000E-8	0.002225
5.755000E-8	0.002138
5.760000E-8	0.002138
5.765000E-8	0.002066
5.770000E-8	0.001834
5.775000E-8	0.001822
5.780000E-8	0.001800
5.785000E-8	0.001925
5.790000E-8	0.002003
5.795000E-8	0.002153
5.800000E-8	0.002200
5.805000E-8	0.002369
5.810000E-8	0.002434
5.815000E-8	0.002441
5.820000E-8	0.002488
5.825000E-8	0.002538
5.830000E-8	0.002375
5.835000E-8	0.002225
5.840000E-8	0.002022
5.845000E-8	0.001997
5.850000E-8	0.001866
5.855000E-8	0.001728
5.860000E-8	0.001647
5.865000E-8	0.001616
5.870000E-8	0.001538
5.875000E-8	0.001694
5.880000E-8	0.001778
5.885000E-8	0.001969
5.890000E-8	0.002097
5.895000E-8	0.002225
5.900000E-8	0.002422
5.905000E-8	0.002509
5.910000E-8	0.002469
5.915000E-8	0.002506
5.920000E-8	0.002419
5.925000E-8	0.002284
5.930000E-8	0.002225
5.935000E-8	0.002131
5.940000E-8	0.001963
5.945000E-8	0.001931
5.950000E-8	0.001800
5.955000E-8	0.001622
5.960000E-8	0.001506
5.965000E-8	0.001588
5.970000E-8	0.001603
5.975000E-8	0.001719
5.980000E-8	0.001738
5.985000E-8	0.001891
5.990000E-8	0.002078
5.995000E-8	0.002156
6.000000E-8	0.002328
6.005000E-8	0.002503
6.010000E-8	0.002488
6.015000E-8	0.002688
6.020000E-8	0.002688
6.025000E-8	0.002675
6.030000E-8	0.002566
6.035000E-8	0.002416
6.040000E-8	0.002347
6.045000E-8	0.002288
6.050000E-8	0.001991
6.055000E-8	0.001934
6.060000E-8	0.001866
6.065000E-8	0.001841
6.070000E-8	0.001831
6.075000E-8	0.002044
6.080000E-8	0.002078
6.085000E-8	0.002159
6.090000E-8	0.002334
6.095000E-8	0.002472
6.100000E-8	0.002603
6.105000E-8	0.002619
6.110000E-8	0.002597
6.115000E-8	0.002572
6.120000E-8	0.002572
6.125000E-8	0.002466
6.130000E-8	0.002309
6.135000E-8	0.002250
6.140000E-8	0.002094
6.145000E-8	0.001925
6.150000E-8	0.001763
6.155000E-8	0.001722
6.160000E-8	0.001663
6.165000E-8	0.001769
6.170000E-8	0.001891
6.175000E-8	0.001934
6.180000E-8	0.001937
6.185000E-8	0.002184
6.190000E-8	0.002334
6.195000E-8	0.002481
6.200000E-8	0.002606
6.205000E-8	0.002534
6.210000E-8	0.002531
6.215000E-8	0.002631
6.220000E-8	0.002525
6.225000E-8	0.002456
6.230000E-8	0.002213
6.235000E-8	0.002125
6.240000E-8	0.001959
6.245000E-8	0.001903
6.250000E-8	0.001953
6.255000E-8	0.001931
6.260000E-8	0.001822
6.265000E-8	0.001925
6.270000E-8	0.001900
6.275000E-8	0.002191
6.280000E-8	0.002247
6.285000E-8	0.002459
6.290000E-8	0.002491
6.295000E-8	0.002631
6.300000E-8	0.002613
6.305000E-8	0.002559
6.310000E-8	0.002475
6.315000E-8	0.002447
6.320000E-8	0.002316
6.325000E-8	0.002234
6.330000E-8	0.002150
6.335000E-8	0.002184
6.340000E-8	0.002078
6.345000E-8	0.001953
6.350000E-8	0.001881
6.355000E-8	0.001972
6.360000E-8	0.001944
6.365000E-8	0.001922
6.370000E-8	0.001988
6.375000E-8	0.002231
6.380000E-8	0.002194
6.385000E-8	0.002400
6.390000E-8	0.002384
6.395000E-8	0.002556
6.400000E-8	0.002644
6.405000E-8	0.002584
6.410000E-8	0.002603
6.415000E-8	0.002519
6.420000E-8	0.002391
6.425000E-8	0.002456
6.430000E-8	0.002363
6.435000E-8	0.002197
6.440000E-8	0.001956
6.445000E-8	0.002003
6.450000E-8	0.001875
6.455000E-8	0.001953
6.460000E-8	0.001903
6.465000E-8	0.001919
6.470000E-8	0.001956
6.475000E-8	0.002016
6.480000E-8	0.002144
6.485000E-8	0.002197
6.490000E-8	0.002216
6.495000E-8	0.002334
6.500000E-8	0.002259
6.505000E-8	0.002325
6.510000E-8	0.002263
6.515000E-8	0.002341
6.520000E-8	0.002322
6.525000E-8	0.002384
6.530000E-8	0.002253
6.535000E-8	0.002091
6.540000E-8	0.001919
6.545000E-8	0.001900
6.550000E-8	0.001909
6.555000E-8	0.001822
6.560000E-8	0.001728
6.565000E-8	0.001803
6.570000E-8	0.001831
6.575000E-8	0.001991
6.580000E-8	0.002000
6.585000E-8	0.002172
6.590000E-8	0.002341
6.595000E-8	0.002528
6.600000E-8	0.002706
6.605000E-8	0.002650
6.610000E-8	0.002638
6.615000E-8	0.002550
6.620000E-8	0.002447
6.625000E-8	0.002403
6.630000E-8	0.002244
6.635000E-8	0.002244
6.640000E-8	0.002122
6.645000E-8	0.002116
6.650000E-8	0.002034
6.655000E-8	0.001966
6.660000E-8	0.002003
6.665000E-8	0.002225
6.670000E-8	0.002206
6.675000E-8	0.002378
6.680000E-8	0.002397
6.685000E-8	0.002559
6.690000E-8	0.002631
6.695000E-8	0.002678
6.700000E-8	0.002653
6.705000E-8	0.002634
6.710000E-8	0.002506
6.715000E-8	0.002356
6.720000E-8	0.002263
6.725000E-8	0.002272
6.730000E-8	0.002153
6.735000E-8	0.002047
6.740000E-8	0.001991
6.745000E-8	0.001909
6.750000E-8	0.001869
6.755000E-8	0.002047
6.760000E-8	0.001875
6.765000E-8	0.001969
6.770000E-8	0.001978
6.775000E-8	0.002028
6.780000E-8	0.002041
6.785000E-8	0.002053
6.790000E-8	0.002119
6.795000E-8	0.002234
6.800000E-8	0.002313
6.805000E-8	0.002406
6.810000E-8	0.002413
6.815000E-8	0.002300
6.820000E-8	0.002134
6.825000E-8	0.002122
6.830000E-8	0.001988
6.835000E-8	0.001897
6.840000E-8	0.001969
6.845000E-8	0.001978
6.850000E-8	0.002025
6.855000E-8	0.002100
6.860000E-8	0.002191
6.865000E-8	0.002375
6.870000E-8	0.002350
6.875000E-8	0.002544
6.880000E-8	0.002616
6.885000E-8	0.002737
6.890000E-8	0.002672
6.895000E-8	0.002662
6.900000E-8	0.002525
6.905000E-8	0.002456
6.910000E-8	0.002359
6.915000E-8	0.002388
6.920000E-8	0.002291
6.925000E-8	0.002241
6.930000E-8	0.002106
6.935000E-8	0.002188
6.940000E-8	0.002116
6.945000E-8	0.002075
6.950000E-8	0.002222
6.955000E-8	0.002363
6.960000E-8	0.002406
6.965000E-8	0.002444
6.970000E-8	0.002500
6.975000E-8	0.002581
6.980000E-8	0.002638
6.985000E-8	0.002638
6.990000E-8	0.002559
6.995000E-8	0.002416
7.000000E-8	0.002425
7.005000E-8	0.002278
7.010000E-8	0.002247
7.015000E-8	0.002256
7.020000E-8	0.001900
7.025000E-8	0.001891
7.030000E-8	0.001731
7.035000E-8	0.001584
7.040000E-8	0.001494
7.045000E-8	0.001500
7.050000E-8	0.001447
7.055000E-8	0.001500
7.060000E-8	0.001556
7.065000E-8	0.001678
7.070000E-8	0.001684
7.075000E-8	0.001828
7.080000E-8	0.001984
7.085000E-8	0.002113
7.090000E-8	0.002087
7.095000E-8	0.002128
7.100000E-8	0.002119
7.105000E-8	0.002122
7.110000E-8	0.002019
7.115000E-8	0.001972
7.120000E-8	0.001831
7.125000E-8	0.001847
7.130000E-8	0.001772
7.135000E-8	0.001741
7.140000E-8	0.001791
7.145000E-8	0.002069
7.150000E-8	0.002159
7.155000E-8	0.002322
7.160000E-8	0.002381
7.165000E-8	0.002584
7.170000E-8	0.002594
7.175000E-8	0.002744
7.180000E-8	0.002772
7.185000E-8	0.002806
7.190000E-8	0.002691
7.195000E-8	0.002681
7.200000E-8	0.002594
7.205000E-8	0.002656
7.210000E-8	0.002512
7.215000E-8	0.002353
7.220000E-8	0.002275
7.225000E-8	0.002150
7.230000E-8	0.002119
7.235000E-8	0.002206
7.240000E-8	0.002147
7.245000E-8	0.002031
7.250000E-8	0.001975
7.255000E-8	0.002122
7.260000E-8	0.002197
7.265000E-8	0.002197
7.270000E-8	0.002297
7.275000E-8	0.002431
7.280000E-8	0.002294
7.285000E-8	0.002281
7.290000E-8	0.002250
7.295000E-8	0.002366
7.300000E-8	0.002209
7.305000E-8	0.002191
7.310000E-8	0.002147
7.315000E-8	0.002087
7.320000E-8	0.001903
7.325000E-8	0.002009
7.330000E-8	0.002003
7.335000E-8	0.002069
7.340000E-8	0.002038
7.345000E-8	0.002050
7.350000E-8	0.002091
7.355000E-8	0.002087
7.360000E-8	0.002153
7.365000E-8	0.002194
7.370000E-8	0.002253
7.375000E-8	0.002266
7.380000E-8	0.002253
7.385000E-8	0.002253
7.390000E-8	0.002259
7.395000E-8	0.002334
7.400000E-8	0.002409
7.405000E-8	0.002350
7.410000E-8	0.002263
7.415000E-8	0.002222
7.420000E-8	0.002219
7.425000E-8	0.002234
7.430000E-8	0.002166
7.435000E-8	0.002250
7.440000E-8	0.002159
7.445000E-8	0.002194
7.450000E-8	0.002244
7.455000E-8	0.002269
7.460000E-8	0.002300
7.465000E-8	0.002437
7.470000E-8	0.002450
7.475000E-8	0.002525
7.480000E-8	0.002553
7.485000E-8	0.002559
7.490000E-8	0.002563
7.495000E-8	0.002484
7.500000E-8	0.002363
7.505000E-8	0.002347
7.510000E-8	0.002162
7.515000E-8	0.002078
7.520000E-8	0.002056
7.525000E-8	0.001963
7.530000E-8	0.001972
7.535000E-8	0.002069
7.540000E-8	0.002022
7.545000E-8	0.002106
7.550000E-8	0.002125
7.555000E-8	0.002213
7.560000E-8	0.002206
7.565000E-8	0.002381
7.570000E-8	0.002469
7.575000E-8	0.002525
7.580000E-8	0.002441
7.585000E-8	0.002488
7.590000E-8	0.002434
7.595000E-8	0.002378
7.600000E-8	0.002356
7.605000E-8	0.002281
7.610000E-8	0.002209
7.615000E-8	0.002294
7.620000E-8	0.002300
7.625000E-8	0.002194
7.630000E-8	0.002034
7.635000E-8	0.002116
7.640000E-8	0.001975
7.645000E-8	0.001984
7.650000E-8	0.001966
7.655000E-8	0.001997
7.660000E-8	0.001788
7.665000E-8	0.001859
7.670000E-8	0.001966
7.675000E-8	0.002138
7.680000E-8	0.002125
7.685000E-8	0.002138
7.690000E-8	0.002100
7.695000E-8	0.002144
7.700000E-8	0.002056
7.705000E-8	0.002138
7.710000E-8	0.002084
7.715000E-8	0.002006
7.720000E-8	0.002000
7.725000E-8	0.002066
7.730000E-8	0.002081
7.735000E-8	0.002222
7.740000E-8	0.002203
7.745000E-8	0.002306
7.750000E-8	0.002278
7.755000E-8	0.002284
7.760000E-8	0.002253
7.765000E-8	0.002281
7.770000E-8	0.002284
7.775000E-8	0.002197
7.780000E-8	0.002219
7.785000E-8	0.002231
7.790000E-8	0.002100
7.795000E-8	0.002125
7.800000E-8	0.002113
7.805000E-8	0.002141
7.810000E-8	0.002087
7.815000E-8	0.002178
7.820000E-8	0.002172
7.825000E-8	0.002175
7.830000E-8	0.002200
7.835000E-8	0.002341
7.840000E-8	0.002388
7.845000E-8	0.002416
7.850000E-8	0.002416
7.855000E-8	0.002400
7.860000E-8	0.002319
7.865000E-8	0.002322
7.870000E-8	0.002216
7.875000E-8	0.002341
7.880000E-8	0.002200
7.885000E-8	0.002241
7.890000E-8	0.002081
7.895000E-8	0.002159
7.900000E-8	0.002144
7.905000E-8	0.002203
7.910000E-8	0.002206
7.915000E-8	0.002278
7.920000E-8	0.002253
7.925000E-8	0.002281
7.930000E-8	0.002322
7.935000E-8	0.002356
7.940000E-8	0.002381
7.945000E-8	0.002447
7.950000E-8	0.002359
7.955000E-8	0.002319
7.960000E-8	0.002197
7.965000E-8	0.002247
7.970000E-8	0.002206
7.975000E-8	0.002209
7.980000E-8	0.002181
7.985000E-8	0.002259
7.990000E-8	0.002197
7.995000E-8	0.002256
8.000000E-8	0.002181
8.005000E-8	0.002206
8.010000E-8	0.002169
8.015000E-8	0.002253
8.020000E-8	0.002206
8.025000E-8	0.002266
8.030000E-8	0.002278
8.035000E-8	0.002259
8.040000E-8	0.002241
8.045000E-8	0.002297
8.050000E-8	0.002272
8.055000E-8	0.002350
8.060000E-8	0.002356
8.065000E-8	0.002369
8.070000E-8	0.002263
8.075000E-8	0.002288
8.080000E-8	0.002284
8.085000E-8	0.002216
8.090000E-8	0.002172
8.095000E-8	0.002141
8.100000E-8	0.002113
8.105000E-8	0.002178
8.110000E-8	0.002191
8.115000E-8	0.002259
8.120000E-8	0.002119
8.125000E-8	0.002253
8.130000E-8	0.002231
8.135000E-8	0.002338
8.140000E-8	0.002309
8.145000E-8	0.002388
8.150000E-8	0.002434
8.155000E-8	0.002459
8.160000E-8	0.002481
8.165000E-8	0.002556
8.170000E-8	0.002525
8.175000E-8	0.002525
8.180000E-8	0.002272
8.185000E-8	0.002122
8.190000E-8	0.001950
8.195000E-8	0.001922
8.200000E-8	0.001759
8.205000E-8	0.001759
8.210000E-8	0.001775
8.215000E-8	0.001891
8.220000E-8	0.001928
8.225000E-8	0.001925
8.230000E-8	0.002050
8.235000E-8	0.002150
8.240000E-8	0.002003
8.245000E-8	0.002031
8.250000E-8	0.002019
8.255000E-8	0.002072
8.260000E-8	0.001822
8.265000E-8	0.001863
8.270000E-8	0.001803
8.275000E-8	0.001741
8.280000E-8	0.001794
8.285000E-8	0.001991
8.290000E-8	0.001953
8.295000E-8	0.002034
8.300000E-8	0.002078
8.305000E-8	0.002131
8.310000E-8	0.002247
8.315000E-8	0.002331
8.320000E-8	0.002194
8.325000E-8	0.002263
8.330000E-8	0.002313
8.335000E-8	0.002113
8.340000E-8	0.002094
8.345000E-8	0.002156
8.350000E-8	0.002122
8.355000E-8	0.002166
8.360000E-8	0.002191
8.365000E-8	0.002297
8.370000E-8	0.002272
8.375000E-8	0.002334
8.380000E-8	0.002256
8.385000E-8	0.002328
8.390000E-8	0.002237
8.395000E-8	0.002228
8.400000E-8	0.002144
8.405000E-8	0.002200
8.410000E-8	0.002153
8.415000E-8	0.002213
8.420000E-8	0.002144
8.425000E-8	0.002213
8.430000E-8	0.002175
8.435000E-8	0.002284
8.440000E-8	0.002291
8.445000E-8	0.002472
8.450000E-8	0.002406
8.455000E-8	0.002503
8.460000E-8	0.002356
8.465000E-8	0.002231
8.470000E-8	0.002219
8.475000E-8	0.002078
8.480000E-8	0.001937
8.485000E-8	0.001969
8.490000E-8	0.001947
8.495000E-8	0.001875
8.500000E-8	0.001763
8.505000E-8	0.001881
8.510000E-8	0.001778
8.515000E-8	0.001900
8.520000E-8	0.001866
8.525000E-8	0.001872
8.530000E-8	0.001878
8.535000E-8	0.001888
8.540000E-8	0.001919
8.545000E-8	0.001981
8.550000E-8	0.001991
8.555000E-8	0.002156
8.560000E-8	0.002178
8.565000E-8	0.002222
8.570000E-8	0.002284
8.575000E-8	0.002363
8.580000E-8	0.002269
8.585000E-8	0.002303
8.590000E-8	0.002194
8.595000E-8	0.002113
8.600000E-8	0.002034
8.605000E-8	0.002053
8.610000E-8	0.002012
8.615000E-8	0.002028
8.620000E-8	0.002097
8.625000E-8	0.002153
8.630000E-8	0.002184
8.635000E-8	0.002216
8.640000E-8	0.002209
8.645000E-8	0.002375
8.650000E-8	0.002456
8.655000E-8	0.002419
8.660000E-8	0.002450
8.665000E-8	0.002500
8.670000E-8	0.002313
8.675000E-8	0.002325
8.680000E-8	0.002219
8.685000E-8	0.002109
8.690000E-8	0.002141
8.695000E-8	0.002166
8.700000E-8	0.002097
8.705000E-8	0.002169
8.710000E-8	0.002162
8.715000E-8	0.002191
8.720000E-8	0.002144
8.725000E-8	0.002063
8.730000E-8	0.001997
8.735000E-8	0.002031
8.740000E-8	0.001897
8.745000E-8	0.001869
8.750000E-8	0.001753
8.755000E-8	0.001831
8.760000E-8	0.001769
8.765000E-8	0.001834
8.770000E-8	0.001756
8.775000E-8	0.002034
8.780000E-8	0.001925
8.785000E-8	0.002116
8.790000E-8	0.002103
8.795000E-8	0.002253
8.800000E-8	0.002237
8.805000E-8	0.002322
8.810000E-8	0.002216
8.815000E-8	0.002125
8.820000E-8	0.002156
8.825000E-8	0.002234
8.830000E-8	0.002241
8.835000E-8	0.002331
8.840000E-8	0.002400
8.845000E-8	0.002403
8.850000E-8	0.002378
8.855000E-8	0.002450
8.860000E-8	0.002338
8.865000E-8	0.002306
8.870000E-8	0.002244
8.875000E-8	0.002266
8.880000E-8	0.002291
8.885000E-8	0.002259
8.890000E-8	0.002272
8.895000E-8	0.002413
8.900000E-8	0.002241
8.905000E-8	0.002259
8.910000E-8	0.002128
8.915000E-8	0.002162
8.920000E-8	0.002106
8.925000E-8	0.002150
8.930000E-8	0.002122
8.935000E-8	0.002169
8.940000E-8	0.002247
8.945000E-8	0.002216
8.950000E-8	0.002341
8.955000E-8	0.002447
8.960000E-8	0.002381
8.965000E-8	0.002497
8.970000E-8	0.002497
8.975000E-8	0.002488
8.980000E-8	0.002447
8.985000E-8	0.002406
8.990000E-8	0.002372
8.995000E-8	0.002316
9.000000E-8	0.002087
9.005000E-8	0.002156
9.010000E-8	0.002216
9.015000E-8	0.002288
9.020000E-8	0.002288
9.025000E-8	0.002294
9.030000E-8	0.002297
9.035000E-8	0.002428
9.040000E-8	0.002397
9.045000E-8	0.002428
9.050000E-8	0.002275
9.055000E-8	0.002281
9.060000E-8	0.002206
9.065000E-8	0.002316
9.070000E-8	0.002272
9.075000E-8	0.002275
9.080000E-8	0.002263
9.085000E-8	0.002181
9.090000E-8	0.002203
9.095000E-8	0.002038
9.100000E-8	0.002144
9.105000E-8	0.002216
9.110000E-8	0.002156
9.115000E-8	0.002188
9.120000E-8	0.002103
9.125000E-8	0.002116
9.130000E-8	0.002191
9.135000E-8	0.002222
9.140000E-8	0.002253
9.145000E-8	0.002209
9.150000E-8	0.002206
9.155000E-8	0.002319
9.160000E-8	0.002316
9.165000E-8	0.002328
9.170000E-8	0.002338
9.175000E-8	0.002338
9.180000E-8	0.002338
9.185000E-8	0.002191
9.190000E-8	0.002119
9.195000E-8	0.002066
9.200000E-8	0.001978
9.205000E-8	0.002012
9.210000E-8	0.001978
9.215000E-8	0.002019
9.220000E-8	0.002050
9.225000E-8	0.002172
9.230000E-8	0.002144
9.235000E-8	0.002269
9.240000E-8	0.002269
9.245000E-8	0.002303
9.250000E-8	0.002384
9.255000E-8	0.002525
9.260000E-8	0.002381
9.265000E-8	0.002347
9.270000E-8	0.002275
9.275000E-8	0.002394
9.280000E-8	0.002191
9.285000E-8	0.002216
9.290000E-8	0.002206
9.295000E-8	0.002319
9.300000E-8	0.002284
9.305000E-8	0.002313
9.310000E-8	0.002313
9.315000E-8	0.002331
9.320000E-8	0.002213
9.325000E-8	0.002253
9.330000E-8	0.002316
9.335000E-8	0.002369
9.340000E-8	0.002394
9.345000E-8	0.002425
9.350000E-8	0.002316
9.355000E-8	0.002272
9.360000E-8	0.002294
9.365000E-8	0.002334
9.370000E-8	0.002250
9.375000E-8	0.002122
9.380000E-8	0.002078
9.385000E-8	0.002134
9.390000E-8	0.001988
9.395000E-8	0.001981
9.400000E-8	0.001994
9.405000E-8	0.002109
9.410000E-8	0.002141
9.415000E-8	0.002153
9.420000E-8	0.002125
9.425000E-8	0.002125
9.430000E-8	0.002131
9.435000E-8	0.002269
9.440000E-8	0.002197
9.445000E-8	0.002194
9.450000E-8	0.002197
9.455000E-8	0.002244
9.460000E-8	0.002231
9.465000E-8	0.002150
9.470000E-8	0.002134
9.475000E-8	0.002297
9.480000E-8	0.002216
9.485000E-8	0.002288
9.490000E-8	0.002231
9.495000E-8	0.002294
9.500000E-8	0.002250
9.505000E-8	0.002234
9.510000E-8	0.002166
9.515000E-8	0.002213
9.520000E-8	0.002219
9.525000E-8	0.002281
9.530000E-8	0.002109
9.535000E-8	0.002188
9.540000E-8	0.002125
9.545000E-8	0.002131
9.550000E-8	0.002059
9.555000E-8	0.002194
9.560000E-8	0.002281
9.565000E-8	0.002353
9.570000E-8	0.002375
9.575000E-8	0.002456
9.580000E-8	0.002400
9.585000E-8	0.002303
9.590000E-8	0.002197
9.595000E-8	0.002353
9.600000E-8	0.002297
9.605000E-8	0.002244
9.610000E-8	0.002169
9.615000E-8	0.002103
9.620000E-8	0.002153
9.625000E-8	0.002222
9.630000E-8	0.002237
9.635000E-8	0.002269
9.640000E-8	0.002259
9.645000E-8	0.002328
9.650000E-8	0.002375
9.655000E-8	0.002278
9.660000E-8	0.002159
9.665000E-8	0.002259
9.670000E-8	0.002150
9.675000E-8	0.002113
9.680000E-8	0.002147
9.685000E-8	0.002131
9.690000E-8	0.002044
9.695000E-8	0.002128
9.700000E-8	0.002097
9.705000E-8	0.002091
9.710000E-8	0.002019
9.715000E-8	0.002119
9.720000E-8	0.002056
9.725000E-8	0.002041
9.730000E-8	0.002175
9.735000E-8	0.002147
9.740000E-8	0.002159
9.745000E-8	0.002153
9.750000E-8	0.002269
9.755000E-8	0.002272
9.760000E-8	0.002294
9.765000E-8	0.002275
9.770000E-8	0.002284
9.775000E-8	0.002247
9.780000E-8	0.002206
9.785000E-8	0.002266
9.790000E-8	0.002272
9.795000E-8	0.002241
9.800000E-8	0.002034
9.805000E-8	0.002159
9.810000E-8	0.002087
9.815000E-8	0.002228
9.820000E-8	0.002244
9.825000E-8	0.002334
9.830000E-8	0.002388
9.835000E-8	0.002353
9.840000E-8	0.002294
9.845000E-8	0.002288
9.850000E-8	0.002278
9.855000E-8	0.002306
9.860000E-8	0.002309
9.865000E-8	0.002347
9.870000E-8	0.002316
9.875000E-8	0.002222
9.880000E-8	0.002294
9.885000E-8	0.002334
9.890000E-8	0.002244
9.895000E-8	0.002237
9.900000E-8	0.002184
9.905000E-8	0.002328
9.910000E-8	0.002275
9.915000E-8	0.002319
9.920000E-8	0.002175
9.925000E-8	0.002284
9.930000E-8	0.002231
9.935000E-8	0.002288
9.940000E-8	0.002241
9.945000E-8	0.002094
9.950000E-8	0.001959
9.955000E-8	0.001934
9.960000E-8	0.001950
9.965000E-8	0.001950
9.970000E-8	0.001928
9.975000E-8	0.001978
9.980000E-8	0.002019
9.985000E-8	0.002041
9.990000E-8	0.002019
9.995000E-8	0.002225
