LabVIEW Measurement	
Writer_Version	2
Reader_Version	2
Separator	Tab
Decimal_Separator	.
Multi_Headings	No
X_Columns	Multi
Time_Pref	Relative
Operator	TG lab
Date	2015/03/07
Time	11:07:51.9331936836242675781
***End_of_Header***	
	
Channels	1	
Samples	2000	
Date	1903/12/31	
Time	19:00:00	
X_Dimension	Time	
X0	0.0000000000000000E+0	
Delta_X	5.000000E-11	
***End_of_Header***		
X_Value	Untitled	Comment
0.000000	0.002153
5.000000E-11	0.002178
1.000000E-10	0.002106
1.500000E-10	0.002009
2.000000E-10	0.002031
2.500000E-10	0.002075
3.000000E-10	0.002103
3.500000E-10	0.002128
4.000000E-10	0.002206
4.500000E-10	0.002247
5.000000E-10	0.002306
5.500000E-10	0.002237
6.000000E-10	0.002116
6.500000E-10	0.002228
7.000000E-10	0.002138
7.500000E-10	0.002116
8.000000E-10	0.001984
8.500000E-10	0.001906
9.000000E-10	0.001916
9.500000E-10	0.001784
1.000000E-9	0.001750
1.050000E-9	0.001888
1.100000E-9	0.001916
1.150000E-9	0.001941
1.200000E-9	0.001897
1.250000E-9	0.002016
1.300000E-9	0.002125
1.350000E-9	0.002197
1.400000E-9	0.002206
1.450000E-9	0.002194
1.500000E-9	0.002222
1.550000E-9	0.002231
1.600000E-9	0.002253
1.650000E-9	0.002159
1.700000E-9	0.002197
1.750000E-9	0.002131
1.800000E-9	0.002116
1.850000E-9	0.002091
1.900000E-9	0.002087
1.950000E-9	0.002053
2.000000E-9	0.002072
2.050000E-9	0.002081
2.100000E-9	0.002169
2.150000E-9	0.002203
2.200000E-9	0.002263
2.250000E-9	0.002431
2.300000E-9	0.002503
2.350000E-9	0.002525
2.400000E-9	0.002519
2.450000E-9	0.002475
2.500000E-9	0.002406
2.550000E-9	0.002444
2.600000E-9	0.002394
2.650000E-9	0.002322
2.700000E-9	0.002444
2.750000E-9	0.002447
2.800000E-9	0.002463
2.850000E-9	0.002375
2.900000E-9	0.002512
2.950000E-9	0.002631
3.000000E-9	0.002706
3.050000E-9	0.002800
3.100000E-9	0.002741
3.150000E-9	0.002822
3.200000E-9	0.002666
3.250000E-9	0.002634
3.300000E-9	0.002628
3.350000E-9	0.002641
3.400000E-9	0.002603
3.450000E-9	0.002622
3.500000E-9	0.002547
3.550000E-9	0.002622
3.600000E-9	0.002619
3.650000E-9	0.002666
3.700000E-9	0.002681
3.750000E-9	0.002878
3.800000E-9	0.002869
3.850000E-9	0.003125
3.900000E-9	0.003091
3.950000E-9	0.003113
4.000000E-9	0.003238
4.050000E-9	0.003278
4.100000E-9	0.003366
4.150000E-9	0.003512
4.200000E-9	0.003616
4.250000E-9	0.003722
4.300000E-9	0.003972
4.350000E-9	0.004194
4.400000E-9	0.004541
4.450000E-9	0.004947
4.500000E-9	0.005397
4.550000E-9	0.005916
4.600000E-9	0.006544
4.650000E-9	0.007191
4.700000E-9	0.007841
4.750000E-9	0.008606
4.800000E-9	0.009266
4.850000E-9	0.010141
4.900000E-9	0.011125
4.950000E-9	0.012094
5.000000E-9	0.013231
5.050000E-9	0.014319
5.100000E-9	0.015459
5.150000E-9	0.016866
5.200000E-9	0.018188
5.250000E-9	0.019444
5.300000E-9	0.020534
5.350000E-9	0.021588
5.400000E-9	0.022209
5.450000E-9	0.022784
5.500000E-9	0.023100
5.550000E-9	0.022981
5.600000E-9	0.022544
5.650000E-9	0.021881
5.700000E-9	0.020869
5.750000E-9	0.019622
5.800000E-9	0.018297
5.850000E-9	0.016944
5.900000E-9	0.015572
5.950000E-9	0.014325
6.000000E-9	0.013319
6.050000E-9	0.012697
6.100000E-9	0.012394
6.150000E-9	0.012538
6.200000E-9	0.012678
6.250000E-9	0.013194
6.300000E-9	0.013675
6.350000E-9	0.014272
6.400000E-9	0.014663
6.450000E-9	0.014881
6.500000E-9	0.014878
6.550000E-9	0.014588
6.600000E-9	0.013922
6.650000E-9	0.013088
6.700000E-9	0.012050
6.750000E-9	0.010944
6.800000E-9	0.009741
6.850000E-9	0.008688
6.900000E-9	0.007856
6.950000E-9	0.007319
7.000000E-9	0.007072
7.050000E-9	0.007159
7.100000E-9	0.007381
7.150000E-9	0.007850
7.200000E-9	0.008456
7.250000E-9	0.009225
7.300000E-9	0.009725
7.350000E-9	0.010263
7.400000E-9	0.010628
7.450000E-9	0.010694
7.500000E-9	0.010372
7.550000E-9	0.009991
7.600000E-9	0.009178
7.650000E-9	0.008263
7.700000E-9	0.007278
7.750000E-9	0.006400
7.800000E-9	0.005606
7.850000E-9	0.004906
7.900000E-9	0.004528
7.950000E-9	0.004444
8.000000E-9	0.004544
8.050000E-9	0.004875
8.100000E-9	0.005194
8.150000E-9	0.005847
8.200000E-9	0.006391
8.250000E-9	0.006925
8.300000E-9	0.007416
8.350000E-9	0.007741
8.400000E-9	0.007722
8.450000E-9	0.007413
8.500000E-9	0.006884
8.550000E-9	0.006284
8.600000E-9	0.005594
8.650000E-9	0.004697
8.700000E-9	0.003881
8.750000E-9	0.003256
8.800000E-9	0.002769
8.850000E-9	0.002369
8.900000E-9	0.002347
8.950000E-9	0.002675
9.000000E-9	0.003106
9.050000E-9	0.003747
9.100000E-9	0.004422
9.150000E-9	0.005025
9.200000E-9	0.005678
9.250000E-9	0.005991
9.300000E-9	0.006172
9.350000E-9	0.006106
9.400000E-9	0.005844
9.450000E-9	0.005413
9.500000E-9	0.004669
9.550000E-9	0.003803
9.600000E-9	0.002916
9.650000E-9	0.002138
9.700000E-9	0.001541
9.750000E-9	0.001119
9.800000E-9	0.001109
9.850000E-9	0.001228
9.900000E-9	0.001659
9.950000E-9	0.002413
1.000000E-8	0.003091
1.005000E-8	0.003859
1.010000E-8	0.004513
1.015000E-8	0.005181
1.020000E-8	0.005628
1.025000E-8	0.005769
1.030000E-8	0.005619
1.035000E-8	0.005256
1.040000E-8	0.004666
1.045000E-8	0.003878
1.050000E-8	0.003100
1.055000E-8	0.002306
1.060000E-8	0.001747
1.065000E-8	0.001313
1.070000E-8	0.001019
1.075000E-8	0.000947
1.080000E-8	0.001181
1.085000E-8	0.001600
1.090000E-8	0.002272
1.095000E-8	0.003053
1.100000E-8	0.003741
1.105000E-8	0.004497
1.110000E-8	0.005053
1.115000E-8	0.005381
1.120000E-8	0.005463
1.125000E-8	0.005384
1.130000E-8	0.005016
1.135000E-8	0.004541
1.140000E-8	0.003675
1.145000E-8	0.002872
1.150000E-8	0.002206
1.155000E-8	0.001597
1.160000E-8	0.001031
1.165000E-8	0.000859
1.170000E-8	0.000959
1.175000E-8	0.001225
1.180000E-8	0.001641
1.185000E-8	0.002234
1.190000E-8	0.002897
1.195000E-8	0.003656
1.200000E-8	0.004128
1.205000E-8	0.004556
1.210000E-8	0.004700
1.215000E-8	0.004819
1.220000E-8	0.004456
1.225000E-8	0.003928
1.230000E-8	0.003350
1.235000E-8	0.002622
1.240000E-8	0.001950
1.245000E-8	0.001272
1.250000E-8	0.000925
1.255000E-8	0.000634
1.260000E-8	0.000641
1.265000E-8	0.000706
1.270000E-8	0.001119
1.275000E-8	0.001575
1.280000E-8	0.002241
1.285000E-8	0.002928
1.290000E-8	0.003522
1.295000E-8	0.004016
1.300000E-8	0.004409
1.305000E-8	0.004466
1.310000E-8	0.004406
1.315000E-8	0.004112
1.320000E-8	0.003669
1.325000E-8	0.003103
1.330000E-8	0.002313
1.335000E-8	0.001747
1.340000E-8	0.001169
1.345000E-8	0.000778
1.350000E-8	0.000400
1.355000E-8	0.000559
1.360000E-8	0.000759
1.365000E-8	0.001275
1.370000E-8	0.001859
1.375000E-8	0.002416
1.380000E-8	0.003094
1.385000E-8	0.003641
1.390000E-8	0.004138
1.395000E-8	0.004406
1.400000E-8	0.004428
1.405000E-8	0.004122
1.410000E-8	0.003844
1.415000E-8	0.003347
1.420000E-8	0.002653
1.425000E-8	0.002081
1.430000E-8	0.001406
1.435000E-8	0.000856
1.440000E-8	0.000547
1.445000E-8	0.000391
1.450000E-8	0.000428
1.455000E-8	0.000803
1.460000E-8	0.001238
1.465000E-8	0.001888
1.470000E-8	0.002669
1.475000E-8	0.003341
1.480000E-8	0.003856
1.485000E-8	0.004275
1.490000E-8	0.004400
1.495000E-8	0.004222
1.500000E-8	0.003881
1.505000E-8	0.003456
1.510000E-8	0.002784
1.515000E-8	0.001941
1.520000E-8	0.001391
1.525000E-8	0.000841
1.530000E-8	0.000388
1.535000E-8	0.000278
1.540000E-8	0.000287
1.545000E-8	0.000628
1.550000E-8	0.001034
1.555000E-8	0.001525
1.560000E-8	0.002097
1.565000E-8	0.002756
1.570000E-8	0.003250
1.575000E-8	0.003644
1.580000E-8	0.003922
1.585000E-8	0.003906
1.590000E-8	0.003863
1.595000E-8	0.003691
1.600000E-8	0.003188
1.605000E-8	0.002725
1.610000E-8	0.002091
1.615000E-8	0.001547
1.620000E-8	0.000947
1.625000E-8	0.000631
1.630000E-8	0.000456
1.635000E-8	0.000534
1.640000E-8	0.000638
1.645000E-8	0.001178
1.650000E-8	0.001684
1.655000E-8	0.002322
1.660000E-8	0.002984
1.665000E-8	0.003556
1.670000E-8	0.004047
1.675000E-8	0.004300
1.680000E-8	0.004350
1.685000E-8	0.004166
1.690000E-8	0.003775
1.695000E-8	0.003266
1.700000E-8	0.002597
1.705000E-8	0.001969
1.710000E-8	0.001475
1.715000E-8	0.000931
1.720000E-8	0.000675
1.725000E-8	0.000556
1.730000E-8	0.000634
1.735000E-8	0.000934
1.740000E-8	0.001356
1.745000E-8	0.001909
1.750000E-8	0.002494
1.755000E-8	0.003031
1.760000E-8	0.003463
1.765000E-8	0.003738
1.770000E-8	0.003834
1.775000E-8	0.003828
1.780000E-8	0.003528
1.785000E-8	0.003200
1.790000E-8	0.002647
1.795000E-8	0.002050
1.800000E-8	0.001434
1.805000E-8	0.000931
1.810000E-8	0.000534
1.815000E-8	0.000203
1.820000E-8	0.000166
1.825000E-8	0.000300
1.830000E-8	0.000641
1.835000E-8	0.001041
1.840000E-8	0.001575
1.845000E-8	0.002291
1.850000E-8	0.002666
1.855000E-8	0.003141
1.860000E-8	0.003344
1.865000E-8	0.003519
1.870000E-8	0.003500
1.875000E-8	0.003406
1.880000E-8	0.003087
1.885000E-8	0.002619
1.890000E-8	0.002069
1.895000E-8	0.001550
1.900000E-8	0.001038
1.905000E-8	0.000734
1.910000E-8	0.000534
1.915000E-8	0.000569
1.920000E-8	0.000666
1.925000E-8	0.001016
1.930000E-8	0.001538
1.935000E-8	0.002075
1.940000E-8	0.002759
1.945000E-8	0.003250
1.950000E-8	0.003713
1.955000E-8	0.003959
1.960000E-8	0.003984
1.965000E-8	0.003975
1.970000E-8	0.003725
1.975000E-8	0.003231
1.980000E-8	0.002659
1.985000E-8	0.002109
1.990000E-8	0.001528
1.995000E-8	0.001109
2.000000E-8	0.000756
2.005000E-8	0.000653
2.010000E-8	0.000756
2.015000E-8	0.001091
2.020000E-8	0.001397
2.025000E-8	0.001859
2.030000E-8	0.002338
2.035000E-8	0.002925
2.040000E-8	0.003341
2.045000E-8	0.003563
2.050000E-8	0.003688
2.055000E-8	0.003656
2.060000E-8	0.003416
2.065000E-8	0.003069
2.070000E-8	0.002597
2.075000E-8	0.002081
2.080000E-8	0.001612
2.085000E-8	0.001166
2.090000E-8	0.000775
2.095000E-8	0.000681
2.100000E-8	0.000516
2.105000E-8	0.000709
2.110000E-8	0.000922
2.115000E-8	0.001322
2.120000E-8	0.001778
2.125000E-8	0.002294
2.130000E-8	0.002650
2.135000E-8	0.003025
2.140000E-8	0.003213
2.145000E-8	0.003350
2.150000E-8	0.003238
2.155000E-8	0.002916
2.160000E-8	0.002603
2.165000E-8	0.002244
2.170000E-8	0.001756
2.175000E-8	0.001359
2.180000E-8	0.001012
2.185000E-8	0.000763
2.190000E-8	0.000594
2.195000E-8	0.000731
2.200000E-8	0.000931
2.205000E-8	0.001428
2.210000E-8	0.001738
2.215000E-8	0.002188
2.220000E-8	0.002559
2.225000E-8	0.002978
2.230000E-8	0.003306
2.235000E-8	0.003469
2.240000E-8	0.003403
2.245000E-8	0.003313
2.250000E-8	0.002941
2.255000E-8	0.002778
2.260000E-8	0.002231
2.265000E-8	0.001788
2.270000E-8	0.001325
2.275000E-8	0.000947
2.280000E-8	0.000800
2.285000E-8	0.000831
2.290000E-8	0.000794
2.295000E-8	0.001025
2.300000E-8	0.001272
2.305000E-8	0.001687
2.310000E-8	0.002028
2.315000E-8	0.002566
2.320000E-8	0.002894
2.325000E-8	0.003084
2.330000E-8	0.003316
2.335000E-8	0.003319
2.340000E-8	0.003125
2.345000E-8	0.002859
2.350000E-8	0.002538
2.355000E-8	0.002012
2.360000E-8	0.001488
2.365000E-8	0.001050
2.370000E-8	0.000728
2.375000E-8	0.000528
2.380000E-8	0.000497
2.385000E-8	0.000431
2.390000E-8	0.000822
2.395000E-8	0.001291
2.400000E-8	0.001713
2.405000E-8	0.002175
2.410000E-8	0.002566
2.415000E-8	0.002906
2.420000E-8	0.003128
2.425000E-8	0.003203
2.430000E-8	0.003091
2.435000E-8	0.002941
2.440000E-8	0.002616
2.445000E-8	0.002141
2.450000E-8	0.001725
2.455000E-8	0.001347
2.460000E-8	0.000922
2.465000E-8	0.000684
2.470000E-8	0.000597
2.475000E-8	0.000741
2.480000E-8	0.000919
2.485000E-8	0.001244
2.490000E-8	0.001606
2.495000E-8	0.002072
2.500000E-8	0.002450
2.505000E-8	0.002737
2.510000E-8	0.002966
2.515000E-8	0.003106
2.520000E-8	0.003166
2.525000E-8	0.003097
2.530000E-8	0.002844
2.535000E-8	0.002575
2.540000E-8	0.002125
2.545000E-8	0.001859
2.550000E-8	0.001541
2.555000E-8	0.001206
2.560000E-8	0.001103
2.565000E-8	0.001200
2.570000E-8	0.001234
2.575000E-8	0.001472
2.580000E-8	0.001803
2.585000E-8	0.002162
2.590000E-8	0.002447
2.595000E-8	0.002734
2.600000E-8	0.003097
2.605000E-8	0.003263
2.610000E-8	0.003238
2.615000E-8	0.003194
2.620000E-8	0.003000
2.625000E-8	0.002672
2.630000E-8	0.002275
2.635000E-8	0.001931
2.640000E-8	0.001663
2.645000E-8	0.001328
2.650000E-8	0.000881
2.655000E-8	0.000703
2.660000E-8	0.000741
2.665000E-8	0.000875
2.670000E-8	0.001125
2.675000E-8	0.001403
2.680000E-8	0.001738
2.685000E-8	0.002175
2.690000E-8	0.002559
2.695000E-8	0.002891
2.700000E-8	0.003000
2.705000E-8	0.003122
2.710000E-8	0.003069
2.715000E-8	0.003031
2.720000E-8	0.002703
2.725000E-8	0.002434
2.730000E-8	0.002044
2.735000E-8	0.001653
2.740000E-8	0.001341
2.745000E-8	0.001100
2.750000E-8	0.001063
2.755000E-8	0.001084
2.760000E-8	0.001203
2.765000E-8	0.001528
2.770000E-8	0.001744
2.775000E-8	0.002159
2.780000E-8	0.002397
2.785000E-8	0.002809
2.790000E-8	0.003031
2.795000E-8	0.003175
2.800000E-8	0.003238
2.805000E-8	0.003144
2.810000E-8	0.002841
2.815000E-8	0.002472
2.820000E-8	0.001984
2.825000E-8	0.001697
2.830000E-8	0.001422
2.835000E-8	0.000978
2.840000E-8	0.000803
2.845000E-8	0.000684
2.850000E-8	0.000875
2.855000E-8	0.001059
2.860000E-8	0.001359
2.865000E-8	0.001797
2.870000E-8	0.002259
2.875000E-8	0.002809
2.880000E-8	0.003056
2.885000E-8	0.003266
2.890000E-8	0.003350
2.895000E-8	0.003350
2.900000E-8	0.003166
2.905000E-8	0.002953
2.910000E-8	0.002659
2.915000E-8	0.002269
2.920000E-8	0.001919
2.925000E-8	0.001519
2.930000E-8	0.001306
2.935000E-8	0.001206
2.940000E-8	0.001134
2.945000E-8	0.001250
2.950000E-8	0.001422
2.955000E-8	0.001638
2.960000E-8	0.001941
2.965000E-8	0.002284
2.970000E-8	0.002500
2.975000E-8	0.002669
2.980000E-8	0.002838
2.985000E-8	0.003053
2.990000E-8	0.003003
2.995000E-8	0.002831
3.000000E-8	0.002681
3.005000E-8	0.002422
3.010000E-8	0.002131
3.015000E-8	0.001750
3.020000E-8	0.001513
3.025000E-8	0.001250
3.030000E-8	0.001313
3.035000E-8	0.001209
3.040000E-8	0.001306
3.045000E-8	0.001497
3.050000E-8	0.001659
3.055000E-8	0.002041
3.060000E-8	0.002344
3.065000E-8	0.002688
3.070000E-8	0.002797
3.075000E-8	0.002856
3.080000E-8	0.002934
3.085000E-8	0.002850
3.090000E-8	0.002656
3.095000E-8	0.002419
3.100000E-8	0.002181
3.105000E-8	0.001947
3.110000E-8	0.001697
3.115000E-8	0.001437
3.120000E-8	0.001128
3.125000E-8	0.001078
3.130000E-8	0.001097
3.135000E-8	0.001156
3.140000E-8	0.001328
3.145000E-8	0.001603
3.150000E-8	0.001844
3.155000E-8	0.002206
3.160000E-8	0.002475
3.165000E-8	0.002741
3.170000E-8	0.002713
3.175000E-8	0.002853
3.180000E-8	0.002747
3.185000E-8	0.002575
3.190000E-8	0.002331
3.195000E-8	0.002094
3.200000E-8	0.001766
3.205000E-8	0.001588
3.210000E-8	0.001384
3.215000E-8	0.001181
3.220000E-8	0.001228
3.225000E-8	0.001222
3.230000E-8	0.001313
3.235000E-8	0.001400
3.240000E-8	0.001731
3.245000E-8	0.001969
3.250000E-8	0.002172
3.255000E-8	0.002444
3.260000E-8	0.002641
3.265000E-8	0.002644
3.270000E-8	0.002806
3.275000E-8	0.002800
3.280000E-8	0.002678
3.285000E-8	0.002556
3.290000E-8	0.002284
3.295000E-8	0.001881
3.300000E-8	0.001694
3.305000E-8	0.001547
3.310000E-8	0.001278
3.315000E-8	0.001163
3.320000E-8	0.001241
3.325000E-8	0.001425
3.330000E-8	0.001625
3.335000E-8	0.001922
3.340000E-8	0.002078
3.345000E-8	0.002353
3.350000E-8	0.002587
3.355000E-8	0.002728
3.360000E-8	0.002809
3.365000E-8	0.002869
3.370000E-8	0.002772
3.375000E-8	0.002753
3.380000E-8	0.002419
3.385000E-8	0.002169
3.390000E-8	0.001900
3.395000E-8	0.001713
3.400000E-8	0.001431
3.405000E-8	0.001328
3.410000E-8	0.001347
3.415000E-8	0.001359
3.420000E-8	0.001488
3.425000E-8	0.001753
3.430000E-8	0.001944
3.435000E-8	0.002103
3.440000E-8	0.002291
3.445000E-8	0.002475
3.450000E-8	0.002578
3.455000E-8	0.002619
3.460000E-8	0.002516
3.465000E-8	0.002422
3.470000E-8	0.002194
3.475000E-8	0.002094
3.480000E-8	0.001875
3.485000E-8	0.001584
3.490000E-8	0.001463
3.495000E-8	0.001375
3.500000E-8	0.001263
3.505000E-8	0.001256
3.510000E-8	0.001422
3.515000E-8	0.001641
3.520000E-8	0.001766
3.525000E-8	0.002069
3.530000E-8	0.002297
3.535000E-8	0.002522
3.540000E-8	0.002603
3.545000E-8	0.002741
3.550000E-8	0.002716
3.555000E-8	0.002741
3.560000E-8	0.002688
3.565000E-8	0.002512
3.570000E-8	0.002313
3.575000E-8	0.001959
3.580000E-8	0.001759
3.585000E-8	0.001606
3.590000E-8	0.001541
3.595000E-8	0.001497
3.600000E-8	0.001500
3.605000E-8	0.001531
3.610000E-8	0.001666
3.615000E-8	0.001881
3.620000E-8	0.002097
3.625000E-8	0.002503
3.630000E-8	0.002572
3.635000E-8	0.002628
3.640000E-8	0.002603
3.645000E-8	0.002653
3.650000E-8	0.002538
3.655000E-8	0.002425
3.660000E-8	0.002150
3.665000E-8	0.002047
3.670000E-8	0.001866
3.675000E-8	0.001656
3.680000E-8	0.001525
3.685000E-8	0.001400
3.690000E-8	0.001266
3.695000E-8	0.001378
3.700000E-8	0.001413
3.705000E-8	0.001591
3.710000E-8	0.001747
3.715000E-8	0.001913
3.720000E-8	0.002106
3.725000E-8	0.002394
3.730000E-8	0.002397
3.735000E-8	0.002559
3.740000E-8	0.002484
3.745000E-8	0.002512
3.750000E-8	0.002341
3.755000E-8	0.002281
3.760000E-8	0.002078
3.765000E-8	0.001959
3.770000E-8	0.001772
3.775000E-8	0.001722
3.780000E-8	0.001687
3.785000E-8	0.001600
3.790000E-8	0.001744
3.795000E-8	0.001909
3.800000E-8	0.002081
3.805000E-8	0.002334
3.810000E-8	0.002437
3.815000E-8	0.002559
3.820000E-8	0.002647
3.825000E-8	0.002869
3.830000E-8	0.002903
3.835000E-8	0.002769
3.840000E-8	0.002638
3.845000E-8	0.002566
3.850000E-8	0.002297
3.855000E-8	0.002109
3.860000E-8	0.001900
3.865000E-8	0.001697
3.870000E-8	0.001456
3.875000E-8	0.001425
3.880000E-8	0.001422
3.885000E-8	0.001497
3.890000E-8	0.001687
3.895000E-8	0.001872
3.900000E-8	0.002116
3.905000E-8	0.002434
3.910000E-8	0.002653
3.915000E-8	0.002788
3.920000E-8	0.002850
3.925000E-8	0.002988
3.930000E-8	0.002875
3.935000E-8	0.002703
3.940000E-8	0.002522
3.945000E-8	0.002309
3.950000E-8	0.002022
3.955000E-8	0.001681
3.960000E-8	0.001409
3.965000E-8	0.001341
3.970000E-8	0.001288
3.975000E-8	0.001381
3.980000E-8	0.001375
3.985000E-8	0.001516
3.990000E-8	0.001719
3.995000E-8	0.002188
4.000000E-8	0.002403
4.005000E-8	0.002575
4.010000E-8	0.002606
4.015000E-8	0.002822
4.020000E-8	0.002734
4.025000E-8	0.002656
4.030000E-8	0.002519
4.035000E-8	0.002366
4.040000E-8	0.002031
4.045000E-8	0.001978
4.050000E-8	0.001738
4.055000E-8	0.001675
4.060000E-8	0.001659
4.065000E-8	0.001663
4.070000E-8	0.001797
4.075000E-8	0.001925
4.080000E-8	0.002113
4.085000E-8	0.002284
4.090000E-8	0.002456
4.095000E-8	0.002678
4.100000E-8	0.002813
4.105000E-8	0.002844
4.110000E-8	0.002753
4.115000E-8	0.002797
4.120000E-8	0.002675
4.125000E-8	0.002566
4.130000E-8	0.002284
4.135000E-8	0.002178
4.140000E-8	0.001919
4.145000E-8	0.001831
4.150000E-8	0.001716
4.155000E-8	0.001703
4.160000E-8	0.001634
4.165000E-8	0.001691
4.170000E-8	0.001713
4.175000E-8	0.001925
4.180000E-8	0.002050
4.185000E-8	0.002419
4.190000E-8	0.002494
4.195000E-8	0.002563
4.200000E-8	0.002638
4.205000E-8	0.002659
4.210000E-8	0.002375
4.215000E-8	0.002191
4.220000E-8	0.001922
4.225000E-8	0.001719
4.230000E-8	0.001522
4.235000E-8	0.001403
4.240000E-8	0.001241
4.245000E-8	0.001197
4.250000E-8	0.001106
4.255000E-8	0.001181
4.260000E-8	0.001222
4.265000E-8	0.001381
4.270000E-8	0.001672
4.275000E-8	0.002025
4.280000E-8	0.002188
4.285000E-8	0.002353
4.290000E-8	0.002497
4.295000E-8	0.002591
4.300000E-8	0.002494
4.305000E-8	0.002359
4.310000E-8	0.002266
4.315000E-8	0.002100
4.320000E-8	0.001863
4.325000E-8	0.001647
4.330000E-8	0.001444
4.335000E-8	0.001200
4.340000E-8	0.001097
4.345000E-8	0.001041
4.350000E-8	0.001019
4.355000E-8	0.001144
4.360000E-8	0.001316
4.365000E-8	0.001559
4.370000E-8	0.001813
4.375000E-8	0.002056
4.380000E-8	0.002272
4.385000E-8	0.002466
4.390000E-8	0.002534
4.395000E-8	0.002600
4.400000E-8	0.002512
4.405000E-8	0.002503
4.410000E-8	0.002253
4.415000E-8	0.002134
4.420000E-8	0.001975
4.425000E-8	0.001794
4.430000E-8	0.001609
4.435000E-8	0.001584
4.440000E-8	0.001550
4.445000E-8	0.001697
4.450000E-8	0.001847
4.455000E-8	0.001972
4.460000E-8	0.002153
4.465000E-8	0.002306
4.470000E-8	0.002359
4.475000E-8	0.002422
4.480000E-8	0.002425
4.485000E-8	0.002497
4.490000E-8	0.002422
4.495000E-8	0.002288
4.500000E-8	0.002087
4.505000E-8	0.001931
4.510000E-8	0.001800
4.515000E-8	0.001550
4.520000E-8	0.001416
4.525000E-8	0.001419
4.530000E-8	0.001369
4.535000E-8	0.001459
4.540000E-8	0.001513
4.545000E-8	0.001731
4.550000E-8	0.001819
4.555000E-8	0.002119
4.560000E-8	0.002322
4.565000E-8	0.002578
4.570000E-8	0.002709
4.575000E-8	0.002781
4.580000E-8	0.002728
4.585000E-8	0.002737
4.590000E-8	0.002397
4.595000E-8	0.002172
4.600000E-8	0.001972
4.605000E-8	0.001863
4.610000E-8	0.001631
4.615000E-8	0.001472
4.620000E-8	0.001428
4.625000E-8	0.001469
4.630000E-8	0.001547
4.635000E-8	0.001597
4.640000E-8	0.001609
4.645000E-8	0.001947
4.650000E-8	0.002053
4.655000E-8	0.002209
4.660000E-8	0.002253
4.665000E-8	0.002434
4.670000E-8	0.002488
4.675000E-8	0.002519
4.680000E-8	0.002356
4.685000E-8	0.002350
4.690000E-8	0.002225
4.695000E-8	0.002012
4.700000E-8	0.001875
4.705000E-8	0.001731
4.710000E-8	0.001612
4.715000E-8	0.001616
4.720000E-8	0.001669
4.725000E-8	0.001831
4.730000E-8	0.001934
4.735000E-8	0.002016
4.740000E-8	0.002206
4.745000E-8	0.002381
4.750000E-8	0.002475
4.755000E-8	0.002566
4.760000E-8	0.002431
4.765000E-8	0.002469
4.770000E-8	0.002250
4.775000E-8	0.002131
4.780000E-8	0.001947
4.785000E-8	0.001781
4.790000E-8	0.001553
4.795000E-8	0.001281
4.800000E-8	0.001275
4.805000E-8	0.001244
4.810000E-8	0.001313
4.815000E-8	0.001444
4.820000E-8	0.001488
4.825000E-8	0.001659
4.830000E-8	0.001781
4.835000E-8	0.001775
4.840000E-8	0.001947
4.845000E-8	0.002016
4.850000E-8	0.002044
4.855000E-8	0.002219
4.860000E-8	0.002259
4.865000E-8	0.002184
4.870000E-8	0.002066
4.875000E-8	0.002016
4.880000E-8	0.001937
4.885000E-8	0.001956
4.890000E-8	0.001784
4.895000E-8	0.001659
4.900000E-8	0.001522
4.905000E-8	0.001591
4.910000E-8	0.001559
4.915000E-8	0.001656
4.920000E-8	0.001716
4.925000E-8	0.001931
4.930000E-8	0.001988
4.935000E-8	0.002234
4.940000E-8	0.002409
4.945000E-8	0.002566
4.950000E-8	0.002587
4.955000E-8	0.002634
4.960000E-8	0.002653
4.965000E-8	0.002603
4.970000E-8	0.002353
4.975000E-8	0.002250
4.980000E-8	0.002087
4.985000E-8	0.001937
4.990000E-8	0.001756
4.995000E-8	0.001697
5.000000E-8	0.001719
5.005000E-8	0.001719
5.010000E-8	0.001725
5.015000E-8	0.001863
5.020000E-8	0.002050
5.025000E-8	0.002122
5.030000E-8	0.002319
5.035000E-8	0.002406
5.040000E-8	0.002375
5.045000E-8	0.002453
5.050000E-8	0.002416
5.055000E-8	0.002316
5.060000E-8	0.002113
5.065000E-8	0.001972
5.070000E-8	0.001850
5.075000E-8	0.001750
5.080000E-8	0.001525
5.085000E-8	0.001506
5.090000E-8	0.001322
5.095000E-8	0.001278
5.100000E-8	0.001272
5.105000E-8	0.001400
5.110000E-8	0.001569
5.115000E-8	0.001794
5.120000E-8	0.002100
5.125000E-8	0.002263
5.130000E-8	0.002272
5.135000E-8	0.002456
5.140000E-8	0.002444
5.145000E-8	0.002497
5.150000E-8	0.002391
5.155000E-8	0.002225
5.160000E-8	0.002009
5.165000E-8	0.001963
5.170000E-8	0.001731
5.175000E-8	0.001544
5.180000E-8	0.001497
5.185000E-8	0.001547
5.190000E-8	0.001500
5.195000E-8	0.001575
5.200000E-8	0.001794
5.205000E-8	0.002066
5.210000E-8	0.002222
5.215000E-8	0.002444
5.220000E-8	0.002606
5.225000E-8	0.002553
5.230000E-8	0.002459
5.235000E-8	0.002403
5.240000E-8	0.002316
5.245000E-8	0.002059
5.250000E-8	0.001906
5.255000E-8	0.001759
5.260000E-8	0.001550
5.265000E-8	0.001484
5.270000E-8	0.001419
5.275000E-8	0.001366
5.280000E-8	0.001369
5.285000E-8	0.001497
5.290000E-8	0.001566
5.295000E-8	0.001906
5.300000E-8	0.002019
5.305000E-8	0.002237
5.310000E-8	0.002484
5.315000E-8	0.002506
5.320000E-8	0.002531
5.325000E-8	0.002506
5.330000E-8	0.002384
5.335000E-8	0.002269
5.340000E-8	0.002069
5.345000E-8	0.001884
5.350000E-8	0.001728
5.355000E-8	0.001634
5.360000E-8	0.001547
5.365000E-8	0.001459
5.370000E-8	0.001481
5.375000E-8	0.001678
5.380000E-8	0.001738
5.385000E-8	0.001897
5.390000E-8	0.001925
5.395000E-8	0.001937
5.400000E-8	0.002059
5.405000E-8	0.002178
5.410000E-8	0.002166
5.415000E-8	0.002322
5.420000E-8	0.002391
5.425000E-8	0.002572
5.430000E-8	0.002456
5.435000E-8	0.002463
5.440000E-8	0.002303
5.445000E-8	0.002219
5.450000E-8	0.002075
5.455000E-8	0.002066
5.460000E-8	0.002047
5.465000E-8	0.002097
5.470000E-8	0.002131
5.475000E-8	0.002216
5.480000E-8	0.002134
5.485000E-8	0.002303
5.490000E-8	0.002328
5.495000E-8	0.002391
5.500000E-8	0.002347
5.505000E-8	0.002400
5.510000E-8	0.002428
5.515000E-8	0.002506
5.520000E-8	0.002547
5.525000E-8	0.002409
5.530000E-8	0.002416
5.535000E-8	0.002272
5.540000E-8	0.002150
5.545000E-8	0.002019
5.550000E-8	0.001919
5.555000E-8	0.001881
5.560000E-8	0.001809
5.565000E-8	0.001763
5.570000E-8	0.001672
5.575000E-8	0.001844
5.580000E-8	0.001875
5.585000E-8	0.001991
5.590000E-8	0.002050
5.595000E-8	0.002219
5.600000E-8	0.002250
5.605000E-8	0.002291
5.610000E-8	0.002300
5.615000E-8	0.002403
5.620000E-8	0.002322
5.625000E-8	0.002147
5.630000E-8	0.002053
5.635000E-8	0.001775
5.640000E-8	0.001641
5.645000E-8	0.001581
5.650000E-8	0.001459
5.655000E-8	0.001366
5.660000E-8	0.001444
5.665000E-8	0.001550
5.670000E-8	0.001747
5.675000E-8	0.001894
5.680000E-8	0.002166
5.685000E-8	0.002350
5.690000E-8	0.002366
5.695000E-8	0.002384
5.700000E-8	0.002378
5.705000E-8	0.002341
5.710000E-8	0.002275
5.715000E-8	0.002091
5.720000E-8	0.001934
5.725000E-8	0.001813
5.730000E-8	0.001734
5.735000E-8	0.001716
5.740000E-8	0.001694
5.745000E-8	0.001781
5.750000E-8	0.001888
5.755000E-8	0.002012
5.760000E-8	0.002150
5.765000E-8	0.002225
5.770000E-8	0.002359
5.775000E-8	0.002534
5.780000E-8	0.002531
5.785000E-8	0.002625
5.790000E-8	0.002734
5.795000E-8	0.002625
5.800000E-8	0.002556
5.805000E-8	0.002294
5.810000E-8	0.002103
5.815000E-8	0.001991
5.820000E-8	0.001875
5.825000E-8	0.001769
5.830000E-8	0.001619
5.835000E-8	0.001634
5.840000E-8	0.001609
5.845000E-8	0.001566
5.850000E-8	0.001600
5.855000E-8	0.001775
5.860000E-8	0.001978
5.865000E-8	0.002075
5.870000E-8	0.002134
5.875000E-8	0.002141
5.880000E-8	0.002109
5.885000E-8	0.001966
5.890000E-8	0.001953
5.895000E-8	0.001881
5.900000E-8	0.001687
5.905000E-8	0.001697
5.910000E-8	0.001650
5.915000E-8	0.001644
5.920000E-8	0.001541
5.925000E-8	0.001691
5.930000E-8	0.001653
5.935000E-8	0.001781
5.940000E-8	0.001797
5.945000E-8	0.002034
5.950000E-8	0.002237
5.955000E-8	0.002294
5.960000E-8	0.002366
5.965000E-8	0.002419
5.970000E-8	0.002422
5.975000E-8	0.002497
5.980000E-8	0.002225
5.985000E-8	0.002159
5.990000E-8	0.002113
5.995000E-8	0.001991
6.000000E-8	0.001838
6.005000E-8	0.001641
6.010000E-8	0.001581
6.015000E-8	0.001600
6.020000E-8	0.001684
6.025000E-8	0.001769
6.030000E-8	0.001788
6.035000E-8	0.001903
6.040000E-8	0.001941
6.045000E-8	0.002113
6.050000E-8	0.002197
6.055000E-8	0.002322
6.060000E-8	0.002313
6.065000E-8	0.002437
6.070000E-8	0.002381
6.075000E-8	0.002322
6.080000E-8	0.002241
6.085000E-8	0.002200
6.090000E-8	0.002075
6.095000E-8	0.002000
6.100000E-8	0.001956
6.105000E-8	0.001863
6.110000E-8	0.001809
6.115000E-8	0.001825
6.120000E-8	0.001844
6.125000E-8	0.001894
6.130000E-8	0.001969
6.135000E-8	0.002047
6.140000E-8	0.002038
6.145000E-8	0.002078
6.150000E-8	0.002081
6.155000E-8	0.002181
6.160000E-8	0.002122
6.165000E-8	0.002134
6.170000E-8	0.002125
6.175000E-8	0.002156
6.180000E-8	0.002047
6.185000E-8	0.001925
6.190000E-8	0.001891
6.195000E-8	0.001713
6.200000E-8	0.001569
6.205000E-8	0.001459
6.210000E-8	0.001441
6.215000E-8	0.001559
6.220000E-8	0.001578
6.225000E-8	0.001725
6.230000E-8	0.001819
6.235000E-8	0.002025
6.240000E-8	0.002144
6.245000E-8	0.002316
6.250000E-8	0.002422
6.255000E-8	0.002447
6.260000E-8	0.002469
6.265000E-8	0.002394
6.270000E-8	0.002341
6.275000E-8	0.002253
6.280000E-8	0.001959
6.285000E-8	0.002028
6.290000E-8	0.001897
6.295000E-8	0.001741
6.300000E-8	0.001691
6.305000E-8	0.001653
6.310000E-8	0.001822
6.315000E-8	0.001894
6.320000E-8	0.002072
6.325000E-8	0.002206
6.330000E-8	0.002300
6.335000E-8	0.002419
6.340000E-8	0.002391
6.345000E-8	0.002484
6.350000E-8	0.002544
6.355000E-8	0.002538
6.360000E-8	0.002384
6.365000E-8	0.002216
6.370000E-8	0.002109
6.375000E-8	0.002075
6.380000E-8	0.002016
6.385000E-8	0.001978
6.390000E-8	0.001850
6.395000E-8	0.001878
6.400000E-8	0.001891
6.405000E-8	0.001897
6.410000E-8	0.001981
6.415000E-8	0.002038
6.420000E-8	0.002144
6.425000E-8	0.002181
6.430000E-8	0.002188
6.435000E-8	0.002331
6.440000E-8	0.002316
6.445000E-8	0.002306
6.450000E-8	0.002241
6.455000E-8	0.002216
6.460000E-8	0.002072
6.465000E-8	0.001931
6.470000E-8	0.001922
6.475000E-8	0.001803
6.480000E-8	0.001703
6.485000E-8	0.001706
6.490000E-8	0.001684
6.495000E-8	0.001819
6.500000E-8	0.001806
6.505000E-8	0.001934
6.510000E-8	0.002047
6.515000E-8	0.002028
6.520000E-8	0.002197
6.525000E-8	0.002188
6.530000E-8	0.002194
6.535000E-8	0.002319
6.540000E-8	0.002203
6.545000E-8	0.002162
6.550000E-8	0.002153
6.555000E-8	0.002056
6.560000E-8	0.001838
6.565000E-8	0.001784
6.570000E-8	0.001866
6.575000E-8	0.001822
6.580000E-8	0.001806
6.585000E-8	0.001888
6.590000E-8	0.001841
6.595000E-8	0.001916
6.600000E-8	0.002003
6.605000E-8	0.002228
6.610000E-8	0.002219
6.615000E-8	0.002247
6.620000E-8	0.002237
6.625000E-8	0.002253
6.630000E-8	0.002338
6.635000E-8	0.002288
6.640000E-8	0.002309
6.645000E-8	0.002294
6.650000E-8	0.002162
6.655000E-8	0.002050
6.660000E-8	0.002059
6.665000E-8	0.002006
6.670000E-8	0.001984
6.675000E-8	0.001913
6.680000E-8	0.001950
6.685000E-8	0.002019
6.690000E-8	0.002050
6.695000E-8	0.002256
6.700000E-8	0.002338
6.705000E-8	0.002488
6.710000E-8	0.002566
6.715000E-8	0.002700
6.720000E-8	0.002581
6.725000E-8	0.002544
6.730000E-8	0.002519
6.735000E-8	0.002475
6.740000E-8	0.002269
6.745000E-8	0.002131
6.750000E-8	0.002084
6.755000E-8	0.001928
6.760000E-8	0.001825
6.765000E-8	0.001953
6.770000E-8	0.001894
6.775000E-8	0.001778
6.780000E-8	0.001625
6.785000E-8	0.001616
6.790000E-8	0.001697
6.795000E-8	0.001869
6.800000E-8	0.001816
6.805000E-8	0.001800
6.810000E-8	0.001913
6.815000E-8	0.001959
6.820000E-8	0.002041
6.825000E-8	0.002128
6.830000E-8	0.002081
6.835000E-8	0.002094
6.840000E-8	0.002063
6.845000E-8	0.002025
6.850000E-8	0.001963
6.855000E-8	0.001928
6.860000E-8	0.001828
6.865000E-8	0.001941
6.870000E-8	0.001875
6.875000E-8	0.001891
6.880000E-8	0.001819
6.885000E-8	0.001913
6.890000E-8	0.002016
6.895000E-8	0.002131
6.900000E-8	0.002138
6.905000E-8	0.002225
6.910000E-8	0.002253
6.915000E-8	0.002191
6.920000E-8	0.002169
6.925000E-8	0.002203
6.930000E-8	0.002216
6.935000E-8	0.002172
6.940000E-8	0.002022
6.945000E-8	0.001900
6.950000E-8	0.001828
6.955000E-8	0.001794
6.960000E-8	0.001766
6.965000E-8	0.001806
6.970000E-8	0.001772
6.975000E-8	0.001853
6.980000E-8	0.001859
6.985000E-8	0.002084
6.990000E-8	0.002075
6.995000E-8	0.002022
7.000000E-8	0.001956
7.005000E-8	0.002022
7.010000E-8	0.001928
7.015000E-8	0.001916
7.020000E-8	0.001731
7.025000E-8	0.001763
7.030000E-8	0.001716
7.035000E-8	0.001766
7.040000E-8	0.001678
7.045000E-8	0.001834
7.050000E-8	0.001878
7.055000E-8	0.001919
7.060000E-8	0.001950
7.065000E-8	0.002000
7.070000E-8	0.001975
7.075000E-8	0.002103
7.080000E-8	0.002181
7.085000E-8	0.002275
7.090000E-8	0.002213
7.095000E-8	0.002288
7.100000E-8	0.002334
7.105000E-8	0.002325
7.110000E-8	0.002113
7.115000E-8	0.002041
7.120000E-8	0.001922
7.125000E-8	0.001866
7.130000E-8	0.001725
7.135000E-8	0.001628
7.140000E-8	0.001544
7.145000E-8	0.001556
7.150000E-8	0.001628
7.155000E-8	0.001687
7.160000E-8	0.001781
7.165000E-8	0.001875
7.170000E-8	0.001875
7.175000E-8	0.002162
7.180000E-8	0.002219
7.185000E-8	0.002253
7.190000E-8	0.002297
7.195000E-8	0.002350
7.200000E-8	0.002253
7.205000E-8	0.002162
7.210000E-8	0.002150
7.215000E-8	0.002053
7.220000E-8	0.001891
7.225000E-8	0.001872
7.230000E-8	0.001891
7.235000E-8	0.001853
7.240000E-8	0.001891
7.245000E-8	0.001950
7.250000E-8	0.001944
7.255000E-8	0.001997
7.260000E-8	0.002144
7.265000E-8	0.002200
7.270000E-8	0.002169
7.275000E-8	0.002306
7.280000E-8	0.002269
7.285000E-8	0.002213
7.290000E-8	0.002113
7.295000E-8	0.002084
7.300000E-8	0.001847
7.305000E-8	0.001738
7.310000E-8	0.001728
7.315000E-8	0.001625
7.320000E-8	0.001541
7.325000E-8	0.001625
7.330000E-8	0.001672
7.335000E-8	0.001663
7.340000E-8	0.001747
7.345000E-8	0.001975
7.350000E-8	0.002047
7.355000E-8	0.002156
7.360000E-8	0.002178
7.365000E-8	0.002244
7.370000E-8	0.002313
7.375000E-8	0.002384
7.380000E-8	0.002400
7.385000E-8	0.002300
7.390000E-8	0.002263
7.395000E-8	0.002122
7.400000E-8	0.001903
7.405000E-8	0.001853
7.410000E-8	0.001750
7.415000E-8	0.001719
7.420000E-8	0.001678
7.425000E-8	0.001791
7.430000E-8	0.001838
7.435000E-8	0.001953
7.440000E-8	0.002056
7.445000E-8	0.002191
7.450000E-8	0.002319
7.455000E-8	0.002406
7.460000E-8	0.002450
7.465000E-8	0.002597
7.470000E-8	0.002584
7.475000E-8	0.002550
7.480000E-8	0.002384
7.485000E-8	0.002403
7.490000E-8	0.002278
7.495000E-8	0.002100
7.500000E-8	0.002094
7.505000E-8	0.002113
7.510000E-8	0.002097
7.515000E-8	0.002119
7.520000E-8	0.002047
7.525000E-8	0.002219
7.530000E-8	0.002253
7.535000E-8	0.002478
7.540000E-8	0.002519
7.545000E-8	0.002694
7.550000E-8	0.002641
7.555000E-8	0.002650
7.560000E-8	0.002675
7.565000E-8	0.002647
7.570000E-8	0.002419
7.575000E-8	0.002353
7.580000E-8	0.002147
7.585000E-8	0.002034
7.590000E-8	0.001972
7.595000E-8	0.002103
7.600000E-8	0.002038
7.605000E-8	0.001978
7.610000E-8	0.002019
7.615000E-8	0.002016
7.620000E-8	0.002031
7.625000E-8	0.002159
7.630000E-8	0.002237
7.635000E-8	0.002319
7.640000E-8	0.002269
7.645000E-8	0.002191
7.650000E-8	0.002172
7.655000E-8	0.001959
7.660000E-8	0.001947
7.665000E-8	0.001966
7.670000E-8	0.001784
7.675000E-8	0.001778
7.680000E-8	0.001747
7.685000E-8	0.001775
7.690000E-8	0.001731
7.695000E-8	0.002012
7.700000E-8	0.002084
7.705000E-8	0.002091
7.710000E-8	0.002147
7.715000E-8	0.002178
7.720000E-8	0.002172
7.725000E-8	0.002222
7.730000E-8	0.002263
7.735000E-8	0.002231
7.740000E-8	0.002147
7.745000E-8	0.002116
7.750000E-8	0.002228
7.755000E-8	0.002203
7.760000E-8	0.002147
7.765000E-8	0.002131
7.770000E-8	0.002106
7.775000E-8	0.002166
7.780000E-8	0.002103
7.785000E-8	0.002094
7.790000E-8	0.002006
7.795000E-8	0.002034
7.800000E-8	0.001988
7.805000E-8	0.002012
7.810000E-8	0.001916
7.815000E-8	0.001984
7.820000E-8	0.002044
7.825000E-8	0.002100
7.830000E-8	0.002072
7.835000E-8	0.002247
7.840000E-8	0.002281
7.845000E-8	0.002294
7.850000E-8	0.002172
7.855000E-8	0.002191
7.860000E-8	0.002188
7.865000E-8	0.002069
7.870000E-8	0.002081
7.875000E-8	0.001969
7.880000E-8	0.001788
7.885000E-8	0.001656
7.890000E-8	0.001681
7.895000E-8	0.001681
7.900000E-8	0.001631
7.905000E-8	0.001725
7.910000E-8	0.001781
7.915000E-8	0.001775
7.920000E-8	0.001806
7.925000E-8	0.002050
7.930000E-8	0.002128
7.935000E-8	0.002156
7.940000E-8	0.002247
7.945000E-8	0.002359
7.950000E-8	0.002266
7.955000E-8	0.002078
7.960000E-8	0.001906
7.965000E-8	0.001713
7.970000E-8	0.001666
7.975000E-8	0.001459
7.980000E-8	0.001316
7.985000E-8	0.001372
7.990000E-8	0.001453
7.995000E-8	0.001472
8.000000E-8	0.001581
8.005000E-8	0.001656
8.010000E-8	0.001772
8.015000E-8	0.001897
8.020000E-8	0.001928
8.025000E-8	0.002044
8.030000E-8	0.001991
8.035000E-8	0.001928
8.040000E-8	0.001863
8.045000E-8	0.001903
8.050000E-8	0.001978
8.055000E-8	0.001941
8.060000E-8	0.001997
8.065000E-8	0.002066
8.070000E-8	0.002122
8.075000E-8	0.002222
8.080000E-8	0.002191
8.085000E-8	0.002303
8.090000E-8	0.002272
8.095000E-8	0.002300
8.100000E-8	0.002281
8.105000E-8	0.002306
8.110000E-8	0.002306
8.115000E-8	0.002322
8.120000E-8	0.002322
8.125000E-8	0.002369
8.130000E-8	0.002359
8.135000E-8	0.002353
8.140000E-8	0.002234
8.145000E-8	0.002162
8.150000E-8	0.002147
8.155000E-8	0.002081
8.160000E-8	0.002031
8.165000E-8	0.001978
8.170000E-8	0.001828
8.175000E-8	0.001819
8.180000E-8	0.001897
8.185000E-8	0.001937
8.190000E-8	0.001900
8.195000E-8	0.002050
8.200000E-8	0.002066
8.205000E-8	0.002006
8.210000E-8	0.001997
8.215000E-8	0.002116
8.220000E-8	0.002044
8.225000E-8	0.002003
8.230000E-8	0.001963
8.235000E-8	0.001834
8.240000E-8	0.001772
8.245000E-8	0.001831
8.250000E-8	0.001878
8.255000E-8	0.002022
8.260000E-8	0.002012
8.265000E-8	0.002116
8.270000E-8	0.002175
8.275000E-8	0.002216
8.280000E-8	0.002109
8.285000E-8	0.002125
8.290000E-8	0.002100
8.295000E-8	0.002078
8.300000E-8	0.002144
8.305000E-8	0.001944
8.310000E-8	0.001963
8.315000E-8	0.002047
8.320000E-8	0.001953
8.325000E-8	0.002069
8.330000E-8	0.002038
8.335000E-8	0.001913
8.340000E-8	0.001981
8.345000E-8	0.002066
8.350000E-8	0.002012
8.355000E-8	0.002072
8.360000E-8	0.002000
8.365000E-8	0.002012
8.370000E-8	0.001988
8.375000E-8	0.002066
8.380000E-8	0.001947
8.385000E-8	0.002063
8.390000E-8	0.002025
8.395000E-8	0.002044
8.400000E-8	0.002016
8.405000E-8	0.001919
8.410000E-8	0.001859
8.415000E-8	0.001813
8.420000E-8	0.001744
8.425000E-8	0.001781
8.430000E-8	0.001825
8.435000E-8	0.001859
8.440000E-8	0.001884
8.445000E-8	0.001909
8.450000E-8	0.001909
8.455000E-8	0.001906
8.460000E-8	0.001894
8.465000E-8	0.001866
8.470000E-8	0.001963
8.475000E-8	0.001934
8.480000E-8	0.001934
8.485000E-8	0.001913
8.490000E-8	0.001950
8.495000E-8	0.001906
8.500000E-8	0.001909
8.505000E-8	0.001928
8.510000E-8	0.002000
8.515000E-8	0.002063
8.520000E-8	0.002025
8.525000E-8	0.002028
8.530000E-8	0.001888
8.535000E-8	0.001875
8.540000E-8	0.001934
8.545000E-8	0.002003
8.550000E-8	0.001891
8.555000E-8	0.001900
8.560000E-8	0.001906
8.565000E-8	0.001906
8.570000E-8	0.001894
8.575000E-8	0.002006
8.580000E-8	0.002128
8.585000E-8	0.002184
8.590000E-8	0.002038
8.595000E-8	0.002094
8.600000E-8	0.002019
8.605000E-8	0.001891
8.610000E-8	0.001769
8.615000E-8	0.001744
8.620000E-8	0.001634
8.625000E-8	0.001600
8.630000E-8	0.001553
8.635000E-8	0.001625
8.640000E-8	0.001716
8.645000E-8	0.001734
8.650000E-8	0.001878
8.655000E-8	0.001981
8.660000E-8	0.002047
8.665000E-8	0.002106
8.670000E-8	0.002150
8.675000E-8	0.002097
8.680000E-8	0.002122
8.685000E-8	0.002191
8.690000E-8	0.002109
8.695000E-8	0.002012
8.700000E-8	0.002025
8.705000E-8	0.001937
8.710000E-8	0.001947
8.715000E-8	0.001866
8.720000E-8	0.001850
8.725000E-8	0.001878
8.730000E-8	0.001872
8.735000E-8	0.001859
8.740000E-8	0.001916
8.745000E-8	0.001922
8.750000E-8	0.001931
8.755000E-8	0.001941
8.760000E-8	0.002016
8.765000E-8	0.002081
8.770000E-8	0.002069
8.775000E-8	0.002087
8.780000E-8	0.002113
8.785000E-8	0.002122
8.790000E-8	0.002094
8.795000E-8	0.002072
8.800000E-8	0.002050
8.805000E-8	0.002047
8.810000E-8	0.002028
8.815000E-8	0.002044
8.820000E-8	0.002072
8.825000E-8	0.002150
8.830000E-8	0.002159
8.835000E-8	0.002184
8.840000E-8	0.002122
8.845000E-8	0.002209
8.850000E-8	0.002216
8.855000E-8	0.002162
8.860000E-8	0.002044
8.865000E-8	0.002116
8.870000E-8	0.002044
8.875000E-8	0.002081
8.880000E-8	0.002063
8.885000E-8	0.002059
8.890000E-8	0.001988
8.895000E-8	0.002009
8.900000E-8	0.001906
8.905000E-8	0.001994
8.910000E-8	0.001991
8.915000E-8	0.001934
8.920000E-8	0.001947
8.925000E-8	0.001963
8.930000E-8	0.002025
8.935000E-8	0.002016
8.940000E-8	0.001966
8.945000E-8	0.002044
8.950000E-8	0.001888
8.955000E-8	0.002025
8.960000E-8	0.002122
8.965000E-8	0.002159
8.970000E-8	0.002250
8.975000E-8	0.002288
8.980000E-8	0.002159
8.985000E-8	0.002172
8.990000E-8	0.002087
8.995000E-8	0.002047
9.000000E-8	0.001925
9.005000E-8	0.001897
9.010000E-8	0.001678
9.015000E-8	0.001731
9.020000E-8	0.001703
9.025000E-8	0.001694
9.030000E-8	0.001763
9.035000E-8	0.001900
9.040000E-8	0.001744
9.045000E-8	0.001863
9.050000E-8	0.001928
9.055000E-8	0.001931
9.060000E-8	0.002012
9.065000E-8	0.002106
9.070000E-8	0.002019
9.075000E-8	0.002019
9.080000E-8	0.002038
9.085000E-8	0.002044
9.090000E-8	0.001956
9.095000E-8	0.001922
9.100000E-8	0.001950
9.105000E-8	0.001825
9.110000E-8	0.001769
9.115000E-8	0.001691
9.120000E-8	0.001809
9.125000E-8	0.001825
9.130000E-8	0.001975
9.135000E-8	0.002066
9.140000E-8	0.002069
9.145000E-8	0.002175
9.150000E-8	0.002222
9.155000E-8	0.002203
9.160000E-8	0.002300
9.165000E-8	0.002316
9.170000E-8	0.002191
9.175000E-8	0.002106
9.180000E-8	0.001881
9.185000E-8	0.001825
9.190000E-8	0.001678
9.195000E-8	0.001694
9.200000E-8	0.001556
9.205000E-8	0.001584
9.210000E-8	0.001716
9.215000E-8	0.001753
9.220000E-8	0.001803
9.225000E-8	0.001988
9.230000E-8	0.002144
9.235000E-8	0.002213
9.240000E-8	0.002181
9.245000E-8	0.002256
9.250000E-8	0.002197
9.255000E-8	0.002100
9.260000E-8	0.002016
9.265000E-8	0.002050
9.270000E-8	0.002012
9.275000E-8	0.001944
9.280000E-8	0.002028
9.285000E-8	0.002081
9.290000E-8	0.002150
9.295000E-8	0.002213
9.300000E-8	0.002284
9.305000E-8	0.002341
9.310000E-8	0.002381
9.315000E-8	0.002531
9.320000E-8	0.002531
9.325000E-8	0.002497
9.330000E-8	0.002441
9.335000E-8	0.002353
9.340000E-8	0.002219
9.345000E-8	0.002141
9.350000E-8	0.002056
9.355000E-8	0.001925
9.360000E-8	0.001841
9.365000E-8	0.001803
9.370000E-8	0.001781
9.375000E-8	0.001816
9.380000E-8	0.001763
9.385000E-8	0.001869
9.390000E-8	0.001941
9.395000E-8	0.002078
9.400000E-8	0.002203
9.405000E-8	0.002269
9.410000E-8	0.002269
9.415000E-8	0.002353
9.420000E-8	0.002341
9.425000E-8	0.002359
9.430000E-8	0.002203
9.435000E-8	0.002106
9.440000E-8	0.001988
9.445000E-8	0.001913
9.450000E-8	0.001953
9.455000E-8	0.001947
9.460000E-8	0.002012
9.465000E-8	0.001984
9.470000E-8	0.002131
9.475000E-8	0.002069
9.480000E-8	0.002087
9.485000E-8	0.002075
9.490000E-8	0.002016
9.495000E-8	0.002084
9.500000E-8	0.001994
9.505000E-8	0.002016
9.510000E-8	0.001916
9.515000E-8	0.001881
9.520000E-8	0.001934
9.525000E-8	0.001928
9.530000E-8	0.001859
9.535000E-8	0.002075
9.540000E-8	0.002084
9.545000E-8	0.002012
9.550000E-8	0.002025
9.555000E-8	0.002066
9.560000E-8	0.002050
9.565000E-8	0.002113
9.570000E-8	0.002069
9.575000E-8	0.002097
9.580000E-8	0.002113
9.585000E-8	0.002113
9.590000E-8	0.002047
9.595000E-8	0.002131
9.600000E-8	0.002141
9.605000E-8	0.002053
9.610000E-8	0.002031
9.615000E-8	0.001994
9.620000E-8	0.001959
9.625000E-8	0.002003
9.630000E-8	0.001847
9.635000E-8	0.001853
9.640000E-8	0.001853
9.645000E-8	0.001872
9.650000E-8	0.001906
9.655000E-8	0.001919
9.660000E-8	0.001950
9.665000E-8	0.002047
9.670000E-8	0.002134
9.675000E-8	0.002041
9.680000E-8	0.002081
9.685000E-8	0.002113
9.690000E-8	0.002122
9.695000E-8	0.002131
9.700000E-8	0.002078
9.705000E-8	0.001934
9.710000E-8	0.001953
9.715000E-8	0.001806
9.720000E-8	0.001766
9.725000E-8	0.001747
9.730000E-8	0.001744
9.735000E-8	0.001687
9.740000E-8	0.001597
9.745000E-8	0.001784
9.750000E-8	0.001766
9.755000E-8	0.001847
9.760000E-8	0.001788
9.765000E-8	0.001903
9.770000E-8	0.001769
9.775000E-8	0.001816
9.780000E-8	0.001847
9.785000E-8	0.001800
9.790000E-8	0.001819
9.795000E-8	0.001794
9.800000E-8	0.001956
9.805000E-8	0.001931
9.810000E-8	0.001947
9.815000E-8	0.002022
9.820000E-8	0.001806
9.825000E-8	0.001775
9.830000E-8	0.001797
9.835000E-8	0.001753
9.840000E-8	0.001731
9.845000E-8	0.001800
9.850000E-8	0.001850
9.855000E-8	0.001878
9.860000E-8	0.001913
9.865000E-8	0.002019
9.870000E-8	0.002078
9.875000E-8	0.002144
9.880000E-8	0.002153
9.885000E-8	0.002237
9.890000E-8	0.002237
9.895000E-8	0.002247
9.900000E-8	0.002156
9.905000E-8	0.002200
9.910000E-8	0.002191
9.915000E-8	0.002072
9.920000E-8	0.002144
9.925000E-8	0.002116
9.930000E-8	0.002162
9.935000E-8	0.002053
9.940000E-8	0.002025
9.945000E-8	0.001969
9.950000E-8	0.002047
9.955000E-8	0.002022
9.960000E-8	0.002031
9.965000E-8	0.002063
9.970000E-8	0.002000
9.975000E-8	0.002200
9.980000E-8	0.002147
9.985000E-8	0.002106
9.990000E-8	0.002125
9.995000E-8	0.002009
