LabVIEW Measurement	
Writer_Version	2
Reader_Version	2
Separator	Tab
Decimal_Separator	.
Multi_Headings	No
X_Columns	Multi
Time_Pref	Relative
Operator	TG lab
Date	2015/03/07
Time	11:00:53.2272448539733886719
***End_of_Header***	
	
Channels	1	
Samples	2000	
Date	2015/03/07	
Time	11:00:53.2272448539733886719	
X_Dimension	Time	
X0	0.0000000000000000E+0	
Delta_X	5.000000E-11	
***End_of_Header***		
X_Value	Untitled	Comment
0.000000	0.001794
5.000000E-11	0.001866
1.000000E-10	0.001863
1.500000E-10	0.001895
2.000000E-10	0.001863
2.500000E-10	0.001839
3.000000E-10	0.001853
3.500000E-10	0.001792
4.000000E-10	0.001809
4.500000E-10	0.001758
5.000000E-10	0.001734
5.500000E-10	0.001794
6.000000E-10	0.001811
6.500000E-10	0.001803
7.000000E-10	0.001736
7.500000E-10	0.001756
8.000000E-10	0.001708
8.500000E-10	0.001673
9.000000E-10	0.001528
9.500000E-10	0.001561
1.000000E-9	0.001494
1.050000E-9	0.001522
1.100000E-9	0.001525
1.150000E-9	0.001589
1.200000E-9	0.001627
1.250000E-9	0.001722
1.300000E-9	0.001730
1.350000E-9	0.001805
1.400000E-9	0.001791
1.450000E-9	0.001781
1.500000E-9	0.001769
1.550000E-9	0.001750
1.600000E-9	0.001684
1.650000E-9	0.001666
1.700000E-9	0.001669
1.750000E-9	0.001678
1.800000E-9	0.001670
1.850000E-9	0.001702
1.900000E-9	0.001644
1.950000E-9	0.001622
2.000000E-9	0.001634
2.050000E-9	0.001609
2.100000E-9	0.001548
2.150000E-9	0.001591
2.200000E-9	0.001481
2.250000E-9	0.001542
2.300000E-9	0.001519
2.350000E-9	0.001580
2.400000E-9	0.001550
2.450000E-9	0.001566
2.500000E-9	0.001478
2.550000E-9	0.001508
2.600000E-9	0.001503
2.650000E-9	0.001555
2.700000E-9	0.001516
2.750000E-9	0.001483
2.800000E-9	0.001439
2.850000E-9	0.001422
2.900000E-9	0.001384
2.950000E-9	0.001342
3.000000E-9	0.001231
3.050000E-9	0.001272
3.100000E-9	0.001172
3.150000E-9	0.001252
3.200000E-9	0.001284
3.250000E-9	0.001305
3.300000E-9	0.001269
3.350000E-9	0.001261
3.400000E-9	0.001336
3.450000E-9	0.001372
3.500000E-9	0.001344
3.550000E-9	0.001425
3.600000E-9	0.001437
3.650000E-9	0.001503
3.700000E-9	0.001525
3.750000E-9	0.001563
3.800000E-9	0.001616
3.850000E-9	0.001616
3.900000E-9	0.001600
3.950000E-9	0.001603
4.000000E-9	0.001555
4.050000E-9	0.001492
4.100000E-9	0.001473
4.150000E-9	0.001392
4.200000E-9	0.001273
4.250000E-9	0.001294
4.300000E-9	0.001220
4.350000E-9	0.001231
4.400000E-9	0.001178
4.450000E-9	0.001180
4.500000E-9	0.001184
4.550000E-9	0.001170
4.600000E-9	0.001102
4.650000E-9	0.001059
4.700000E-9	0.000778
4.750000E-9	0.000405
4.800000E-9	-9.531250E-5
4.850000E-9	-0.000889
4.900000E-9	-0.001955
4.950000E-9	-0.003281
5.000000E-9	-0.004770
5.050000E-9	-0.006592
5.100000E-9	-0.008553
5.150000E-9	-0.010730
5.200000E-9	-0.012870
5.250000E-9	-0.014894
5.300000E-9	-0.016869
5.350000E-9	-0.018517
5.400000E-9	-0.019894
5.450000E-9	-0.020866
5.500000E-9	-0.021381
5.550000E-9	-0.021423
5.600000E-9	-0.021061
5.650000E-9	-0.020267
5.700000E-9	-0.019142
5.750000E-9	-0.017831
5.800000E-9	-0.016359
5.850000E-9	-0.014820
5.900000E-9	-0.013492
5.950000E-9	-0.012284
6.000000E-9	-0.011381
6.050000E-9	-0.010794
6.100000E-9	-0.010659
6.150000E-9	-0.010711
6.200000E-9	-0.011069
6.250000E-9	-0.011656
6.300000E-9	-0.012255
6.350000E-9	-0.012800
6.400000E-9	-0.013234
6.450000E-9	-0.013377
6.500000E-9	-0.013334
6.550000E-9	-0.012909
6.600000E-9	-0.012205
6.650000E-9	-0.011163
6.700000E-9	-0.010081
6.750000E-9	-0.008706
6.800000E-9	-0.007470
6.850000E-9	-0.006269
6.900000E-9	-0.005370
6.950000E-9	-0.004708
7.000000E-9	-0.004439
7.050000E-9	-0.004483
7.100000E-9	-0.004916
7.150000E-9	-0.005550
7.200000E-9	-0.006358
7.250000E-9	-0.007148
7.300000E-9	-0.007903
7.350000E-9	-0.008489
7.400000E-9	-0.008756
7.450000E-9	-0.008616
7.500000E-9	-0.008228
7.550000E-9	-0.007544
7.600000E-9	-0.006480
7.650000E-9	-0.005330
7.700000E-9	-0.004066
7.750000E-9	-0.002913
7.800000E-9	-0.001888
7.850000E-9	-0.001145
7.900000E-9	-0.000677
7.950000E-9	-0.000536
8.000000E-9	-0.000723
8.050000E-9	-0.001245
8.100000E-9	-0.001998
8.150000E-9	-0.002852
8.200000E-9	-0.003745
8.250000E-9	-0.004472
8.300000E-9	-0.005106
8.350000E-9	-0.005353
8.400000E-9	-0.005314
8.450000E-9	-0.004944
8.500000E-9	-0.004278
8.550000E-9	-0.003364
8.600000E-9	-0.002292
8.650000E-9	-0.001195
8.700000E-9	-0.000186
8.750000E-9	0.000656
8.800000E-9	0.001197
8.850000E-9	0.001448
8.900000E-9	0.001305
8.950000E-9	0.000881
9.000000E-9	0.000216
9.050000E-9	-0.000720
9.100000E-9	-0.001677
9.150000E-9	-0.002573
9.200000E-9	-0.003313
9.250000E-9	-0.003825
9.300000E-9	-0.004027
9.350000E-9	-0.003931
9.400000E-9	-0.003478
9.450000E-9	-0.002730
9.500000E-9	-0.001847
9.550000E-9	-0.000816
9.600000E-9	0.000253
9.650000E-9	0.001189
9.700000E-9	0.001881
9.750000E-9	0.002295
9.800000E-9	0.002347
9.850000E-9	0.002183
9.900000E-9	0.001689
9.950000E-9	0.000988
1.000000E-8	0.000128
1.005000E-8	-0.000786
1.010000E-8	-0.001584
1.015000E-8	-0.002272
1.020000E-8	-0.002692
1.025000E-8	-0.002809
1.030000E-8	-0.002628
1.035000E-8	-0.002094
1.040000E-8	-0.001286
1.045000E-8	-0.000323
1.050000E-8	0.000628
1.055000E-8	0.001612
1.060000E-8	0.002403
1.065000E-8	0.002977
1.070000E-8	0.003202
1.075000E-8	0.003189
1.080000E-8	0.002839
1.085000E-8	0.002313
1.090000E-8	0.001528
1.095000E-8	0.000745
1.100000E-8	-0.000133
1.105000E-8	-0.000880
1.110000E-8	-0.001531
1.115000E-8	-0.001853
1.120000E-8	-0.001900
1.125000E-8	-0.001672
1.130000E-8	-0.001214
1.135000E-8	-0.000472
1.140000E-8	0.000391
1.145000E-8	0.001367
1.150000E-8	0.002252
1.155000E-8	0.003011
1.160000E-8	0.003464
1.165000E-8	0.003688
1.170000E-8	0.003603
1.175000E-8	0.003222
1.180000E-8	0.002473
1.185000E-8	0.001636
1.190000E-8	0.000645
1.195000E-8	-0.000305
1.200000E-8	-0.001069
1.205000E-8	-0.001680
1.210000E-8	-0.001894
1.215000E-8	-0.001838
1.220000E-8	-0.001572
1.225000E-8	-0.000952
1.230000E-8	-0.000134
1.235000E-8	0.000678
1.240000E-8	0.001580
1.245000E-8	0.002413
1.250000E-8	0.003020
1.255000E-8	0.003313
1.260000E-8	0.003406
1.265000E-8	0.003216
1.270000E-8	0.002727
1.275000E-8	0.002063
1.280000E-8	0.001231
1.285000E-8	0.000394
1.290000E-8	-0.000359
1.295000E-8	-0.000961
1.300000E-8	-0.001395
1.305000E-8	-0.001428
1.310000E-8	-0.001216
1.315000E-8	-0.000706
1.320000E-8	-5.312500E-5
1.325000E-8	0.000836
1.330000E-8	0.001722
1.335000E-8	0.002595
1.340000E-8	0.003250
1.345000E-8	0.003734
1.350000E-8	0.003928
1.355000E-8	0.003955
1.360000E-8	0.003642
1.365000E-8	0.003042
1.370000E-8	0.002281
1.375000E-8	0.001481
1.380000E-8	0.000631
1.385000E-8	-4.218750E-5
1.390000E-8	-0.000611
1.395000E-8	-0.000894
1.400000E-8	-0.000928
1.405000E-8	-0.000647
1.410000E-8	-0.000142
1.415000E-8	0.000595
1.420000E-8	0.001406
1.425000E-8	0.002194
1.430000E-8	0.002928
1.435000E-8	0.003572
1.440000E-8	0.003894
1.445000E-8	0.003947
1.450000E-8	0.003775
1.455000E-8	0.003313
1.460000E-8	0.002644
1.465000E-8	0.001836
1.470000E-8	0.000966
1.475000E-8	0.000191
1.480000E-8	-0.000391
1.485000E-8	-0.000853
1.490000E-8	-0.001052
1.495000E-8	-0.000938
1.500000E-8	-0.000614
1.505000E-8	-1.250000E-5
1.510000E-8	0.000641
1.515000E-8	0.001491
1.520000E-8	0.002175
1.525000E-8	0.002842
1.530000E-8	0.003302
1.535000E-8	0.003530
1.540000E-8	0.003473
1.545000E-8	0.003250
1.550000E-8	0.002756
1.555000E-8	0.002130
1.560000E-8	0.001498
1.565000E-8	0.000758
1.570000E-8	0.000122
1.575000E-8	-0.000352
1.580000E-8	-0.000714
1.585000E-8	-0.000797
1.590000E-8	-0.000680
1.595000E-8	-0.000334
1.600000E-8	0.000281
1.605000E-8	0.000978
1.610000E-8	0.001756
1.615000E-8	0.002548
1.620000E-8	0.003164
1.625000E-8	0.003706
1.630000E-8	0.003900
1.635000E-8	0.003909
1.640000E-8	0.003606
1.645000E-8	0.003078
1.650000E-8	0.002328
1.655000E-8	0.001505
1.660000E-8	0.000667
1.665000E-8	-3.281250E-5
1.670000E-8	-0.000572
1.675000E-8	-0.000805
1.680000E-8	-0.000902
1.685000E-8	-0.000563
1.690000E-8	-6.250000E-5
1.695000E-8	0.000636
1.700000E-8	0.001375
1.705000E-8	0.002205
1.710000E-8	0.002928
1.715000E-8	0.003458
1.720000E-8	0.003805
1.725000E-8	0.003878
1.730000E-8	0.003733
1.735000E-8	0.003256
1.740000E-8	0.002670
1.745000E-8	0.001913
1.750000E-8	0.001163
1.755000E-8	0.000495
1.760000E-8	-0.000158
1.765000E-8	-0.000573
1.770000E-8	-0.000788
1.775000E-8	-0.000681
1.780000E-8	-0.000408
1.785000E-8	0.000117
1.790000E-8	0.000766
1.795000E-8	0.001475
1.800000E-8	0.002227
1.805000E-8	0.002872
1.810000E-8	0.003300
1.815000E-8	0.003652
1.820000E-8	0.003708
1.825000E-8	0.003497
1.830000E-8	0.003027
1.835000E-8	0.002427
1.840000E-8	0.001689
1.845000E-8	0.000952
1.850000E-8	0.000334
1.855000E-8	-0.000136
1.860000E-8	-0.000486
1.865000E-8	-0.000520
1.870000E-8	-0.000253
1.875000E-8	0.000227
1.880000E-8	0.000784
1.885000E-8	0.001609
1.890000E-8	0.002259
1.895000E-8	0.002988
1.900000E-8	0.003545
1.905000E-8	0.003905
1.910000E-8	0.003991
1.915000E-8	0.003891
1.920000E-8	0.003545
1.925000E-8	0.002917
1.930000E-8	0.002198
1.935000E-8	0.001433
1.940000E-8	0.000753
1.945000E-8	0.000181
1.950000E-8	-0.000227
1.955000E-8	-0.000366
1.960000E-8	-0.000325
1.965000E-8	-9.062500E-5
1.970000E-8	0.000447
1.975000E-8	0.000977
1.980000E-8	0.001680
1.985000E-8	0.002352
1.990000E-8	0.002892
1.995000E-8	0.003300
2.000000E-8	0.003514
2.005000E-8	0.003556
2.010000E-8	0.003428
2.015000E-8	0.003081
2.020000E-8	0.002630
2.025000E-8	0.002045
2.030000E-8	0.001453
2.035000E-8	0.000936
2.040000E-8	0.000438
2.045000E-8	0.000142
2.050000E-8	-5.156250E-5
2.055000E-8	3.437500E-5
2.060000E-8	0.000234
2.065000E-8	0.000627
2.070000E-8	0.001111
2.075000E-8	0.001692
2.080000E-8	0.002328
2.085000E-8	0.002806
2.090000E-8	0.003203
2.095000E-8	0.003402
2.100000E-8	0.003347
2.105000E-8	0.003191
2.110000E-8	0.002697
2.115000E-8	0.002122
2.120000E-8	0.001542
2.125000E-8	0.000923
2.130000E-8	0.000286
2.135000E-8	-0.000122
2.140000E-8	-0.000394
2.145000E-8	-0.000397
2.150000E-8	-0.000255
2.155000E-8	9.843750E-5
2.160000E-8	0.000539
2.165000E-8	0.001228
2.170000E-8	0.001850
2.175000E-8	0.002430
2.180000E-8	0.002902
2.185000E-8	0.003220
2.190000E-8	0.003370
2.195000E-8	0.003284
2.200000E-8	0.003073
2.205000E-8	0.002691
2.210000E-8	0.002173
2.215000E-8	0.001589
2.220000E-8	0.000995
2.225000E-8	0.000478
2.230000E-8	0.000114
2.235000E-8	4.843750E-5
2.240000E-8	4.843750E-5
2.245000E-8	0.000355
2.250000E-8	0.000852
2.255000E-8	0.001459
2.260000E-8	0.002089
2.265000E-8	0.002683
2.270000E-8	0.003194
2.275000E-8	0.003558
2.280000E-8	0.003670
2.285000E-8	0.003584
2.290000E-8	0.003339
2.295000E-8	0.002880
2.300000E-8	0.002344
2.305000E-8	0.001698
2.310000E-8	0.001120
2.315000E-8	0.000609
2.320000E-8	0.000236
2.325000E-8	-4.843750E-5
2.330000E-8	-7.968750E-5
2.335000E-8	6.562500E-5
2.340000E-8	0.000430
2.345000E-8	0.000939
2.350000E-8	0.001437
2.355000E-8	0.002041
2.360000E-8	0.002514
2.365000E-8	0.002894
2.370000E-8	0.003153
2.375000E-8	0.003391
2.380000E-8	0.003363
2.385000E-8	0.003109
2.390000E-8	0.002730
2.395000E-8	0.002237
2.400000E-8	0.001663
2.405000E-8	0.001095
2.410000E-8	0.000584
2.415000E-8	0.000198
2.420000E-8	-3.281250E-5
2.425000E-8	7.812500E-5
2.430000E-8	0.000244
2.435000E-8	0.000556
2.440000E-8	0.001048
2.445000E-8	0.001597
2.450000E-8	0.002100
2.455000E-8	0.002664
2.460000E-8	0.003052
2.465000E-8	0.003266
2.470000E-8	0.003297
2.475000E-8	0.003242
2.480000E-8	0.002972
2.485000E-8	0.002558
2.490000E-8	0.002056
2.495000E-8	0.001500
2.500000E-8	0.000995
2.505000E-8	0.000628
2.510000E-8	0.000361
2.515000E-8	0.000148
2.520000E-8	0.000286
2.525000E-8	0.000525
2.530000E-8	0.000919
2.535000E-8	0.001413
2.540000E-8	0.001973
2.545000E-8	0.002573
2.550000E-8	0.003003
2.555000E-8	0.003384
2.560000E-8	0.003555
2.565000E-8	0.003542
2.570000E-8	0.003355
2.575000E-8	0.003047
2.580000E-8	0.002497
2.585000E-8	0.001977
2.590000E-8	0.001414
2.595000E-8	0.000927
2.600000E-8	0.000505
2.605000E-8	0.000333
2.610000E-8	0.000217
2.615000E-8	0.000361
2.620000E-8	0.000612
2.625000E-8	0.001014
2.630000E-8	0.001475
2.635000E-8	0.001908
2.640000E-8	0.002445
2.645000E-8	0.002786
2.650000E-8	0.003009
2.655000E-8	0.003069
2.660000E-8	0.002970
2.665000E-8	0.002770
2.670000E-8	0.002384
2.675000E-8	0.001959
2.680000E-8	0.001463
2.685000E-8	0.001112
2.690000E-8	0.000694
2.695000E-8	0.000459
2.700000E-8	0.000233
2.705000E-8	0.000197
2.710000E-8	0.000348
2.715000E-8	0.000639
2.720000E-8	0.000947
2.725000E-8	0.001523
2.730000E-8	0.001980
2.735000E-8	0.002472
2.740000E-8	0.002834
2.745000E-8	0.003219
2.750000E-8	0.003313
2.755000E-8	0.003347
2.760000E-8	0.003098
2.765000E-8	0.002739
2.770000E-8	0.002289
2.775000E-8	0.001723
2.780000E-8	0.001245
2.785000E-8	0.000777
2.790000E-8	0.000406
2.795000E-8	0.000219
2.800000E-8	0.000194
2.805000E-8	0.000380
2.810000E-8	0.000625
2.815000E-8	0.001091
2.820000E-8	0.001575
2.825000E-8	0.002069
2.830000E-8	0.002545
2.835000E-8	0.002892
2.840000E-8	0.003217
2.845000E-8	0.003211
2.850000E-8	0.003150
2.855000E-8	0.002923
2.860000E-8	0.002520
2.865000E-8	0.002184
2.870000E-8	0.001681
2.875000E-8	0.001286
2.880000E-8	0.000855
2.885000E-8	0.000594
2.890000E-8	0.000398
2.895000E-8	0.000419
2.900000E-8	0.000578
2.905000E-8	0.000897
2.910000E-8	0.001247
2.915000E-8	0.001763
2.920000E-8	0.002147
2.925000E-8	0.002530
2.930000E-8	0.002808
2.935000E-8	0.002964
2.940000E-8	0.002978
2.945000E-8	0.002884
2.950000E-8	0.002567
2.955000E-8	0.002211
2.960000E-8	0.001734
2.965000E-8	0.001317
2.970000E-8	0.000816
2.975000E-8	0.000559
2.980000E-8	0.000338
2.985000E-8	0.000287
2.990000E-8	0.000455
2.995000E-8	0.000733
3.000000E-8	0.001150
3.005000E-8	0.001580
3.010000E-8	0.002050
3.015000E-8	0.002466
3.020000E-8	0.002814
3.025000E-8	0.002998
3.030000E-8	0.003019
3.035000E-8	0.002895
3.040000E-8	0.002628
3.045000E-8	0.002261
3.050000E-8	0.001795
3.055000E-8	0.001353
3.060000E-8	0.000945
3.065000E-8	0.000705
3.070000E-8	0.000522
3.075000E-8	0.000456
3.080000E-8	0.000527
3.085000E-8	0.000711
3.090000E-8	0.000995
3.095000E-8	0.001338
3.100000E-8	0.001778
3.105000E-8	0.002117
3.110000E-8	0.002425
3.115000E-8	0.002656
3.120000E-8	0.002800
3.125000E-8	0.002836
3.130000E-8	0.002705
3.135000E-8	0.002511
3.140000E-8	0.002183
3.145000E-8	0.001852
3.150000E-8	0.001434
3.155000E-8	0.001152
3.160000E-8	0.000870
3.165000E-8	0.000713
3.170000E-8	0.000608
3.175000E-8	0.000673
3.180000E-8	0.000831
3.185000E-8	0.001147
3.190000E-8	0.001431
3.195000E-8	0.001769
3.200000E-8	0.002142
3.205000E-8	0.002433
3.210000E-8	0.002644
3.215000E-8	0.002756
3.220000E-8	0.002702
3.225000E-8	0.002547
3.230000E-8	0.002283
3.235000E-8	0.002005
3.240000E-8	0.001564
3.245000E-8	0.001209
3.250000E-8	0.000856
3.255000E-8	0.000652
3.260000E-8	0.000480
3.265000E-8	0.000531
3.270000E-8	0.000648
3.275000E-8	0.000897
3.280000E-8	0.001267
3.285000E-8	0.001683
3.290000E-8	0.001980
3.295000E-8	0.002347
3.300000E-8	0.002600
3.305000E-8	0.002714
3.310000E-8	0.002688
3.315000E-8	0.002698
3.320000E-8	0.002491
3.325000E-8	0.002164
3.330000E-8	0.001817
3.335000E-8	0.001530
3.340000E-8	0.001114
3.345000E-8	0.000852
3.350000E-8	0.000658
3.355000E-8	0.000572
3.360000E-8	0.000606
3.365000E-8	0.000700
3.370000E-8	0.000988
3.375000E-8	0.001275
3.380000E-8	0.001622
3.385000E-8	0.002053
3.390000E-8	0.002333
3.395000E-8	0.002570
3.400000E-8	0.002798
3.405000E-8	0.002795
3.410000E-8	0.002700
3.415000E-8	0.002505
3.420000E-8	0.002198
3.425000E-8	0.001906
3.430000E-8	0.001558
3.435000E-8	0.001238
3.440000E-8	0.001031
3.445000E-8	0.000903
3.450000E-8	0.000841
3.455000E-8	0.000938
3.460000E-8	0.001163
3.465000E-8	0.001448
3.470000E-8	0.001702
3.475000E-8	0.001984
3.480000E-8	0.002291
3.485000E-8	0.002533
3.490000E-8	0.002747
3.495000E-8	0.002831
3.500000E-8	0.002773
3.505000E-8	0.002617
3.510000E-8	0.002336
3.515000E-8	0.002114
3.520000E-8	0.001839
3.525000E-8	0.001531
3.530000E-8	0.001263
3.535000E-8	0.001031
3.540000E-8	0.000925
3.545000E-8	0.000881
3.550000E-8	0.000964
3.555000E-8	0.001145
3.560000E-8	0.001447
3.565000E-8	0.001716
3.570000E-8	0.002091
3.575000E-8	0.002395
3.580000E-8	0.002700
3.585000E-8	0.002956
3.590000E-8	0.003103
3.595000E-8	0.003103
3.600000E-8	0.003038
3.605000E-8	0.002830
3.610000E-8	0.002477
3.615000E-8	0.002116
3.620000E-8	0.001709
3.625000E-8	0.001384
3.630000E-8	0.001042
3.635000E-8	0.000813
3.640000E-8	0.000731
3.645000E-8	0.000741
3.650000E-8	0.000952
3.655000E-8	0.001269
3.660000E-8	0.001648
3.665000E-8	0.001980
3.670000E-8	0.002302
3.675000E-8	0.002644
3.680000E-8	0.002816
3.685000E-8	0.002939
3.690000E-8	0.002917
3.695000E-8	0.002797
3.700000E-8	0.002520
3.705000E-8	0.002172
3.710000E-8	0.001800
3.715000E-8	0.001372
3.720000E-8	0.001063
3.725000E-8	0.000888
3.730000E-8	0.000764
3.735000E-8	0.000781
3.740000E-8	0.000998
3.745000E-8	0.001309
3.750000E-8	0.001566
3.755000E-8	0.001975
3.760000E-8	0.002300
3.765000E-8	0.002584
3.770000E-8	0.002739
3.775000E-8	0.002791
3.780000E-8	0.002631
3.785000E-8	0.002559
3.790000E-8	0.002300
3.795000E-8	0.002038
3.800000E-8	0.001775
3.805000E-8	0.001495
3.810000E-8	0.001325
3.815000E-8	0.001233
3.820000E-8	0.001127
3.825000E-8	0.001133
3.830000E-8	0.001306
3.835000E-8	0.001422
3.840000E-8	0.001639
3.845000E-8	0.001917
3.850000E-8	0.002150
3.855000E-8	0.002406
3.860000E-8	0.002516
3.865000E-8	0.002664
3.870000E-8	0.002619
3.875000E-8	0.002548
3.880000E-8	0.002361
3.885000E-8	0.002102
3.890000E-8	0.001741
3.895000E-8	0.001491
3.900000E-8	0.001189
3.905000E-8	0.000998
3.910000E-8	0.000886
3.915000E-8	0.000831
3.920000E-8	0.000939
3.925000E-8	0.001084
3.930000E-8	0.001320
3.935000E-8	0.001588
3.940000E-8	0.001858
3.945000E-8	0.002055
3.950000E-8	0.002195
3.955000E-8	0.002394
3.960000E-8	0.002498
3.965000E-8	0.002542
3.970000E-8	0.002427
3.975000E-8	0.002236
3.980000E-8	0.002083
3.985000E-8	0.001803
3.990000E-8	0.001527
3.995000E-8	0.001297
4.000000E-8	0.001148
4.005000E-8	0.001006
4.010000E-8	0.000961
4.015000E-8	0.000986
4.020000E-8	0.001127
4.025000E-8	0.001405
4.030000E-8	0.001588
4.035000E-8	0.001919
4.040000E-8	0.002228
4.045000E-8	0.002514
4.050000E-8	0.002681
4.055000E-8	0.002761
4.060000E-8	0.002700
4.065000E-8	0.002622
4.070000E-8	0.002414
4.075000E-8	0.002111
4.080000E-8	0.001797
4.085000E-8	0.001491
4.090000E-8	0.001333
4.095000E-8	0.001145
4.100000E-8	0.001016
4.105000E-8	0.001106
4.110000E-8	0.001250
4.115000E-8	0.001405
4.120000E-8	0.001753
4.125000E-8	0.002034
4.130000E-8	0.002328
4.135000E-8	0.002678
4.140000E-8	0.002905
4.145000E-8	0.003095
4.150000E-8	0.003158
4.155000E-8	0.003039
4.160000E-8	0.002898
4.165000E-8	0.002602
4.170000E-8	0.002278
4.175000E-8	0.001850
4.180000E-8	0.001525
4.185000E-8	0.001186
4.190000E-8	0.001008
4.195000E-8	0.000825
4.200000E-8	0.000842
4.205000E-8	0.000975
4.210000E-8	0.001134
4.215000E-8	0.001436
4.220000E-8	0.001642
4.225000E-8	0.001892
4.230000E-8	0.002114
4.235000E-8	0.002236
4.240000E-8	0.002316
4.245000E-8	0.002272
4.250000E-8	0.002177
4.255000E-8	0.001970
4.260000E-8	0.001727
4.265000E-8	0.001497
4.270000E-8	0.001264
4.275000E-8	0.001081
4.280000E-8	0.000938
4.285000E-8	0.000864
4.290000E-8	0.000919
4.295000E-8	0.001014
4.300000E-8	0.001159
4.305000E-8	0.001359
4.310000E-8	0.001625
4.315000E-8	0.001919
4.320000E-8	0.002173
4.325000E-8	0.002416
4.330000E-8	0.002511
4.335000E-8	0.002597
4.340000E-8	0.002542
4.345000E-8	0.002478
4.350000E-8	0.002291
4.355000E-8	0.002075
4.360000E-8	0.001897
4.365000E-8	0.001655
4.370000E-8	0.001439
4.375000E-8	0.001258
4.380000E-8	0.001189
4.385000E-8	0.001187
4.390000E-8	0.001238
4.395000E-8	0.001400
4.400000E-8	0.001559
4.405000E-8	0.001822
4.410000E-8	0.002111
4.415000E-8	0.002308
4.420000E-8	0.002506
4.425000E-8	0.002675
4.430000E-8	0.002613
4.435000E-8	0.002587
4.440000E-8	0.002430
4.445000E-8	0.002178
4.450000E-8	0.001888
4.455000E-8	0.001730
4.460000E-8	0.001470
4.465000E-8	0.001317
4.470000E-8	0.001230
4.475000E-8	0.001202
4.480000E-8	0.001177
4.485000E-8	0.001323
4.490000E-8	0.001377
4.495000E-8	0.001653
4.500000E-8	0.001778
4.505000E-8	0.001906
4.510000E-8	0.002152
4.515000E-8	0.002239
4.520000E-8	0.002402
4.525000E-8	0.002397
4.530000E-8	0.002380
4.535000E-8	0.002281
4.540000E-8	0.002086
4.545000E-8	0.001939
4.550000E-8	0.001683
4.555000E-8	0.001503
4.560000E-8	0.001330
4.565000E-8	0.001200
4.570000E-8	0.001153
4.575000E-8	0.001088
4.580000E-8	0.001153
4.585000E-8	0.001322
4.590000E-8	0.001478
4.595000E-8	0.001742
4.600000E-8	0.001986
4.605000E-8	0.002225
4.610000E-8	0.002447
4.615000E-8	0.002586
4.620000E-8	0.002502
4.625000E-8	0.002502
4.630000E-8	0.002353
4.635000E-8	0.002200
4.640000E-8	0.001869
4.645000E-8	0.001614
4.650000E-8	0.001445
4.655000E-8	0.001216
4.660000E-8	0.001075
4.665000E-8	0.001116
4.670000E-8	0.001197
4.675000E-8	0.001395
4.680000E-8	0.001583
4.685000E-8	0.001892
4.690000E-8	0.002161
4.695000E-8	0.002441
4.700000E-8	0.002578
4.705000E-8	0.002686
4.710000E-8	0.002739
4.715000E-8	0.002689
4.720000E-8	0.002447
4.725000E-8	0.002311
4.730000E-8	0.002053
4.735000E-8	0.001739
4.740000E-8	0.001469
4.745000E-8	0.001238
4.750000E-8	0.001119
4.755000E-8	0.001073
4.760000E-8	0.001008
4.765000E-8	0.001106
4.770000E-8	0.001256
4.775000E-8	0.001514
4.780000E-8	0.001667
4.785000E-8	0.001966
4.790000E-8	0.002188
4.795000E-8	0.002286
4.800000E-8	0.002372
4.805000E-8	0.002348
4.810000E-8	0.002228
4.815000E-8	0.002030
4.820000E-8	0.001773
4.825000E-8	0.001437
4.830000E-8	0.001150
4.835000E-8	0.000905
4.840000E-8	0.000608
4.845000E-8	0.000447
4.850000E-8	0.000423
4.855000E-8	0.000559
4.860000E-8	0.000692
4.865000E-8	0.001028
4.870000E-8	0.001384
4.875000E-8	0.001717
4.880000E-8	0.002069
4.885000E-8	0.002309
4.890000E-8	0.002494
4.895000E-8	0.002631
4.900000E-8	0.002586
4.905000E-8	0.002508
4.910000E-8	0.002350
4.915000E-8	0.002155
4.920000E-8	0.001880
4.925000E-8	0.001533
4.930000E-8	0.001386
4.935000E-8	0.001252
4.940000E-8	0.001138
4.945000E-8	0.001170
4.950000E-8	0.001227
4.955000E-8	0.001381
4.960000E-8	0.001548
4.965000E-8	0.001786
4.970000E-8	0.001966
4.975000E-8	0.002150
4.980000E-8	0.002227
4.985000E-8	0.002345
4.990000E-8	0.002311
4.995000E-8	0.002253
5.000000E-8	0.002081
5.005000E-8	0.001877
5.010000E-8	0.001633
5.015000E-8	0.001422
5.020000E-8	0.001133
5.025000E-8	0.000973
5.030000E-8	0.000869
5.035000E-8	0.000820
5.040000E-8	0.000800
5.045000E-8	0.000872
5.050000E-8	0.001102
5.055000E-8	0.001325
5.060000E-8	0.001600
5.065000E-8	0.001888
5.070000E-8	0.002081
5.075000E-8	0.002275
5.080000E-8	0.002306
5.085000E-8	0.002325
5.090000E-8	0.002239
5.095000E-8	0.002027
5.100000E-8	0.001784
5.105000E-8	0.001498
5.110000E-8	0.001333
5.115000E-8	0.001108
5.120000E-8	0.000913
5.125000E-8	0.000870
5.130000E-8	0.000883
5.135000E-8	0.001006
5.140000E-8	0.001133
5.145000E-8	0.001381
5.150000E-8	0.001573
5.155000E-8	0.001777
5.160000E-8	0.002020
5.165000E-8	0.002161
5.170000E-8	0.002242
5.175000E-8	0.002275
5.180000E-8	0.002191
5.185000E-8	0.002070
5.190000E-8	0.001944
5.195000E-8	0.001800
5.200000E-8	0.001555
5.205000E-8	0.001450
5.210000E-8	0.001277
5.215000E-8	0.001286
5.220000E-8	0.001222
5.225000E-8	0.001330
5.230000E-8	0.001394
5.235000E-8	0.001520
5.240000E-8	0.001697
5.245000E-8	0.001911
5.250000E-8	0.002061
5.255000E-8	0.002241
5.260000E-8	0.002300
5.265000E-8	0.002419
5.270000E-8	0.002386
5.275000E-8	0.002330
5.280000E-8	0.002189
5.285000E-8	0.001986
5.290000E-8	0.001738
5.295000E-8	0.001498
5.300000E-8	0.001245
5.305000E-8	0.001083
5.310000E-8	0.000922
5.315000E-8	0.000911
5.320000E-8	0.000906
5.325000E-8	0.001077
5.330000E-8	0.001248
5.335000E-8	0.001419
5.340000E-8	0.001638
5.345000E-8	0.001923
5.350000E-8	0.002048
5.355000E-8	0.002158
5.360000E-8	0.002231
5.365000E-8	0.002183
5.370000E-8	0.002153
5.375000E-8	0.002108
5.380000E-8	0.001928
5.385000E-8	0.001780
5.390000E-8	0.001575
5.395000E-8	0.001395
5.400000E-8	0.001203
5.405000E-8	0.001094
5.410000E-8	0.001031
5.415000E-8	0.001028
5.420000E-8	0.001025
5.425000E-8	0.001144
5.430000E-8	0.001308
5.435000E-8	0.001494
5.440000E-8	0.001664
5.445000E-8	0.001888
5.450000E-8	0.002042
5.455000E-8	0.002211
5.460000E-8	0.002253
5.465000E-8	0.002275
5.470000E-8	0.002188
5.475000E-8	0.002053
5.480000E-8	0.001848
5.485000E-8	0.001720
5.490000E-8	0.001539
5.495000E-8	0.001388
5.500000E-8	0.001327
5.505000E-8	0.001325
5.510000E-8	0.001322
5.515000E-8	0.001442
5.520000E-8	0.001556
5.525000E-8	0.001739
5.530000E-8	0.001919
5.535000E-8	0.002020
5.540000E-8	0.002136
5.545000E-8	0.002217
5.550000E-8	0.002177
5.555000E-8	0.002161
5.560000E-8	0.002056
5.565000E-8	0.001920
5.570000E-8	0.001648
5.575000E-8	0.001572
5.580000E-8	0.001373
5.585000E-8	0.001303
5.590000E-8	0.001158
5.595000E-8	0.001120
5.600000E-8	0.001170
5.605000E-8	0.001200
5.610000E-8	0.001314
5.615000E-8	0.001508
5.620000E-8	0.001558
5.625000E-8	0.001842
5.630000E-8	0.001958
5.635000E-8	0.002055
5.640000E-8	0.002131
5.645000E-8	0.002145
5.650000E-8	0.002059
5.655000E-8	0.001947
5.660000E-8	0.001820
5.665000E-8	0.001598
5.670000E-8	0.001358
5.675000E-8	0.001225
5.680000E-8	0.001055
5.685000E-8	0.000978
5.690000E-8	0.000994
5.695000E-8	0.001083
5.700000E-8	0.001170
5.705000E-8	0.001370
5.710000E-8	0.001591
5.715000E-8	0.001831
5.720000E-8	0.002003
5.725000E-8	0.002206
5.730000E-8	0.002320
5.735000E-8	0.002366
5.740000E-8	0.002344
5.745000E-8	0.002236
5.750000E-8	0.002063
5.755000E-8	0.001895
5.760000E-8	0.001691
5.765000E-8	0.001408
5.770000E-8	0.001247
5.775000E-8	0.001123
5.780000E-8	0.001086
5.785000E-8	0.001208
5.790000E-8	0.001305
5.795000E-8	0.001464
5.800000E-8	0.001664
5.805000E-8	0.001922
5.810000E-8	0.002102
5.815000E-8	0.002334
5.820000E-8	0.002425
5.825000E-8	0.002481
5.830000E-8	0.002502
5.835000E-8	0.002306
5.840000E-8	0.002167
5.845000E-8	0.001947
5.850000E-8	0.001763
5.855000E-8	0.001591
5.860000E-8	0.001381
5.865000E-8	0.001239
5.870000E-8	0.001138
5.875000E-8	0.001219
5.880000E-8	0.001220
5.885000E-8	0.001330
5.890000E-8	0.001425
5.895000E-8	0.001580
5.900000E-8	0.001752
5.905000E-8	0.001917
5.910000E-8	0.001984
5.915000E-8	0.002100
5.920000E-8	0.002113
5.925000E-8	0.002113
5.930000E-8	0.002078
5.935000E-8	0.002038
5.940000E-8	0.001916
5.945000E-8	0.001820
5.950000E-8	0.001677
5.955000E-8	0.001548
5.960000E-8	0.001445
5.965000E-8	0.001333
5.970000E-8	0.001295
5.975000E-8	0.001314
5.980000E-8	0.001333
5.985000E-8	0.001391
5.990000E-8	0.001511
5.995000E-8	0.001647
6.000000E-8	0.001822
6.005000E-8	0.001900
6.010000E-8	0.002006
6.015000E-8	0.002056
6.020000E-8	0.002098
6.025000E-8	0.002077
6.030000E-8	0.002016
6.035000E-8	0.001944
6.040000E-8	0.001756
6.045000E-8	0.001642
6.050000E-8	0.001498
6.055000E-8	0.001442
6.060000E-8	0.001419
6.065000E-8	0.001461
6.070000E-8	0.001505
6.075000E-8	0.001622
6.080000E-8	0.001702
6.085000E-8	0.001855
6.090000E-8	0.001898
6.095000E-8	0.002067
6.100000E-8	0.002106
6.105000E-8	0.002153
6.110000E-8	0.002108
6.115000E-8	0.002070
6.120000E-8	0.001967
6.125000E-8	0.001869
6.130000E-8	0.001750
6.135000E-8	0.001666
6.140000E-8	0.001567
6.145000E-8	0.001509
6.150000E-8	0.001484
6.155000E-8	0.001436
6.160000E-8	0.001419
6.165000E-8	0.001464
6.170000E-8	0.001520
6.175000E-8	0.001694
6.180000E-8	0.001802
6.185000E-8	0.001963
6.190000E-8	0.002120
6.195000E-8	0.002200
6.200000E-8	0.002231
6.205000E-8	0.002181
6.210000E-8	0.002136
6.215000E-8	0.002022
6.220000E-8	0.001773
6.225000E-8	0.001608
6.230000E-8	0.001472
6.235000E-8	0.001373
6.240000E-8	0.001305
6.245000E-8	0.001278
6.250000E-8	0.001295
6.255000E-8	0.001434
6.260000E-8	0.001534
6.265000E-8	0.001691
6.270000E-8	0.001919
6.275000E-8	0.002050
6.280000E-8	0.002213
6.285000E-8	0.002364
6.290000E-8	0.002470
6.295000E-8	0.002488
6.300000E-8	0.002494
6.305000E-8	0.002456
6.310000E-8	0.002300
6.315000E-8	0.002184
6.320000E-8	0.002050
6.325000E-8	0.001889
6.330000E-8	0.001738
6.335000E-8	0.001627
6.340000E-8	0.001556
6.345000E-8	0.001606
6.350000E-8	0.001636
6.355000E-8	0.001789
6.360000E-8	0.001919
6.365000E-8	0.002048
6.370000E-8	0.002194
6.375000E-8	0.002323
6.380000E-8	0.002408
6.385000E-8	0.002447
6.390000E-8	0.002398
6.395000E-8	0.002273
6.400000E-8	0.002078
6.405000E-8	0.001891
6.410000E-8	0.001739
6.415000E-8	0.001620
6.420000E-8	0.001389
6.425000E-8	0.001395
6.430000E-8	0.001339
6.435000E-8	0.001356
6.440000E-8	0.001414
6.445000E-8	0.001538
6.450000E-8	0.001628
6.455000E-8	0.001813
6.460000E-8	0.001972
6.465000E-8	0.002105
6.470000E-8	0.002278
6.475000E-8	0.002370
6.480000E-8	0.002413
6.485000E-8	0.002478
6.490000E-8	0.002444
6.495000E-8	0.002391
6.500000E-8	0.002169
6.505000E-8	0.001989
6.510000E-8	0.001791
6.515000E-8	0.001644
6.520000E-8	0.001548
6.525000E-8	0.001395
6.530000E-8	0.001409
6.535000E-8	0.001417
6.540000E-8	0.001437
6.545000E-8	0.001550
6.550000E-8	0.001620
6.555000E-8	0.001742
6.560000E-8	0.001914
6.565000E-8	0.001992
6.570000E-8	0.002064
6.575000E-8	0.002025
6.580000E-8	0.002009
6.585000E-8	0.001947
6.590000E-8	0.001866
6.595000E-8	0.001702
6.600000E-8	0.001606
6.605000E-8	0.001542
6.610000E-8	0.001511
6.615000E-8	0.001473
6.620000E-8	0.001388
6.625000E-8	0.001473
6.630000E-8	0.001456
6.635000E-8	0.001570
6.640000E-8	0.001606
6.645000E-8	0.001702
6.650000E-8	0.001797
6.655000E-8	0.001817
6.660000E-8	0.001877
6.665000E-8	0.001909
6.670000E-8	0.001970
6.675000E-8	0.001892
6.680000E-8	0.001841
6.685000E-8	0.001750
6.690000E-8	0.001598
6.695000E-8	0.001466
6.700000E-8	0.001325
6.705000E-8	0.001302
6.710000E-8	0.001225
6.715000E-8	0.001195
6.720000E-8	0.001241
6.725000E-8	0.001319
6.730000E-8	0.001439
6.735000E-8	0.001572
6.740000E-8	0.001727
6.745000E-8	0.001852
6.750000E-8	0.001945
6.755000E-8	0.001927
6.760000E-8	0.001920
6.765000E-8	0.001889
6.770000E-8	0.001722
6.775000E-8	0.001703
6.780000E-8	0.001527
6.785000E-8	0.001448
6.790000E-8	0.001319
6.795000E-8	0.001269
6.800000E-8	0.001241
6.805000E-8	0.001280
6.810000E-8	0.001361
6.815000E-8	0.001439
6.820000E-8	0.001519
6.825000E-8	0.001634
6.830000E-8	0.001727
6.835000E-8	0.001772
6.840000E-8	0.001803
6.845000E-8	0.001881
6.850000E-8	0.001817
6.855000E-8	0.001733
6.860000E-8	0.001714
6.865000E-8	0.001644
6.870000E-8	0.001542
6.875000E-8	0.001528
6.880000E-8	0.001414
6.885000E-8	0.001394
6.890000E-8	0.001466
6.895000E-8	0.001466
6.900000E-8	0.001489
6.905000E-8	0.001653
6.910000E-8	0.001597
6.915000E-8	0.001663
6.920000E-8	0.001648
6.925000E-8	0.001663
6.930000E-8	0.001641
6.935000E-8	0.001667
6.940000E-8	0.001713
6.945000E-8	0.001623
6.950000E-8	0.001620
6.955000E-8	0.001630
6.960000E-8	0.001573
6.965000E-8	0.001575
6.970000E-8	0.001550
6.975000E-8	0.001539
6.980000E-8	0.001461
6.985000E-8	0.001488
6.990000E-8	0.001375
6.995000E-8	0.001305
7.000000E-8	0.001305
7.005000E-8	0.001302
7.010000E-8	0.001406
7.015000E-8	0.001509
7.020000E-8	0.001680
7.025000E-8	0.001863
7.030000E-8	0.001991
7.035000E-8	0.002103
7.040000E-8	0.002181
7.045000E-8	0.002255
7.050000E-8	0.002159
7.055000E-8	0.002089
7.060000E-8	0.001875
7.065000E-8	0.001697
7.070000E-8	0.001455
7.075000E-8	0.001278
7.080000E-8	0.001147
7.085000E-8	0.001077
7.090000E-8	0.001080
7.095000E-8	0.001130
7.100000E-8	0.001278
7.105000E-8	0.001481
7.110000E-8	0.001652
7.115000E-8	0.001859
7.120000E-8	0.002009
7.125000E-8	0.002123
7.130000E-8	0.002131
7.135000E-8	0.002188
7.140000E-8	0.002100
7.145000E-8	0.002141
7.150000E-8	0.002048
7.155000E-8	0.001981
7.160000E-8	0.001850
7.165000E-8	0.001772
7.170000E-8	0.001611
7.175000E-8	0.001636
7.180000E-8	0.001620
7.185000E-8	0.001756
7.190000E-8	0.001859
7.195000E-8	0.001964
7.200000E-8	0.002138
7.205000E-8	0.002236
7.210000E-8	0.002344
7.215000E-8	0.002308
7.220000E-8	0.002305
7.225000E-8	0.002302
7.230000E-8	0.002152
7.235000E-8	0.001942
7.240000E-8	0.001886
7.245000E-8	0.001598
7.250000E-8	0.001453
7.255000E-8	0.001436
7.260000E-8	0.001391
7.265000E-8	0.001288
7.270000E-8	0.001305
7.275000E-8	0.001342
7.280000E-8	0.001431
7.285000E-8	0.001536
7.290000E-8	0.001570
7.295000E-8	0.001716
7.300000E-8	0.001698
7.305000E-8	0.001841
7.310000E-8	0.001873
7.315000E-8	0.001847
7.320000E-8	0.001827
7.325000E-8	0.001788
7.330000E-8	0.001725
7.335000E-8	0.001700
7.340000E-8	0.001641
7.345000E-8	0.001611
7.350000E-8	0.001552
7.355000E-8	0.001577
7.360000E-8	0.001595
7.365000E-8	0.001581
7.370000E-8	0.001598
7.375000E-8	0.001589
7.380000E-8	0.001667
7.385000E-8	0.001687
7.390000E-8	0.001827
7.395000E-8	0.001892
7.400000E-8	0.001920
7.405000E-8	0.002023
7.410000E-8	0.002052
7.415000E-8	0.002063
7.420000E-8	0.002023
7.425000E-8	0.001906
7.430000E-8	0.001825
7.435000E-8	0.001756
7.440000E-8	0.001622
7.445000E-8	0.001658
7.450000E-8	0.001641
7.455000E-8	0.001566
7.460000E-8	0.001636
7.465000E-8	0.001659
7.470000E-8	0.001788
7.475000E-8	0.001870
7.480000E-8	0.001894
7.485000E-8	0.001998
7.490000E-8	0.002011
7.495000E-8	0.002044
7.500000E-8	0.001991
7.505000E-8	0.002005
7.510000E-8	0.001906
7.515000E-8	0.001827
7.520000E-8	0.001720
7.525000E-8	0.001639
7.530000E-8	0.001556
7.535000E-8	0.001513
7.540000E-8	0.001475
7.545000E-8	0.001483
7.550000E-8	0.001445
7.555000E-8	0.001483
7.560000E-8	0.001553
7.565000E-8	0.001591
7.570000E-8	0.001552
7.575000E-8	0.001680
7.580000E-8	0.001658
7.585000E-8	0.001720
7.590000E-8	0.001755
7.595000E-8	0.001788
7.600000E-8	0.001767
7.605000E-8	0.001878
7.610000E-8	0.001794
7.615000E-8	0.001831
7.620000E-8	0.001745
7.625000E-8	0.001702
7.630000E-8	0.001611
7.635000E-8	0.001539
7.640000E-8	0.001523
7.645000E-8	0.001470
7.650000E-8	0.001459
7.655000E-8	0.001500
7.660000E-8	0.001533
7.665000E-8	0.001619
7.670000E-8	0.001717
7.675000E-8	0.001841
7.680000E-8	0.001859
7.685000E-8	0.001888
7.690000E-8	0.001902
7.695000E-8	0.001852
7.700000E-8	0.001772
7.705000E-8	0.001644
7.710000E-8	0.001441
7.715000E-8	0.001350
7.720000E-8	0.001347
7.725000E-8	0.001280
7.730000E-8	0.001348
7.735000E-8	0.001345
7.740000E-8	0.001447
7.745000E-8	0.001570
7.750000E-8	0.001678
7.755000E-8	0.001756
7.760000E-8	0.001892
7.765000E-8	0.001963
7.770000E-8	0.002061
7.775000E-8	0.002069
7.780000E-8	0.002119
7.785000E-8	0.002181
7.790000E-8	0.002066
7.795000E-8	0.002097
7.800000E-8	0.002006
7.805000E-8	0.001964
7.810000E-8	0.001788
7.815000E-8	0.001836
7.820000E-8	0.001780
7.825000E-8	0.001722
7.830000E-8	0.001733
7.835000E-8	0.001833
7.840000E-8	0.001788
7.845000E-8	0.001897
7.850000E-8	0.001948
7.855000E-8	0.002025
7.860000E-8	0.002053
7.865000E-8	0.002050
7.870000E-8	0.002025
7.875000E-8	0.002006
7.880000E-8	0.001941
7.885000E-8	0.001839
7.890000E-8	0.001711
7.895000E-8	0.001617
7.900000E-8	0.001527
7.905000E-8	0.001477
7.910000E-8	0.001366
7.915000E-8	0.001400
7.920000E-8	0.001300
7.925000E-8	0.001406
7.930000E-8	0.001377
7.935000E-8	0.001428
7.940000E-8	0.001503
7.945000E-8	0.001609
7.950000E-8	0.001608
7.955000E-8	0.001638
7.960000E-8	0.001638
7.965000E-8	0.001684
7.970000E-8	0.001639
7.975000E-8	0.001620
7.980000E-8	0.001545
7.985000E-8	0.001461
7.990000E-8	0.001463
7.995000E-8	0.001441
8.000000E-8	0.001372
8.005000E-8	0.001436
8.010000E-8	0.001502
8.015000E-8	0.001545
8.020000E-8	0.001652
8.025000E-8	0.001716
8.030000E-8	0.001763
8.035000E-8	0.001819
8.040000E-8	0.001914
8.045000E-8	0.001859
8.050000E-8	0.001764
8.055000E-8	0.001680
8.060000E-8	0.001661
8.065000E-8	0.001570
8.070000E-8	0.001511
8.075000E-8	0.001461
8.080000E-8	0.001453
8.085000E-8	0.001441
8.090000E-8	0.001502
8.095000E-8	0.001544
8.100000E-8	0.001527
8.105000E-8	0.001594
8.110000E-8	0.001638
8.115000E-8	0.001675
8.120000E-8	0.001761
8.125000E-8	0.001800
8.130000E-8	0.001836
8.135000E-8	0.001856
8.140000E-8	0.001897
8.145000E-8	0.001945
8.150000E-8	0.001956
8.155000E-8	0.001941
8.160000E-8	0.001966
8.165000E-8	0.001991
8.170000E-8	0.002008
8.175000E-8	0.002027
8.180000E-8	0.001933
8.185000E-8	0.001928
8.190000E-8	0.001831
8.195000E-8	0.001772
8.200000E-8	0.001714
8.205000E-8	0.001627
8.210000E-8	0.001627
8.215000E-8	0.001616
8.220000E-8	0.001597
8.225000E-8	0.001642
8.230000E-8	0.001670
8.235000E-8	0.001761
8.240000E-8	0.001819
8.245000E-8	0.001875
8.250000E-8	0.001869
8.255000E-8	0.001970
8.260000E-8	0.001883
8.265000E-8	0.001878
8.270000E-8	0.001819
8.275000E-8	0.001808
8.280000E-8	0.001714
8.285000E-8	0.001619
8.290000E-8	0.001577
8.295000E-8	0.001523
8.300000E-8	0.001503
8.305000E-8	0.001500
8.310000E-8	0.001486
8.315000E-8	0.001502
8.320000E-8	0.001527
8.325000E-8	0.001602
8.330000E-8	0.001619
8.335000E-8	0.001720
8.340000E-8	0.001698
8.345000E-8	0.001817
8.350000E-8	0.001848
8.355000E-8	0.001847
8.360000E-8	0.001800
8.365000E-8	0.001792
8.370000E-8	0.001761
8.375000E-8	0.001731
8.380000E-8	0.001597
8.385000E-8	0.001588
8.390000E-8	0.001577
8.395000E-8	0.001595
8.400000E-8	0.001617
8.405000E-8	0.001728
8.410000E-8	0.001767
8.415000E-8	0.001864
8.420000E-8	0.002009
8.425000E-8	0.002087
8.430000E-8	0.002152
8.435000E-8	0.002222
8.440000E-8	0.002253
8.445000E-8	0.002150
8.450000E-8	0.002111
8.455000E-8	0.002117
8.460000E-8	0.001988
8.465000E-8	0.001998
8.470000E-8	0.001870
8.475000E-8	0.001878
8.480000E-8	0.001841
8.485000E-8	0.001788
8.490000E-8	0.001759
8.495000E-8	0.001761
8.500000E-8	0.001730
8.505000E-8	0.001764
8.510000E-8	0.001750
8.515000E-8	0.001720
8.520000E-8	0.001742
8.525000E-8	0.001738
8.530000E-8	0.001742
8.535000E-8	0.001791
8.540000E-8	0.001798
8.545000E-8	0.001788
8.550000E-8	0.001766
8.555000E-8	0.001706
8.560000E-8	0.001692
8.565000E-8	0.001698
8.570000E-8	0.001606
8.575000E-8	0.001666
8.580000E-8	0.001608
8.585000E-8	0.001644
8.590000E-8	0.001605
8.595000E-8	0.001687
8.600000E-8	0.001766
8.605000E-8	0.001856
8.610000E-8	0.001978
8.615000E-8	0.001997
8.620000E-8	0.001994
8.625000E-8	0.002028
8.630000E-8	0.002000
8.635000E-8	0.001916
8.640000E-8	0.001889
8.645000E-8	0.001795
8.650000E-8	0.001719
8.655000E-8	0.001641
8.660000E-8	0.001580
8.665000E-8	0.001577
8.670000E-8	0.001631
8.675000E-8	0.001659
8.680000E-8	0.001687
8.685000E-8	0.001725
8.690000E-8	0.001744
8.695000E-8	0.001795
8.700000E-8	0.001755
8.705000E-8	0.001716
8.710000E-8	0.001758
8.715000E-8	0.001687
8.720000E-8	0.001639
8.725000E-8	0.001650
8.730000E-8	0.001577
8.735000E-8	0.001528
8.740000E-8	0.001553
8.745000E-8	0.001481
8.750000E-8	0.001497
8.755000E-8	0.001511
8.760000E-8	0.001550
8.765000E-8	0.001642
8.770000E-8	0.001763
8.775000E-8	0.001784
8.780000E-8	0.001811
8.785000E-8	0.001841
8.790000E-8	0.001869
8.795000E-8	0.001820
8.800000E-8	0.001758
8.805000E-8	0.001775
8.810000E-8	0.001684
8.815000E-8	0.001664
8.820000E-8	0.001583
8.825000E-8	0.001591
8.830000E-8	0.001578
8.835000E-8	0.001550
8.840000E-8	0.001555
8.845000E-8	0.001527
8.850000E-8	0.001550
8.855000E-8	0.001523
8.860000E-8	0.001498
8.865000E-8	0.001484
8.870000E-8	0.001545
8.875000E-8	0.001581
8.880000E-8	0.001644
8.885000E-8	0.001678
8.890000E-8	0.001769
8.895000E-8	0.001877
8.900000E-8	0.001877
8.905000E-8	0.002022
8.910000E-8	0.002130
8.915000E-8	0.002105
8.920000E-8	0.002070
8.925000E-8	0.001984
8.930000E-8	0.001883
8.935000E-8	0.001781
8.940000E-8	0.001672
8.945000E-8	0.001553
8.950000E-8	0.001523
8.955000E-8	0.001489
8.960000E-8	0.001525
8.965000E-8	0.001620
8.970000E-8	0.001739
8.975000E-8	0.001864
8.980000E-8	0.001909
8.985000E-8	0.001969
8.990000E-8	0.002016
8.995000E-8	0.001973
9.000000E-8	0.001942
9.005000E-8	0.001866
9.010000E-8	0.001759
9.015000E-8	0.001786
9.020000E-8	0.001739
9.025000E-8	0.001784
9.030000E-8	0.001825
9.035000E-8	0.001864
9.040000E-8	0.001902
9.045000E-8	0.002003
9.050000E-8	0.001934
9.055000E-8	0.001945
9.060000E-8	0.001828
9.065000E-8	0.001758
9.070000E-8	0.001691
9.075000E-8	0.001645
9.080000E-8	0.001580
9.085000E-8	0.001531
9.090000E-8	0.001517
9.095000E-8	0.001491
9.100000E-8	0.001494
9.105000E-8	0.001511
9.110000E-8	0.001544
9.115000E-8	0.001575
9.120000E-8	0.001538
9.125000E-8	0.001558
9.130000E-8	0.001545
9.135000E-8	0.001516
9.140000E-8	0.001498
9.145000E-8	0.001527
9.150000E-8	0.001517
9.155000E-8	0.001594
9.160000E-8	0.001638
9.165000E-8	0.001641
9.170000E-8	0.001705
9.175000E-8	0.001744
9.180000E-8	0.001723
9.185000E-8	0.001755
9.190000E-8	0.001698
9.195000E-8	0.001677
9.200000E-8	0.001577
9.205000E-8	0.001553
9.210000E-8	0.001464
9.215000E-8	0.001403
9.220000E-8	0.001394
9.225000E-8	0.001470
9.230000E-8	0.001403
9.235000E-8	0.001464
9.240000E-8	0.001542
9.245000E-8	0.001606
9.250000E-8	0.001658
9.255000E-8	0.001758
9.260000E-8	0.001717
9.265000E-8	0.001723
9.270000E-8	0.001709
9.275000E-8	0.001669
9.280000E-8	0.001594
9.285000E-8	0.001592
9.290000E-8	0.001484
9.295000E-8	0.001541
9.300000E-8	0.001463
9.305000E-8	0.001519
9.310000E-8	0.001534
9.315000E-8	0.001589
9.320000E-8	0.001638
9.325000E-8	0.001681
9.330000E-8	0.001745
9.335000E-8	0.001802
9.340000E-8	0.001880
9.345000E-8	0.001808
9.350000E-8	0.001806
9.355000E-8	0.001828
9.360000E-8	0.001708
9.365000E-8	0.001664
9.370000E-8	0.001575
9.375000E-8	0.001488
9.380000E-8	0.001408
9.385000E-8	0.001430
9.390000E-8	0.001394
9.395000E-8	0.001367
9.400000E-8	0.001420
9.405000E-8	0.001428
9.410000E-8	0.001475
9.415000E-8	0.001459
9.420000E-8	0.001498
9.425000E-8	0.001519
9.430000E-8	0.001586
9.435000E-8	0.001709
9.440000E-8	0.001753
9.445000E-8	0.001830
9.450000E-8	0.001833
9.455000E-8	0.001841
9.460000E-8	0.001861
9.465000E-8	0.001775
9.470000E-8	0.001716
9.475000E-8	0.001670
9.480000E-8	0.001572
9.485000E-8	0.001453
9.490000E-8	0.001347
9.495000E-8	0.001253
9.500000E-8	0.001177
9.505000E-8	0.001198
9.510000E-8	0.001183
9.515000E-8	0.001206
9.520000E-8	0.001336
9.525000E-8	0.001477
9.530000E-8	0.001567
9.535000E-8	0.001653
9.540000E-8	0.001723
9.545000E-8	0.001830
9.550000E-8	0.001806
9.555000E-8	0.001808
9.560000E-8	0.001753
9.565000E-8	0.001772
9.570000E-8	0.001722
9.575000E-8	0.001681
9.580000E-8	0.001673
9.585000E-8	0.001627
9.590000E-8	0.001577
9.595000E-8	0.001603
9.600000E-8	0.001589
9.605000E-8	0.001648
9.610000E-8	0.001684
9.615000E-8	0.001681
9.620000E-8	0.001723
9.625000E-8	0.001759
9.630000E-8	0.001763
9.635000E-8	0.001800
9.640000E-8	0.001794
9.645000E-8	0.001842
9.650000E-8	0.001773
9.655000E-8	0.001838
9.660000E-8	0.001834
9.665000E-8	0.001822
9.670000E-8	0.001800
9.675000E-8	0.001869
9.680000E-8	0.001931
9.685000E-8	0.001984
9.690000E-8	0.001959
9.695000E-8	0.001964
9.700000E-8	0.001867
9.705000E-8	0.001825
9.710000E-8	0.001736
9.715000E-8	0.001620
9.720000E-8	0.001559
9.725000E-8	0.001450
9.730000E-8	0.001398
9.735000E-8	0.001439
9.740000E-8	0.001439
9.745000E-8	0.001483
9.750000E-8	0.001494
9.755000E-8	0.001598
9.760000E-8	0.001695
9.765000E-8	0.001683
9.770000E-8	0.001803
9.775000E-8	0.001797
9.780000E-8	0.001781
9.785000E-8	0.001775
9.790000E-8	0.001752
9.795000E-8	0.001709
9.800000E-8	0.001738
9.805000E-8	0.001830
9.810000E-8	0.001866
9.815000E-8	0.001955
9.820000E-8	0.001961
9.825000E-8	0.002064
9.830000E-8	0.002161
9.835000E-8	0.002128
9.840000E-8	0.002131
9.845000E-8	0.002125
9.850000E-8	0.002142
9.855000E-8	0.002030
9.860000E-8	0.002000
9.865000E-8	0.001970
9.870000E-8	0.001936
9.875000E-8	0.001916
9.880000E-8	0.001892
9.885000E-8	0.001963
9.890000E-8	0.001939
9.895000E-8	0.002058
9.900000E-8	0.001978
9.905000E-8	0.002111
9.910000E-8	0.002125
9.915000E-8	0.002134
9.920000E-8	0.002109
9.925000E-8	0.002114
9.930000E-8	0.002098
9.935000E-8	0.002069
9.940000E-8	0.002025
9.945000E-8	0.002045
9.950000E-8	0.001922
9.955000E-8	0.001855
9.960000E-8	0.001777
9.965000E-8	0.001766
9.970000E-8	0.001720
9.975000E-8	0.001689
9.980000E-8	0.001714
9.985000E-8	0.001778
9.990000E-8	0.001713
9.995000E-8	0.001733
