LabVIEW Measurement	
Writer_Version	2
Reader_Version	2
Separator	Tab
Decimal_Separator	.
Multi_Headings	No
X_Columns	Multi
Time_Pref	Relative
Operator	TG lab
Date	2015/03/07
Time	11:11:39.217193603515625
***End_of_Header***	
	
Channels	1	
Samples	2000	
Date	1903/12/31	
Time	19:00:00	
X_Dimension	Time	
X0	0.0000000000000000E+0	
Delta_X	5.000000E-11	
***End_of_Header***		
X_Value	Untitled	Comment
0.000000	0.001925
5.000000E-11	0.001984
1.000000E-10	0.002063
1.500000E-10	0.002081
2.000000E-10	0.002003
2.500000E-10	0.002031
3.000000E-10	0.002069
3.500000E-10	0.002184
4.000000E-10	0.002109
4.500000E-10	0.002288
5.000000E-10	0.002319
5.500000E-10	0.002444
6.000000E-10	0.002331
6.500000E-10	0.002338
7.000000E-10	0.002437
7.500000E-10	0.002509
8.000000E-10	0.002428
8.500000E-10	0.002384
9.000000E-10	0.002347
9.500000E-10	0.002150
1.000000E-9	0.002025
1.050000E-9	0.001966
1.100000E-9	0.001994
1.150000E-9	0.001828
1.200000E-9	0.001794
1.250000E-9	0.001894
1.300000E-9	0.001769
1.350000E-9	0.001841
1.400000E-9	0.001828
1.450000E-9	0.002063
1.500000E-9	0.002144
1.550000E-9	0.002072
1.600000E-9	0.002028
1.650000E-9	0.002059
1.700000E-9	0.002053
1.750000E-9	0.002131
1.800000E-9	0.002044
1.850000E-9	0.001950
1.900000E-9	0.001866
1.950000E-9	0.001834
2.000000E-9	0.001831
2.050000E-9	0.001741
2.100000E-9	0.001612
2.150000E-9	0.001588
2.200000E-9	0.001519
2.250000E-9	0.001612
2.300000E-9	0.001600
2.350000E-9	0.001675
2.400000E-9	0.001631
2.450000E-9	0.001694
2.500000E-9	0.001869
2.550000E-9	0.001897
2.600000E-9	0.001906
2.650000E-9	0.001881
2.700000E-9	0.001988
2.750000E-9	0.002025
2.800000E-9	0.001859
2.850000E-9	0.001828
2.900000E-9	0.001791
2.950000E-9	0.001759
3.000000E-9	0.001756
3.050000E-9	0.001663
3.100000E-9	0.001556
3.150000E-9	0.001550
3.200000E-9	0.001663
3.250000E-9	0.001694
3.300000E-9	0.001591
3.350000E-9	0.001700
3.400000E-9	0.001694
3.450000E-9	0.001638
3.500000E-9	0.001681
3.550000E-9	0.001672
3.600000E-9	0.001669
3.650000E-9	0.001659
3.700000E-9	0.001500
3.750000E-9	0.001531
3.800000E-9	0.001494
3.850000E-9	0.001506
3.900000E-9	0.001391
3.950000E-9	0.001534
4.000000E-9	0.001375
4.050000E-9	0.001409
4.100000E-9	0.001475
4.150000E-9	0.001466
4.200000E-9	0.001559
4.250000E-9	0.001678
4.300000E-9	0.001575
4.350000E-9	0.001578
4.400000E-9	0.001534
4.450000E-9	0.001612
4.500000E-9	0.001628
4.550000E-9	0.001547
4.600000E-9	0.001544
4.650000E-9	0.001622
4.700000E-9	0.001469
4.750000E-9	0.001247
4.800000E-9	0.000684
4.850000E-9	0.000178
4.900000E-9	-0.000431
4.950000E-9	-0.001369
5.000000E-9	-0.002616
5.050000E-9	-0.004087
5.100000E-9	-0.005509
5.150000E-9	-0.007344
5.200000E-9	-0.009319
5.250000E-9	-0.011194
5.300000E-9	-0.012903
5.350000E-9	-0.014438
5.400000E-9	-0.015847
5.450000E-9	-0.016759
5.500000E-9	-0.017241
5.550000E-9	-0.017309
5.600000E-9	-0.017106
5.650000E-9	-0.016428
5.700000E-9	-0.015469
5.750000E-9	-0.014259
5.800000E-9	-0.012981
5.850000E-9	-0.011597
5.900000E-9	-0.010544
5.950000E-9	-0.009622
6.000000E-9	-0.008875
6.050000E-9	-0.008513
6.100000E-9	-0.008447
6.150000E-9	-0.008597
6.200000E-9	-0.009034
6.250000E-9	-0.009456
6.300000E-9	-0.010028
6.350000E-9	-0.010469
6.400000E-9	-0.010897
6.450000E-9	-0.010897
6.500000E-9	-0.010575
6.550000E-9	-0.010131
6.600000E-9	-0.009541
6.650000E-9	-0.008537
6.700000E-9	-0.007509
6.750000E-9	-0.006447
6.800000E-9	-0.005503
6.850000E-9	-0.004519
6.900000E-9	-0.003903
6.950000E-9	-0.003366
7.000000E-9	-0.003172
7.050000E-9	-0.003144
7.100000E-9	-0.003438
7.150000E-9	-0.003966
7.200000E-9	-0.004606
7.250000E-9	-0.005100
7.300000E-9	-0.005644
7.350000E-9	-0.006112
7.400000E-9	-0.006338
7.450000E-9	-0.006147
7.500000E-9	-0.005759
7.550000E-9	-0.005237
7.600000E-9	-0.004416
7.650000E-9	-0.003528
7.700000E-9	-0.002538
7.750000E-9	-0.001750
7.800000E-9	-0.000969
7.850000E-9	-0.000447
7.900000E-9	-0.000116
7.950000E-9	-1.875000E-5
8.000000E-9	-0.000166
8.050000E-9	-0.000566
8.100000E-9	-0.001159
8.150000E-9	-0.001722
8.200000E-9	-0.002366
8.250000E-9	-0.002813
8.300000E-9	-0.003241
8.350000E-9	-0.003563
8.400000E-9	-0.003572
8.450000E-9	-0.003216
8.500000E-9	-0.002684
8.550000E-9	-0.001819
8.600000E-9	-0.001078
8.650000E-9	-0.000184
8.700000E-9	0.000713
8.750000E-9	0.001344
8.800000E-9	0.001806
8.850000E-9	0.002047
8.900000E-9	0.001981
8.950000E-9	0.001753
9.000000E-9	0.001263
9.050000E-9	0.000597
9.100000E-9	-0.000234
9.150000E-9	-0.000963
9.200000E-9	-0.001641
9.250000E-9	-0.002162
9.300000E-9	-0.002534
9.350000E-9	-0.002434
9.400000E-9	-0.002259
9.450000E-9	-0.001672
9.500000E-9	-0.001044
9.550000E-9	-0.000300
9.600000E-9	0.000584
9.650000E-9	0.001494
9.700000E-9	0.002012
9.750000E-9	0.002488
9.800000E-9	0.002653
9.850000E-9	0.002678
9.900000E-9	0.002359
9.950000E-9	0.001781
1.000000E-8	0.001091
1.005000E-8	0.000453
1.010000E-8	-0.000403
1.015000E-8	-0.001078
1.020000E-8	-0.001447
1.025000E-8	-0.001559
1.030000E-8	-0.001488
1.035000E-8	-0.001253
1.040000E-8	-0.000659
1.045000E-8	0.000141
1.050000E-8	0.000909
1.055000E-8	0.001781
1.060000E-8	0.002325
1.065000E-8	0.003038
1.070000E-8	0.003325
1.075000E-8	0.003328
1.080000E-8	0.003034
1.085000E-8	0.002578
1.090000E-8	0.001888
1.095000E-8	0.001138
1.100000E-8	0.000319
1.105000E-8	-0.000181
1.110000E-8	-0.000647
1.115000E-8	-0.000941
1.120000E-8	-0.000841
1.125000E-8	-0.000628
1.130000E-8	-0.000206
1.135000E-8	0.000438
1.140000E-8	0.001022
1.145000E-8	0.001781
1.150000E-8	0.002394
1.155000E-8	0.002866
1.160000E-8	0.003175
1.165000E-8	0.003347
1.170000E-8	0.003225
1.175000E-8	0.002934
1.180000E-8	0.002441
1.185000E-8	0.001819
1.190000E-8	0.001047
1.195000E-8	0.000388
1.200000E-8	-0.000334
1.205000E-8	-0.000797
1.210000E-8	-0.001022
1.215000E-8	-0.000978
1.220000E-8	-0.000731
1.225000E-8	-0.000100
1.230000E-8	0.000572
1.235000E-8	0.001316
1.240000E-8	0.001944
1.245000E-8	0.002769
1.250000E-8	0.003228
1.255000E-8	0.003556
1.260000E-8	0.003616
1.265000E-8	0.003300
1.270000E-8	0.002794
1.275000E-8	0.002369
1.280000E-8	0.001606
1.285000E-8	0.000881
1.290000E-8	0.000106
1.295000E-8	-0.000272
1.300000E-8	-0.000653
1.305000E-8	-0.000725
1.310000E-8	-0.000422
1.315000E-8	-3.750000E-5
1.320000E-8	0.000425
1.325000E-8	0.001084
1.330000E-8	0.001866
1.335000E-8	0.002544
1.340000E-8	0.003022
1.345000E-8	0.003388
1.350000E-8	0.003563
1.355000E-8	0.003503
1.360000E-8	0.003206
1.365000E-8	0.002884
1.370000E-8	0.002259
1.375000E-8	0.001666
1.380000E-8	0.000925
1.385000E-8	0.000409
1.390000E-8	9.062500E-5
1.395000E-8	-0.000131
1.400000E-8	-0.000181
1.405000E-8	0.000100
1.410000E-8	0.000453
1.415000E-8	0.001025
1.420000E-8	0.001544
1.425000E-8	0.002397
1.430000E-8	0.003003
1.435000E-8	0.003381
1.440000E-8	0.003463
1.445000E-8	0.003750
1.450000E-8	0.003622
1.455000E-8	0.003356
1.460000E-8	0.002719
1.465000E-8	0.002138
1.470000E-8	0.001447
1.475000E-8	0.000884
1.480000E-8	0.000141
1.485000E-8	-0.000113
1.490000E-8	-0.000334
1.495000E-8	-0.000369
1.500000E-8	-0.000125
1.505000E-8	0.000297
1.510000E-8	0.000925
1.515000E-8	0.001628
1.520000E-8	0.002219
1.525000E-8	0.002775
1.530000E-8	0.003156
1.535000E-8	0.003500
1.540000E-8	0.003469
1.545000E-8	0.003313
1.550000E-8	0.002822
1.555000E-8	0.002309
1.560000E-8	0.001756
1.565000E-8	0.001084
1.570000E-8	0.000519
1.575000E-8	0.000150
1.580000E-8	-0.000256
1.585000E-8	-0.000303
1.590000E-8	-0.000188
1.595000E-8	0.000200
1.600000E-8	0.000691
1.605000E-8	0.001313
1.610000E-8	0.001994
1.615000E-8	0.002691
1.620000E-8	0.003275
1.625000E-8	0.003563
1.630000E-8	0.003759
1.635000E-8	0.003838
1.640000E-8	0.003631
1.645000E-8	0.003303
1.650000E-8	0.002678
1.655000E-8	0.002028
1.660000E-8	0.001281
1.665000E-8	0.000822
1.670000E-8	0.000441
1.675000E-8	0.000366
1.680000E-8	0.000156
1.685000E-8	0.000400
1.690000E-8	0.000781
1.695000E-8	0.001200
1.700000E-8	0.001800
1.705000E-8	0.002459
1.710000E-8	0.003028
1.715000E-8	0.003456
1.720000E-8	0.003678
1.725000E-8	0.003847
1.730000E-8	0.003728
1.735000E-8	0.003466
1.740000E-8	0.002994
1.745000E-8	0.002428
1.750000E-8	0.001800
1.755000E-8	0.001053
1.760000E-8	0.000494
1.765000E-8	0.000122
1.770000E-8	-1.250000E-5
1.775000E-8	5.625000E-5
1.780000E-8	0.000313
1.785000E-8	0.000656
1.790000E-8	0.001184
1.795000E-8	0.001813
1.800000E-8	0.002347
1.805000E-8	0.002959
1.810000E-8	0.003256
1.815000E-8	0.003431
1.820000E-8	0.003522
1.825000E-8	0.003366
1.830000E-8	0.003041
1.835000E-8	0.002603
1.840000E-8	0.002006
1.845000E-8	0.001616
1.850000E-8	0.001050
1.855000E-8	0.000609
1.860000E-8	0.000419
1.865000E-8	0.000375
1.870000E-8	0.000412
1.875000E-8	0.000641
1.880000E-8	0.001072
1.885000E-8	0.001506
1.890000E-8	0.002003
1.895000E-8	0.002587
1.900000E-8	0.003044
1.905000E-8	0.003241
1.910000E-8	0.003309
1.915000E-8	0.003350
1.920000E-8	0.003091
1.925000E-8	0.002772
1.930000E-8	0.002322
1.935000E-8	0.001863
1.940000E-8	0.001275
1.945000E-8	0.000903
1.950000E-8	0.000609
1.955000E-8	0.000509
1.960000E-8	0.000469
1.965000E-8	0.000647
1.970000E-8	0.000934
1.975000E-8	0.001384
1.980000E-8	0.001944
1.985000E-8	0.002416
1.990000E-8	0.002750
1.995000E-8	0.003197
2.000000E-8	0.003350
2.005000E-8	0.003403
2.010000E-8	0.003222
2.015000E-8	0.003106
2.020000E-8	0.002678
2.025000E-8	0.002350
2.030000E-8	0.001809
2.035000E-8	0.001378
2.040000E-8	0.001009
2.045000E-8	0.000847
2.050000E-8	0.000622
2.055000E-8	0.000737
2.060000E-8	0.000778
2.065000E-8	0.001078
2.070000E-8	0.001419
2.075000E-8	0.001928
2.080000E-8	0.002331
2.085000E-8	0.002713
2.090000E-8	0.003169
2.095000E-8	0.003419
2.100000E-8	0.003456
2.105000E-8	0.003338
2.110000E-8	0.003094
2.115000E-8	0.002806
2.120000E-8	0.002244
2.125000E-8	0.001719
2.130000E-8	0.001147
2.135000E-8	0.000769
2.140000E-8	0.000447
2.145000E-8	0.000381
2.150000E-8	0.000428
2.155000E-8	0.000638
2.160000E-8	0.001012
2.165000E-8	0.001584
2.170000E-8	0.002031
2.175000E-8	0.002603
2.180000E-8	0.003109
2.185000E-8	0.003409
2.190000E-8	0.003475
2.195000E-8	0.003622
2.200000E-8	0.003350
2.205000E-8	0.003144
2.210000E-8	0.002772
2.215000E-8	0.002353
2.220000E-8	0.001869
2.225000E-8	0.001534
2.230000E-8	0.001144
2.235000E-8	0.000884
2.240000E-8	0.000666
2.245000E-8	0.000813
2.250000E-8	0.001072
2.255000E-8	0.001366
2.260000E-8	0.001769
2.265000E-8	0.002234
2.270000E-8	0.002631
2.275000E-8	0.003019
2.280000E-8	0.003247
2.285000E-8	0.003384
2.290000E-8	0.003284
2.295000E-8	0.003072
2.300000E-8	0.002722
2.305000E-8	0.002388
2.310000E-8	0.001859
2.315000E-8	0.001556
2.320000E-8	0.001081
2.325000E-8	0.000759
2.330000E-8	0.000600
2.335000E-8	0.000781
2.340000E-8	0.000913
2.345000E-8	0.001197
2.350000E-8	0.001628
2.355000E-8	0.002072
2.360000E-8	0.002453
2.365000E-8	0.002838
2.370000E-8	0.003059
2.375000E-8	0.003241
2.380000E-8	0.003184
2.385000E-8	0.003081
2.390000E-8	0.002797
2.395000E-8	0.002391
2.400000E-8	0.002031
2.405000E-8	0.001544
2.410000E-8	0.001222
2.415000E-8	0.001006
2.420000E-8	0.000772
2.425000E-8	0.000741
2.430000E-8	0.000813
2.435000E-8	0.001025
2.440000E-8	0.001244
2.445000E-8	0.001500
2.450000E-8	0.002000
2.455000E-8	0.002378
2.460000E-8	0.002784
2.465000E-8	0.002947
2.470000E-8	0.003059
2.475000E-8	0.003066
2.480000E-8	0.002963
2.485000E-8	0.002700
2.490000E-8	0.002356
2.495000E-8	0.001906
2.500000E-8	0.001516
2.505000E-8	0.001266
2.510000E-8	0.001012
2.515000E-8	0.000791
2.520000E-8	0.000684
2.525000E-8	0.000794
2.530000E-8	0.000966
2.535000E-8	0.001344
2.540000E-8	0.001606
2.545000E-8	0.002138
2.550000E-8	0.002503
2.555000E-8	0.002853
2.560000E-8	0.002947
2.565000E-8	0.003078
2.570000E-8	0.003081
2.575000E-8	0.002916
2.580000E-8	0.002675
2.585000E-8	0.002303
2.590000E-8	0.001944
2.595000E-8	0.001563
2.600000E-8	0.001372
2.605000E-8	0.001213
2.610000E-8	0.001197
2.615000E-8	0.001147
2.620000E-8	0.001191
2.625000E-8	0.001397
2.630000E-8	0.001728
2.635000E-8	0.002075
2.640000E-8	0.002484
2.645000E-8	0.002697
2.650000E-8	0.002853
2.655000E-8	0.003075
2.660000E-8	0.003084
2.665000E-8	0.002956
2.670000E-8	0.002694
2.675000E-8	0.002519
2.680000E-8	0.002109
2.685000E-8	0.001706
2.690000E-8	0.001306
2.695000E-8	0.000944
2.700000E-8	0.000719
2.705000E-8	0.000606
2.710000E-8	0.000703
2.715000E-8	0.000906
2.720000E-8	0.001103
2.725000E-8	0.001500
2.730000E-8	0.001853
2.735000E-8	0.002303
2.740000E-8	0.002566
2.745000E-8	0.002809
2.750000E-8	0.002978
2.755000E-8	0.003106
2.760000E-8	0.002997
2.765000E-8	0.002725
2.770000E-8	0.002363
2.775000E-8	0.001959
2.780000E-8	0.001519
2.785000E-8	0.001216
2.790000E-8	0.000900
2.795000E-8	0.000856
2.800000E-8	0.000766
2.805000E-8	0.000875
2.810000E-8	0.001106
2.815000E-8	0.001522
2.820000E-8	0.001784
2.825000E-8	0.002159
2.830000E-8	0.002413
2.835000E-8	0.002794
2.840000E-8	0.002900
2.845000E-8	0.003063
2.850000E-8	0.003097
2.855000E-8	0.002950
2.860000E-8	0.002763
2.865000E-8	0.002503
2.870000E-8	0.002191
2.875000E-8	0.001838
2.880000E-8	0.001456
2.885000E-8	0.001184
2.890000E-8	0.001012
2.895000E-8	0.000963
2.900000E-8	0.001100
2.905000E-8	0.001394
2.910000E-8	0.001672
2.915000E-8	0.002012
2.920000E-8	0.002213
2.925000E-8	0.002472
2.930000E-8	0.002638
2.935000E-8	0.002766
2.940000E-8	0.002878
2.945000E-8	0.002884
2.950000E-8	0.002744
2.955000E-8	0.002422
2.960000E-8	0.001975
2.965000E-8	0.001713
2.970000E-8	0.001291
2.975000E-8	0.001084
2.980000E-8	0.000775
2.985000E-8	0.000788
2.990000E-8	0.000831
2.995000E-8	0.001000
3.000000E-8	0.001141
3.005000E-8	0.001647
3.010000E-8	0.001956
3.015000E-8	0.002388
3.020000E-8	0.002691
3.025000E-8	0.002891
3.030000E-8	0.002944
3.035000E-8	0.002881
3.040000E-8	0.002794
3.045000E-8	0.002512
3.050000E-8	0.002053
3.055000E-8	0.001738
3.060000E-8	0.001319
3.065000E-8	0.001063
3.070000E-8	0.000747
3.075000E-8	0.000591
3.080000E-8	0.000703
3.085000E-8	0.000825
3.090000E-8	0.001050
3.095000E-8	0.001322
3.100000E-8	0.001628
3.105000E-8	0.002000
3.110000E-8	0.002284
3.115000E-8	0.002519
3.120000E-8	0.002572
3.125000E-8	0.002647
3.130000E-8	0.002500
3.135000E-8	0.002494
3.140000E-8	0.002356
3.145000E-8	0.002059
3.150000E-8	0.001819
3.155000E-8	0.001531
3.160000E-8	0.001450
3.165000E-8	0.001306
3.170000E-8	0.001259
3.175000E-8	0.001238
3.180000E-8	0.001431
3.185000E-8	0.001653
3.190000E-8	0.001863
3.195000E-8	0.002109
3.200000E-8	0.002378
3.205000E-8	0.002594
3.210000E-8	0.002734
3.215000E-8	0.002872
3.220000E-8	0.002856
3.225000E-8	0.002709
3.230000E-8	0.002597
3.235000E-8	0.002403
3.240000E-8	0.002047
3.245000E-8	0.001666
3.250000E-8	0.001341
3.255000E-8	0.001053
3.260000E-8	0.000800
3.265000E-8	0.000750
3.270000E-8	0.000741
3.275000E-8	0.000884
3.280000E-8	0.001169
3.285000E-8	0.001556
3.290000E-8	0.001794
3.295000E-8	0.002119
3.300000E-8	0.002397
3.305000E-8	0.002622
3.310000E-8	0.002737
3.315000E-8	0.002697
3.320000E-8	0.002669
3.325000E-8	0.002444
3.330000E-8	0.002009
3.335000E-8	0.001816
3.340000E-8	0.001506
3.345000E-8	0.001328
3.350000E-8	0.001078
3.355000E-8	0.000853
3.360000E-8	0.000841
3.365000E-8	0.001028
3.370000E-8	0.001169
3.375000E-8	0.001413
3.380000E-8	0.001725
3.385000E-8	0.002131
3.390000E-8	0.002428
3.395000E-8	0.002775
3.400000E-8	0.002747
3.405000E-8	0.002928
3.410000E-8	0.002956
3.415000E-8	0.002978
3.420000E-8	0.002688
3.425000E-8	0.002516
3.430000E-8	0.002172
3.435000E-8	0.001834
3.440000E-8	0.001503
3.445000E-8	0.001309
3.450000E-8	0.001134
3.455000E-8	0.001150
3.460000E-8	0.001291
3.465000E-8	0.001469
3.470000E-8	0.001747
3.475000E-8	0.002038
3.480000E-8	0.002300
3.485000E-8	0.002563
3.490000E-8	0.002766
3.495000E-8	0.003019
3.500000E-8	0.003081
3.505000E-8	0.003072
3.510000E-8	0.002863
3.515000E-8	0.002587
3.520000E-8	0.002138
3.525000E-8	0.001788
3.530000E-8	0.001569
3.535000E-8	0.001331
3.540000E-8	0.001125
3.545000E-8	0.000997
3.550000E-8	0.000891
3.555000E-8	0.000991
3.560000E-8	0.001116
3.565000E-8	0.001444
3.570000E-8	0.001641
3.575000E-8	0.002016
3.580000E-8	0.002316
3.585000E-8	0.002488
3.590000E-8	0.002619
3.595000E-8	0.002644
3.600000E-8	0.002675
3.605000E-8	0.002450
3.610000E-8	0.002391
3.615000E-8	0.002175
3.620000E-8	0.001903
3.625000E-8	0.001641
3.630000E-8	0.001391
3.635000E-8	0.001413
3.640000E-8	0.001306
3.645000E-8	0.001403
3.650000E-8	0.001478
3.655000E-8	0.001631
3.660000E-8	0.001763
3.665000E-8	0.001988
3.670000E-8	0.002303
3.675000E-8	0.002488
3.680000E-8	0.002506
3.685000E-8	0.002725
3.690000E-8	0.002716
3.695000E-8	0.002625
3.700000E-8	0.002512
3.705000E-8	0.002356
3.710000E-8	0.002150
3.715000E-8	0.001888
3.720000E-8	0.001591
3.725000E-8	0.001538
3.730000E-8	0.001413
3.735000E-8	0.001397
3.740000E-8	0.001350
3.745000E-8	0.001419
3.750000E-8	0.001519
3.755000E-8	0.001656
3.760000E-8	0.001900
3.765000E-8	0.002087
3.770000E-8	0.002247
3.775000E-8	0.002341
3.780000E-8	0.002384
3.785000E-8	0.002437
3.790000E-8	0.002434
3.795000E-8	0.002328
3.800000E-8	0.002038
3.805000E-8	0.001900
3.810000E-8	0.001769
3.815000E-8	0.001519
3.820000E-8	0.001253
3.825000E-8	0.001119
3.830000E-8	0.001153
3.835000E-8	0.001172
3.840000E-8	0.001350
3.845000E-8	0.001666
3.850000E-8	0.001806
3.855000E-8	0.002125
3.860000E-8	0.002225
3.865000E-8	0.002406
3.870000E-8	0.002453
3.875000E-8	0.002541
3.880000E-8	0.002512
3.885000E-8	0.002413
3.890000E-8	0.002094
3.895000E-8	0.001975
3.900000E-8	0.001612
3.905000E-8	0.001488
3.910000E-8	0.001144
3.915000E-8	0.000972
3.920000E-8	0.000847
3.925000E-8	0.000872
3.930000E-8	0.001072
3.935000E-8	0.001141
3.940000E-8	0.001325
3.945000E-8	0.001681
3.950000E-8	0.002022
3.955000E-8	0.002316
3.960000E-8	0.002431
3.965000E-8	0.002534
3.970000E-8	0.002488
3.975000E-8	0.002463
3.980000E-8	0.002303
3.985000E-8	0.002172
3.990000E-8	0.001875
3.995000E-8	0.001666
4.000000E-8	0.001513
4.005000E-8	0.001453
4.010000E-8	0.001356
4.015000E-8	0.001291
4.020000E-8	0.001359
4.025000E-8	0.001559
4.030000E-8	0.001769
4.035000E-8	0.001931
4.040000E-8	0.002053
4.045000E-8	0.002206
4.050000E-8	0.002525
4.055000E-8	0.002613
4.060000E-8	0.002619
4.065000E-8	0.002691
4.070000E-8	0.002488
4.075000E-8	0.002422
4.080000E-8	0.002231
4.085000E-8	0.002156
4.090000E-8	0.001950
4.095000E-8	0.001881
4.100000E-8	0.001844
4.105000E-8	0.001781
4.110000E-8	0.001825
4.115000E-8	0.001941
4.120000E-8	0.002119
4.125000E-8	0.002200
4.130000E-8	0.002378
4.135000E-8	0.002531
4.140000E-8	0.002591
4.145000E-8	0.002691
4.150000E-8	0.002756
4.155000E-8	0.002769
4.160000E-8	0.002706
4.165000E-8	0.002631
4.170000E-8	0.002425
4.175000E-8	0.002241
4.180000E-8	0.001859
4.185000E-8	0.001622
4.190000E-8	0.001431
4.195000E-8	0.001413
4.200000E-8	0.001313
4.205000E-8	0.001281
4.210000E-8	0.001313
4.215000E-8	0.001300
4.220000E-8	0.001481
4.225000E-8	0.001822
4.230000E-8	0.002109
4.235000E-8	0.002419
4.240000E-8	0.002519
4.245000E-8	0.002769
4.250000E-8	0.002766
4.255000E-8	0.002706
4.260000E-8	0.002459
4.265000E-8	0.002306
4.270000E-8	0.002122
4.275000E-8	0.001856
4.280000E-8	0.001653
4.285000E-8	0.001503
4.290000E-8	0.001281
4.295000E-8	0.001275
4.300000E-8	0.001291
4.305000E-8	0.001272
4.310000E-8	0.001381
4.315000E-8	0.001544
4.320000E-8	0.001659
4.325000E-8	0.001897
4.330000E-8	0.002103
4.335000E-8	0.002416
4.340000E-8	0.002525
4.345000E-8	0.002656
4.350000E-8	0.002634
4.355000E-8	0.002544
4.360000E-8	0.002500
4.365000E-8	0.002416
4.370000E-8	0.002006
4.375000E-8	0.001772
4.380000E-8	0.001500
4.385000E-8	0.001369
4.390000E-8	0.001181
4.395000E-8	0.001309
4.400000E-8	0.001297
4.405000E-8	0.001444
4.410000E-8	0.001650
4.415000E-8	0.001866
4.420000E-8	0.002184
4.425000E-8	0.002422
4.430000E-8	0.002531
4.435000E-8	0.002553
4.440000E-8	0.002525
4.445000E-8	0.002472
4.450000E-8	0.002363
4.455000E-8	0.002209
4.460000E-8	0.001937
4.465000E-8	0.001791
4.470000E-8	0.001641
4.475000E-8	0.001519
4.480000E-8	0.001275
4.485000E-8	0.001322
4.490000E-8	0.001434
4.495000E-8	0.001500
4.500000E-8	0.001581
4.505000E-8	0.001794
4.510000E-8	0.001869
4.515000E-8	0.001981
4.520000E-8	0.002109
4.525000E-8	0.002181
4.530000E-8	0.002284
4.535000E-8	0.002316
4.540000E-8	0.002284
4.545000E-8	0.002297
4.550000E-8	0.002184
4.555000E-8	0.002125
4.560000E-8	0.001988
4.565000E-8	0.001791
4.570000E-8	0.001681
4.575000E-8	0.001531
4.580000E-8	0.001384
4.585000E-8	0.001341
4.590000E-8	0.001400
4.595000E-8	0.001563
4.600000E-8	0.001609
4.605000E-8	0.001956
4.610000E-8	0.002109
4.615000E-8	0.002303
4.620000E-8	0.002328
4.625000E-8	0.002375
4.630000E-8	0.002375
4.635000E-8	0.002263
4.640000E-8	0.002162
4.645000E-8	0.002078
4.650000E-8	0.001919
4.655000E-8	0.001894
4.660000E-8	0.001769
4.665000E-8	0.001713
4.670000E-8	0.001697
4.675000E-8	0.001722
4.680000E-8	0.001819
4.685000E-8	0.001994
4.690000E-8	0.002084
4.695000E-8	0.002353
4.700000E-8	0.002506
4.705000E-8	0.002709
4.710000E-8	0.002700
4.715000E-8	0.002938
4.720000E-8	0.002797
4.725000E-8	0.002778
4.730000E-8	0.002659
4.735000E-8	0.002481
4.740000E-8	0.002172
4.745000E-8	0.002038
4.750000E-8	0.001825
4.755000E-8	0.001750
4.760000E-8	0.001563
4.765000E-8	0.001453
4.770000E-8	0.001556
4.775000E-8	0.001591
4.780000E-8	0.001700
4.785000E-8	0.001838
4.790000E-8	0.002081
4.795000E-8	0.002128
4.800000E-8	0.002437
4.805000E-8	0.002519
4.810000E-8	0.002556
4.815000E-8	0.002437
4.820000E-8	0.002356
4.825000E-8	0.002250
4.830000E-8	0.002100
4.835000E-8	0.001866
4.840000E-8	0.001628
4.845000E-8	0.001372
4.850000E-8	0.001297
4.855000E-8	0.001266
4.860000E-8	0.001228
4.865000E-8	0.001325
4.870000E-8	0.001466
4.875000E-8	0.001691
4.880000E-8	0.001891
4.885000E-8	0.002038
4.890000E-8	0.002191
4.895000E-8	0.002356
4.900000E-8	0.002488
4.905000E-8	0.002503
4.910000E-8	0.002503
4.915000E-8	0.002444
4.920000E-8	0.002409
4.925000E-8	0.002300
4.930000E-8	0.002231
4.935000E-8	0.002150
4.940000E-8	0.001850
4.945000E-8	0.001744
4.950000E-8	0.001719
4.955000E-8	0.001722
4.960000E-8	0.001753
4.965000E-8	0.001709
4.970000E-8	0.001809
4.975000E-8	0.001984
4.980000E-8	0.002181
4.985000E-8	0.002128
4.990000E-8	0.002247
4.995000E-8	0.002406
5.000000E-8	0.002328
5.005000E-8	0.002253
5.010000E-8	0.002094
5.015000E-8	0.002019
5.020000E-8	0.001781
5.025000E-8	0.001653
5.030000E-8	0.001506
5.035000E-8	0.001378
5.040000E-8	0.001269
5.045000E-8	0.001216
5.050000E-8	0.001213
5.055000E-8	0.001328
5.060000E-8	0.001519
5.065000E-8	0.001772
5.070000E-8	0.002072
5.075000E-8	0.002338
5.080000E-8	0.002459
5.085000E-8	0.002506
5.090000E-8	0.002600
5.095000E-8	0.002578
5.100000E-8	0.002413
5.105000E-8	0.002300
5.110000E-8	0.002172
5.115000E-8	0.001941
5.120000E-8	0.001694
5.125000E-8	0.001581
5.130000E-8	0.001437
5.135000E-8	0.001428
5.140000E-8	0.001384
5.145000E-8	0.001494
5.150000E-8	0.001519
5.155000E-8	0.001872
5.160000E-8	0.001956
5.165000E-8	0.001984
5.170000E-8	0.002156
5.175000E-8	0.002250
5.180000E-8	0.002347
5.185000E-8	0.002422
5.190000E-8	0.002359
5.195000E-8	0.002369
5.200000E-8	0.002325
5.205000E-8	0.002094
5.210000E-8	0.001903
5.215000E-8	0.001781
5.220000E-8	0.001581
5.225000E-8	0.001488
5.230000E-8	0.001419
5.235000E-8	0.001437
5.240000E-8	0.001397
5.245000E-8	0.001416
5.250000E-8	0.001625
5.255000E-8	0.001847
5.260000E-8	0.002019
5.265000E-8	0.002319
5.270000E-8	0.002397
5.275000E-8	0.002481
5.280000E-8	0.002569
5.285000E-8	0.002494
5.290000E-8	0.002328
5.295000E-8	0.002194
5.300000E-8	0.002006
5.305000E-8	0.001775
5.310000E-8	0.001697
5.315000E-8	0.001622
5.320000E-8	0.001466
5.325000E-8	0.001437
5.330000E-8	0.001450
5.335000E-8	0.001638
5.340000E-8	0.001775
5.345000E-8	0.001969
5.350000E-8	0.002156
5.355000E-8	0.002306
5.360000E-8	0.002494
5.365000E-8	0.002563
5.370000E-8	0.002541
5.375000E-8	0.002563
5.380000E-8	0.002406
5.385000E-8	0.002162
5.390000E-8	0.001931
5.395000E-8	0.001687
5.400000E-8	0.001434
5.405000E-8	0.001400
5.410000E-8	0.001406
5.415000E-8	0.001375
5.420000E-8	0.001422
5.425000E-8	0.001519
5.430000E-8	0.001809
5.435000E-8	0.002022
5.440000E-8	0.002203
5.445000E-8	0.002356
5.450000E-8	0.002519
5.455000E-8	0.002544
5.460000E-8	0.002475
5.465000E-8	0.002556
5.470000E-8	0.002478
5.475000E-8	0.002263
5.480000E-8	0.002100
5.485000E-8	0.001994
5.490000E-8	0.001863
5.495000E-8	0.001744
5.500000E-8	0.001616
5.505000E-8	0.001588
5.510000E-8	0.001534
5.515000E-8	0.001563
5.520000E-8	0.001534
5.525000E-8	0.001638
5.530000E-8	0.001719
5.535000E-8	0.001872
5.540000E-8	0.001969
5.545000E-8	0.002159
5.550000E-8	0.002263
5.555000E-8	0.002344
5.560000E-8	0.002372
5.565000E-8	0.002388
5.570000E-8	0.002228
5.575000E-8	0.002053
5.580000E-8	0.001841
5.585000E-8	0.001706
5.590000E-8	0.001684
5.595000E-8	0.001584
5.600000E-8	0.001413
5.605000E-8	0.001353
5.610000E-8	0.001403
5.615000E-8	0.001450
5.620000E-8	0.001525
5.625000E-8	0.001650
5.630000E-8	0.001809
5.635000E-8	0.001937
5.640000E-8	0.002072
5.645000E-8	0.002178
5.650000E-8	0.002291
5.655000E-8	0.002288
5.660000E-8	0.002266
5.665000E-8	0.002231
5.670000E-8	0.002194
5.675000E-8	0.002053
5.680000E-8	0.002034
5.685000E-8	0.001906
5.690000E-8	0.001769
5.695000E-8	0.001644
5.700000E-8	0.001612
5.705000E-8	0.001666
5.710000E-8	0.001747
5.715000E-8	0.001834
5.720000E-8	0.001869
5.725000E-8	0.001997
5.730000E-8	0.002044
5.735000E-8	0.002184
5.740000E-8	0.002194
5.745000E-8	0.002278
5.750000E-8	0.002194
5.755000E-8	0.002225
5.760000E-8	0.002172
5.765000E-8	0.002003
5.770000E-8	0.001991
5.775000E-8	0.001869
5.780000E-8	0.001816
5.785000E-8	0.001759
5.790000E-8	0.001691
5.795000E-8	0.001859
5.800000E-8	0.001753
5.805000E-8	0.001766
5.810000E-8	0.001878
5.815000E-8	0.001894
5.820000E-8	0.001966
5.825000E-8	0.002063
5.830000E-8	0.002038
5.835000E-8	0.002153
5.840000E-8	0.002175
5.845000E-8	0.002291
5.850000E-8	0.002178
5.855000E-8	0.002297
5.860000E-8	0.002244
5.865000E-8	0.002188
5.870000E-8	0.001997
5.875000E-8	0.001894
5.880000E-8	0.001766
5.885000E-8	0.001706
5.890000E-8	0.001663
5.895000E-8	0.001634
5.900000E-8	0.001687
5.905000E-8	0.001941
5.910000E-8	0.002041
5.915000E-8	0.002162
5.920000E-8	0.002325
5.925000E-8	0.002428
5.930000E-8	0.002397
5.935000E-8	0.002422
5.940000E-8	0.002300
5.945000E-8	0.002181
5.950000E-8	0.002031
5.955000E-8	0.001825
5.960000E-8	0.001600
5.965000E-8	0.001547
5.970000E-8	0.001431
5.975000E-8	0.001472
5.980000E-8	0.001375
5.985000E-8	0.001481
5.990000E-8	0.001634
5.995000E-8	0.001888
6.000000E-8	0.001984
6.005000E-8	0.002044
6.010000E-8	0.002150
6.015000E-8	0.002181
6.020000E-8	0.002297
6.025000E-8	0.002278
6.030000E-8	0.002294
6.035000E-8	0.002216
6.040000E-8	0.002222
6.045000E-8	0.002237
6.050000E-8	0.002056
6.055000E-8	0.001950
6.060000E-8	0.001947
6.065000E-8	0.001963
6.070000E-8	0.001922
6.075000E-8	0.001913
6.080000E-8	0.001966
6.085000E-8	0.002012
6.090000E-8	0.002072
6.095000E-8	0.002141
6.100000E-8	0.002206
6.105000E-8	0.002197
6.110000E-8	0.002303
6.115000E-8	0.002272
6.120000E-8	0.002244
6.125000E-8	0.002316
6.130000E-8	0.002081
6.135000E-8	0.001981
6.140000E-8	0.001875
6.145000E-8	0.001681
6.150000E-8	0.001578
6.155000E-8	0.001553
6.160000E-8	0.001450
6.165000E-8	0.001506
6.170000E-8	0.001588
6.175000E-8	0.001716
6.180000E-8	0.001803
6.185000E-8	0.002000
6.190000E-8	0.002087
6.195000E-8	0.002328
6.200000E-8	0.002366
6.205000E-8	0.002378
6.210000E-8	0.002353
6.215000E-8	0.002319
6.220000E-8	0.002303
6.225000E-8	0.002188
6.230000E-8	0.002044
6.235000E-8	0.002016
6.240000E-8	0.001959
6.245000E-8	0.001828
6.250000E-8	0.001672
6.255000E-8	0.001834
6.260000E-8	0.001734
6.265000E-8	0.001622
6.270000E-8	0.001772
6.275000E-8	0.001775
6.280000E-8	0.001803
6.285000E-8	0.001978
6.290000E-8	0.002025
6.295000E-8	0.002162
6.300000E-8	0.002219
6.305000E-8	0.002334
6.310000E-8	0.002253
6.315000E-8	0.002303
6.320000E-8	0.002134
6.325000E-8	0.002053
6.330000E-8	0.001944
6.335000E-8	0.001922
6.340000E-8	0.001747
6.345000E-8	0.001722
6.350000E-8	0.001638
6.355000E-8	0.001663
6.360000E-8	0.001722
6.365000E-8	0.001800
6.370000E-8	0.002025
6.375000E-8	0.002059
6.380000E-8	0.002178
6.385000E-8	0.002300
6.390000E-8	0.002338
6.395000E-8	0.002363
6.400000E-8	0.002359
6.405000E-8	0.002431
6.410000E-8	0.002334
6.415000E-8	0.002300
6.420000E-8	0.002197
6.425000E-8	0.002134
6.430000E-8	0.001941
6.435000E-8	0.001863
6.440000E-8	0.001716
6.445000E-8	0.001769
6.450000E-8	0.001700
6.455000E-8	0.001747
6.460000E-8	0.001919
6.465000E-8	0.002034
6.470000E-8	0.002147
6.475000E-8	0.002263
6.480000E-8	0.002391
6.485000E-8	0.002469
6.490000E-8	0.002500
6.495000E-8	0.002503
6.500000E-8	0.002447
6.505000E-8	0.002391
6.510000E-8	0.002234
6.515000E-8	0.002159
6.520000E-8	0.002022
6.525000E-8	0.001856
6.530000E-8	0.001791
6.535000E-8	0.001788
6.540000E-8	0.001741
6.545000E-8	0.001916
6.550000E-8	0.001931
6.555000E-8	0.001950
6.560000E-8	0.002012
6.565000E-8	0.001997
6.570000E-8	0.001916
6.575000E-8	0.002006
6.580000E-8	0.001937
6.585000E-8	0.002069
6.590000E-8	0.001966
6.595000E-8	0.001953
6.600000E-8	0.001766
6.605000E-8	0.001694
6.610000E-8	0.001609
6.615000E-8	0.001644
6.620000E-8	0.001563
6.625000E-8	0.001506
6.630000E-8	0.001559
6.635000E-8	0.001525
6.640000E-8	0.001538
6.645000E-8	0.001706
6.650000E-8	0.001831
6.655000E-8	0.001881
6.660000E-8	0.001928
6.665000E-8	0.002087
6.670000E-8	0.002209
6.675000E-8	0.002156
6.680000E-8	0.002141
6.685000E-8	0.001959
6.690000E-8	0.001894
6.695000E-8	0.001822
6.700000E-8	0.001625
6.705000E-8	0.001631
6.710000E-8	0.001566
6.715000E-8	0.001494
6.720000E-8	0.001597
6.725000E-8	0.001625
6.730000E-8	0.001731
6.735000E-8	0.001778
6.740000E-8	0.001888
6.745000E-8	0.001956
6.750000E-8	0.002041
6.755000E-8	0.002275
6.760000E-8	0.002237
6.765000E-8	0.002228
6.770000E-8	0.002138
6.775000E-8	0.001969
6.780000E-8	0.001909
6.785000E-8	0.001875
6.790000E-8	0.001728
6.795000E-8	0.001728
6.800000E-8	0.001644
6.805000E-8	0.001678
6.810000E-8	0.001766
6.815000E-8	0.001788
6.820000E-8	0.001881
6.825000E-8	0.002081
6.830000E-8	0.002153
6.835000E-8	0.002375
6.840000E-8	0.002366
6.845000E-8	0.002484
6.850000E-8	0.002484
6.855000E-8	0.002538
6.860000E-8	0.002431
6.865000E-8	0.002506
6.870000E-8	0.002453
6.875000E-8	0.002422
6.880000E-8	0.002237
6.885000E-8	0.002128
6.890000E-8	0.002041
6.895000E-8	0.001863
6.900000E-8	0.001747
6.905000E-8	0.001747
6.910000E-8	0.001725
6.915000E-8	0.001831
6.920000E-8	0.001869
6.925000E-8	0.001963
6.930000E-8	0.002031
6.935000E-8	0.002162
6.940000E-8	0.002247
6.945000E-8	0.002275
6.950000E-8	0.002284
6.955000E-8	0.002197
6.960000E-8	0.002109
6.965000E-8	0.002069
6.970000E-8	0.002063
6.975000E-8	0.001969
6.980000E-8	0.001866
6.985000E-8	0.001931
6.990000E-8	0.001769
6.995000E-8	0.001772
7.000000E-8	0.001784
7.005000E-8	0.001775
7.010000E-8	0.001759
7.015000E-8	0.001988
7.020000E-8	0.001959
7.025000E-8	0.002106
7.030000E-8	0.002128
7.035000E-8	0.002225
7.040000E-8	0.002231
7.045000E-8	0.002297
7.050000E-8	0.002384
7.055000E-8	0.002278
7.060000E-8	0.002188
7.065000E-8	0.002122
7.070000E-8	0.002056
7.075000E-8	0.002019
7.080000E-8	0.001878
7.085000E-8	0.001850
7.090000E-8	0.001713
7.095000E-8	0.001669
7.100000E-8	0.001491
7.105000E-8	0.001663
7.110000E-8	0.001709
7.115000E-8	0.001956
7.120000E-8	0.001969
7.125000E-8	0.002256
7.130000E-8	0.002259
7.135000E-8	0.002378
7.140000E-8	0.002369
7.145000E-8	0.002347
7.150000E-8	0.002241
7.155000E-8	0.002116
7.160000E-8	0.002056
7.165000E-8	0.001913
7.170000E-8	0.001697
7.175000E-8	0.001675
7.180000E-8	0.001603
7.185000E-8	0.001563
7.190000E-8	0.001731
7.195000E-8	0.001788
7.200000E-8	0.002003
7.205000E-8	0.002147
7.210000E-8	0.002241
7.215000E-8	0.002316
7.220000E-8	0.002341
7.225000E-8	0.002328
7.230000E-8	0.002378
7.235000E-8	0.002234
7.240000E-8	0.002106
7.245000E-8	0.002100
7.250000E-8	0.002072
7.255000E-8	0.002069
7.260000E-8	0.002063
7.265000E-8	0.002087
7.270000E-8	0.002028
7.275000E-8	0.002144
7.280000E-8	0.002100
7.285000E-8	0.002125
7.290000E-8	0.002153
7.295000E-8	0.002103
7.300000E-8	0.002166
7.305000E-8	0.002103
7.310000E-8	0.001969
7.315000E-8	0.002000
7.320000E-8	0.002009
7.325000E-8	0.002100
7.330000E-8	0.002072
7.335000E-8	0.002000
7.340000E-8	0.002006
7.345000E-8	0.001953
7.350000E-8	0.001909
7.355000E-8	0.001991
7.360000E-8	0.001850
7.365000E-8	0.001850
7.370000E-8	0.001725
7.375000E-8	0.001647
7.380000E-8	0.001663
7.385000E-8	0.001687
7.390000E-8	0.001825
7.395000E-8	0.001769
7.400000E-8	0.001687
7.405000E-8	0.001753
7.410000E-8	0.001838
7.415000E-8	0.001975
7.420000E-8	0.001941
7.425000E-8	0.002009
7.430000E-8	0.002009
7.435000E-8	0.002019
7.440000E-8	0.001988
7.445000E-8	0.001975
7.450000E-8	0.001816
7.455000E-8	0.001669
7.460000E-8	0.001584
7.465000E-8	0.001631
7.470000E-8	0.001666
7.475000E-8	0.001616
7.480000E-8	0.001581
7.485000E-8	0.001763
7.490000E-8	0.001838
7.495000E-8	0.001853
7.500000E-8	0.001900
7.505000E-8	0.002159
7.510000E-8	0.002166
7.515000E-8	0.002144
7.520000E-8	0.002141
7.525000E-8	0.002172
7.530000E-8	0.002166
7.535000E-8	0.002169
7.540000E-8	0.002016
7.545000E-8	0.002009
7.550000E-8	0.001931
7.555000E-8	0.001797
7.560000E-8	0.001744
7.565000E-8	0.001738
7.570000E-8	0.001678
7.575000E-8	0.001853
7.580000E-8	0.001853
7.585000E-8	0.001884
7.590000E-8	0.001944
7.595000E-8	0.002069
7.600000E-8	0.002131
7.605000E-8	0.002156
7.610000E-8	0.002200
7.615000E-8	0.002244
7.620000E-8	0.002175
7.625000E-8	0.002203
7.630000E-8	0.002066
7.635000E-8	0.002038
7.640000E-8	0.001928
7.645000E-8	0.001822
7.650000E-8	0.001678
7.655000E-8	0.001669
7.660000E-8	0.001619
7.665000E-8	0.001694
7.670000E-8	0.001638
7.675000E-8	0.001816
7.680000E-8	0.001894
7.685000E-8	0.002016
7.690000E-8	0.002012
7.695000E-8	0.002181
7.700000E-8	0.002266
7.705000E-8	0.002334
7.710000E-8	0.002366
7.715000E-8	0.002300
7.720000E-8	0.002169
7.725000E-8	0.002056
7.730000E-8	0.002028
7.735000E-8	0.001919
7.740000E-8	0.001775
7.745000E-8	0.001800
7.750000E-8	0.001706
7.755000E-8	0.001863
7.760000E-8	0.001788
7.765000E-8	0.001806
7.770000E-8	0.001928
7.775000E-8	0.001963
7.780000E-8	0.001959
7.785000E-8	0.001981
7.790000E-8	0.002113
7.795000E-8	0.002113
7.800000E-8	0.002056
7.805000E-8	0.002044
7.810000E-8	0.002025
7.815000E-8	0.002084
7.820000E-8	0.001975
7.825000E-8	0.002009
7.830000E-8	0.001888
7.835000E-8	0.001822
7.840000E-8	0.001869
7.845000E-8	0.001994
7.850000E-8	0.001947
7.855000E-8	0.001944
7.860000E-8	0.001931
7.865000E-8	0.001966
7.870000E-8	0.002041
7.875000E-8	0.002144
7.880000E-8	0.002275
7.885000E-8	0.002178
7.890000E-8	0.002100
7.895000E-8	0.002175
7.900000E-8	0.002069
7.905000E-8	0.002006
7.910000E-8	0.001903
7.915000E-8	0.001881
7.920000E-8	0.001853
7.925000E-8	0.001863
7.930000E-8	0.001869
7.935000E-8	0.001916
7.940000E-8	0.001953
7.945000E-8	0.002006
7.950000E-8	0.002000
7.955000E-8	0.002072
7.960000E-8	0.001981
7.965000E-8	0.002050
7.970000E-8	0.002028
7.975000E-8	0.001991
7.980000E-8	0.001928
7.985000E-8	0.001913
7.990000E-8	0.001959
7.995000E-8	0.002000
8.000000E-8	0.001975
8.005000E-8	0.002003
8.010000E-8	0.001956
8.015000E-8	0.002031
8.020000E-8	0.001950
8.025000E-8	0.001975
8.030000E-8	0.002034
8.035000E-8	0.002063
8.040000E-8	0.002025
8.045000E-8	0.001944
8.050000E-8	0.002006
8.055000E-8	0.002078
8.060000E-8	0.002131
8.065000E-8	0.002219
8.070000E-8	0.002281
8.075000E-8	0.002209
8.080000E-8	0.002363
8.085000E-8	0.002363
8.090000E-8	0.002291
8.095000E-8	0.002316
8.100000E-8	0.002275
8.105000E-8	0.002159
8.110000E-8	0.002053
8.115000E-8	0.001956
8.120000E-8	0.001775
8.125000E-8	0.001775
8.130000E-8	0.001763
8.135000E-8	0.001772
8.140000E-8	0.001794
8.145000E-8	0.001966
8.150000E-8	0.001966
8.155000E-8	0.002141
8.160000E-8	0.002078
8.165000E-8	0.002087
8.170000E-8	0.002113
8.175000E-8	0.002259
8.180000E-8	0.002234
8.185000E-8	0.002200
8.190000E-8	0.002069
8.195000E-8	0.002097
8.200000E-8	0.002009
8.205000E-8	0.002034
8.210000E-8	0.002050
8.215000E-8	0.001988
8.220000E-8	0.001903
8.225000E-8	0.002003
8.230000E-8	0.001894
8.235000E-8	0.002053
8.240000E-8	0.002047
8.245000E-8	0.002103
8.250000E-8	0.002309
8.255000E-8	0.002313
8.260000E-8	0.002175
8.265000E-8	0.002138
8.270000E-8	0.002125
8.275000E-8	0.002066
8.280000E-8	0.001956
8.285000E-8	0.001969
8.290000E-8	0.001784
8.295000E-8	0.001797
8.300000E-8	0.001625
8.305000E-8	0.001634
8.310000E-8	0.001687
8.315000E-8	0.001656
8.320000E-8	0.001697
8.325000E-8	0.001800
8.330000E-8	0.001966
8.335000E-8	0.002056
8.340000E-8	0.002103
8.345000E-8	0.002244
8.350000E-8	0.002253
8.355000E-8	0.002263
8.360000E-8	0.002269
8.365000E-8	0.002216
8.370000E-8	0.002144
8.375000E-8	0.002041
8.380000E-8	0.001925
8.385000E-8	0.001881
8.390000E-8	0.001856
8.395000E-8	0.001888
8.400000E-8	0.001991
8.405000E-8	0.002087
8.410000E-8	0.002125
8.415000E-8	0.002228
8.420000E-8	0.002206
8.425000E-8	0.002356
8.430000E-8	0.002294
8.435000E-8	0.002325
8.440000E-8	0.002356
8.445000E-8	0.002328
8.450000E-8	0.002247
8.455000E-8	0.002269
8.460000E-8	0.002188
8.465000E-8	0.002053
8.470000E-8	0.001991
8.475000E-8	0.002034
8.480000E-8	0.001950
8.485000E-8	0.002009
8.490000E-8	0.001988
8.495000E-8	0.001969
8.500000E-8	0.001941
8.505000E-8	0.001997
8.510000E-8	0.002031
8.515000E-8	0.002009
8.520000E-8	0.002000
8.525000E-8	0.002094
8.530000E-8	0.002034
8.535000E-8	0.002044
8.540000E-8	0.002081
8.545000E-8	0.002094
8.550000E-8	0.002041
8.555000E-8	0.001981
8.560000E-8	0.002053
8.565000E-8	0.002022
8.570000E-8	0.001997
8.575000E-8	0.002009
8.580000E-8	0.001838
8.585000E-8	0.001919
8.590000E-8	0.002022
8.595000E-8	0.002078
8.600000E-8	0.001997
8.605000E-8	0.002162
8.610000E-8	0.002225
8.615000E-8	0.002356
8.620000E-8	0.002363
8.625000E-8	0.002388
8.630000E-8	0.002391
8.635000E-8	0.002334
8.640000E-8	0.002297
8.645000E-8	0.002350
8.650000E-8	0.002322
8.655000E-8	0.002178
8.660000E-8	0.002097
8.665000E-8	0.002206
8.670000E-8	0.002097
8.675000E-8	0.002131
8.680000E-8	0.002069
8.685000E-8	0.002012
8.690000E-8	0.002000
8.695000E-8	0.002081
8.700000E-8	0.001994
8.705000E-8	0.002041
8.710000E-8	0.002041
8.715000E-8	0.002016
8.720000E-8	0.001906
8.725000E-8	0.001944
8.730000E-8	0.002003
8.735000E-8	0.002053
8.740000E-8	0.002006
8.745000E-8	0.002075
8.750000E-8	0.002188
8.755000E-8	0.002097
8.760000E-8	0.002144
8.765000E-8	0.002144
8.770000E-8	0.002128
8.775000E-8	0.001966
8.780000E-8	0.001975
8.785000E-8	0.001878
8.790000E-8	0.001831
8.795000E-8	0.001744
8.800000E-8	0.001822
8.805000E-8	0.001875
8.810000E-8	0.001819
8.815000E-8	0.001913
8.820000E-8	0.001966
8.825000E-8	0.002075
8.830000E-8	0.001928
8.835000E-8	0.002012
8.840000E-8	0.001950
8.845000E-8	0.002103
8.850000E-8	0.001975
8.855000E-8	0.001872
8.860000E-8	0.001897
8.865000E-8	0.001797
8.870000E-8	0.001872
8.875000E-8	0.001944
8.880000E-8	0.001838
8.885000E-8	0.001728
8.890000E-8	0.001825
8.895000E-8	0.001834
8.900000E-8	0.001775
8.905000E-8	0.001819
8.910000E-8	0.001794
8.915000E-8	0.001713
8.920000E-8	0.001778
8.925000E-8	0.001888
8.930000E-8	0.001850
8.935000E-8	0.001850
8.940000E-8	0.001984
8.945000E-8	0.002038
8.950000E-8	0.001972
8.955000E-8	0.002047
8.960000E-8	0.002022
8.965000E-8	0.002100
8.970000E-8	0.002122
8.975000E-8	0.002028
8.980000E-8	0.002078
8.985000E-8	0.002009
8.990000E-8	0.001963
8.995000E-8	0.001984
9.000000E-8	0.002003
9.005000E-8	0.002025
9.010000E-8	0.001975
9.015000E-8	0.001991
9.020000E-8	0.001972
9.025000E-8	0.001966
9.030000E-8	0.002097
9.035000E-8	0.002138
9.040000E-8	0.002059
9.045000E-8	0.001969
9.050000E-8	0.001978
9.055000E-8	0.001881
9.060000E-8	0.001825
9.065000E-8	0.001766
9.070000E-8	0.001756
9.075000E-8	0.001731
9.080000E-8	0.001628
9.085000E-8	0.001681
9.090000E-8	0.001694
9.095000E-8	0.001656
9.100000E-8	0.001575
9.105000E-8	0.001656
9.110000E-8	0.001544
9.115000E-8	0.001547
9.120000E-8	0.001675
9.125000E-8	0.001844
9.130000E-8	0.001753
9.135000E-8	0.001784
9.140000E-8	0.001775
9.145000E-8	0.001878
9.150000E-8	0.001913
9.155000E-8	0.001981
9.160000E-8	0.001919
9.165000E-8	0.001937
9.170000E-8	0.001953
9.175000E-8	0.002047
9.180000E-8	0.002009
9.185000E-8	0.002134
9.190000E-8	0.002250
9.195000E-8	0.002288
9.200000E-8	0.002206
9.205000E-8	0.002300
9.210000E-8	0.002181
9.215000E-8	0.002019
9.220000E-8	0.001900
9.225000E-8	0.001903
9.230000E-8	0.001875
9.235000E-8	0.001906
9.240000E-8	0.001856
9.245000E-8	0.001928
9.250000E-8	0.001897
9.255000E-8	0.002050
9.260000E-8	0.002128
9.265000E-8	0.002269
9.270000E-8	0.002244
9.275000E-8	0.002328
9.280000E-8	0.002291
9.285000E-8	0.002256
9.290000E-8	0.002150
9.295000E-8	0.002106
9.300000E-8	0.002081
9.305000E-8	0.002069
9.310000E-8	0.001975
9.315000E-8	0.001937
9.320000E-8	0.001928
9.325000E-8	0.002041
9.330000E-8	0.002044
9.335000E-8	0.002078
9.340000E-8	0.002125
9.345000E-8	0.002188
9.350000E-8	0.002253
9.355000E-8	0.002272
9.360000E-8	0.002291
9.365000E-8	0.002241
9.370000E-8	0.002162
9.375000E-8	0.002087
9.380000E-8	0.002012
9.385000E-8	0.002022
9.390000E-8	0.001906
9.395000E-8	0.001928
9.400000E-8	0.001847
9.405000E-8	0.001878
9.410000E-8	0.001844
9.415000E-8	0.001956
9.420000E-8	0.001916
9.425000E-8	0.001909
9.430000E-8	0.001897
9.435000E-8	0.001853
9.440000E-8	0.001937
9.445000E-8	0.001950
9.450000E-8	0.001978
9.455000E-8	0.001937
9.460000E-8	0.001928
9.465000E-8	0.001972
9.470000E-8	0.002009
9.475000E-8	0.002012
9.480000E-8	0.002028
9.485000E-8	0.002066
9.490000E-8	0.002038
9.495000E-8	0.002200
9.500000E-8	0.002159
9.505000E-8	0.002138
9.510000E-8	0.002078
9.515000E-8	0.002141
9.520000E-8	0.002044
9.525000E-8	0.002094
9.530000E-8	0.002213
9.535000E-8	0.002209
9.540000E-8	0.002216
9.545000E-8	0.002303
9.550000E-8	0.002275
9.555000E-8	0.002222
9.560000E-8	0.002194
9.565000E-8	0.002166
9.570000E-8	0.002044
9.575000E-8	0.002019
9.580000E-8	0.001969
9.585000E-8	0.001928
9.590000E-8	0.001703
9.595000E-8	0.001813
9.600000E-8	0.001747
9.605000E-8	0.001778
9.610000E-8	0.001731
9.615000E-8	0.001759
9.620000E-8	0.001750
9.625000E-8	0.001788
9.630000E-8	0.001838
9.635000E-8	0.001884
9.640000E-8	0.001947
9.645000E-8	0.002006
9.650000E-8	0.002025
9.655000E-8	0.002028
9.660000E-8	0.002000
9.665000E-8	0.001875
9.670000E-8	0.001838
9.675000E-8	0.001797
9.680000E-8	0.001784
9.685000E-8	0.001713
9.690000E-8	0.001609
9.695000E-8	0.001612
9.700000E-8	0.001578
9.705000E-8	0.001516
9.710000E-8	0.001647
9.715000E-8	0.001681
9.720000E-8	0.001631
9.725000E-8	0.001806
9.730000E-8	0.001934
9.735000E-8	0.002059
9.740000E-8	0.002106
9.745000E-8	0.002197
9.750000E-8	0.002116
9.755000E-8	0.002234
9.760000E-8	0.002237
9.765000E-8	0.002169
9.770000E-8	0.002038
9.775000E-8	0.002009
9.780000E-8	0.001956
9.785000E-8	0.001881
9.790000E-8	0.001753
9.795000E-8	0.001697
9.800000E-8	0.001659
9.805000E-8	0.001753
9.810000E-8	0.001806
9.815000E-8	0.001875
9.820000E-8	0.001928
9.825000E-8	0.002063
9.830000E-8	0.002159
9.835000E-8	0.002294
9.840000E-8	0.002247
9.845000E-8	0.002256
9.850000E-8	0.002169
9.855000E-8	0.002100
9.860000E-8	0.002087
9.865000E-8	0.001937
9.870000E-8	0.001934
9.875000E-8	0.001913
9.880000E-8	0.001834
9.885000E-8	0.001831
9.890000E-8	0.001900
9.895000E-8	0.001953
9.900000E-8	0.001994
9.905000E-8	0.002097
9.910000E-8	0.002116
9.915000E-8	0.002019
9.920000E-8	0.001937
9.925000E-8	0.001950
9.930000E-8	0.002012
9.935000E-8	0.001919
9.940000E-8	0.001937
9.945000E-8	0.001956
9.950000E-8	0.001963
9.955000E-8	0.001984
9.960000E-8	0.001888
9.965000E-8	0.001944
9.970000E-8	0.001969
9.975000E-8	0.001866
9.980000E-8	0.001772
9.985000E-8	0.001781
9.990000E-8	0.001822
9.995000E-8	0.001838
