LabVIEW Measurement	
Writer_Version	2
Reader_Version	2
Separator	Tab
Decimal_Separator	.
Multi_Headings	No
X_Columns	Multi
Time_Pref	Relative
Operator	TG lab
Date	2015/03/07
Time	11:00:53.2272448539733886719
***End_of_Header***	
	
Channels	1	
Samples	2000	
Date	1903/12/31	
Time	19:00:00	
X_Dimension	Time	
X0	0.0000000000000000E+0	
Delta_X	5.000000E-11	
***End_of_Header***		
X_Value	Untitled	Comment
0.000000	0.001770
5.000000E-11	0.001847
1.000000E-10	0.001848
1.500000E-10	0.001880
2.000000E-10	0.001909
2.500000E-10	0.001931
3.000000E-10	0.001936
3.500000E-10	0.001891
4.000000E-10	0.001797
4.500000E-10	0.001902
5.000000E-10	0.001803
5.500000E-10	0.001866
6.000000E-10	0.001909
6.500000E-10	0.001898
7.000000E-10	0.001870
7.500000E-10	0.001892
8.000000E-10	0.001891
8.500000E-10	0.001817
9.000000E-10	0.001856
9.500000E-10	0.001738
1.000000E-9	0.001638
1.050000E-9	0.001606
1.100000E-9	0.001552
1.150000E-9	0.001450
1.200000E-9	0.001481
1.250000E-9	0.001530
1.300000E-9	0.001483
1.350000E-9	0.001527
1.400000E-9	0.001520
1.450000E-9	0.001561
1.500000E-9	0.001492
1.550000E-9	0.001517
1.600000E-9	0.001502
1.650000E-9	0.001483
1.700000E-9	0.001384
1.750000E-9	0.001461
1.800000E-9	0.001380
1.850000E-9	0.001381
1.900000E-9	0.001261
1.950000E-9	0.001269
2.000000E-9	0.001242
2.050000E-9	0.001256
2.100000E-9	0.001206
2.150000E-9	0.001227
2.200000E-9	0.001277
2.250000E-9	0.001242
2.300000E-9	0.001373
2.350000E-9	0.001445
2.400000E-9	0.001505
2.450000E-9	0.001614
2.500000E-9	0.001648
2.550000E-9	0.001736
2.600000E-9	0.001831
2.650000E-9	0.001808
2.700000E-9	0.001822
2.750000E-9	0.001848
2.800000E-9	0.001820
2.850000E-9	0.001761
2.900000E-9	0.001611
2.950000E-9	0.001598
3.000000E-9	0.001541
3.050000E-9	0.001513
3.100000E-9	0.001527
3.150000E-9	0.001511
3.200000E-9	0.001489
3.250000E-9	0.001577
3.300000E-9	0.001563
3.350000E-9	0.001597
3.400000E-9	0.001580
3.450000E-9	0.001528
3.500000E-9	0.001386
3.550000E-9	0.001355
3.600000E-9	0.001269
3.650000E-9	0.001189
3.700000E-9	0.001198
3.750000E-9	0.001247
3.800000E-9	0.001252
3.850000E-9	0.001372
3.900000E-9	0.001398
3.950000E-9	0.001519
4.000000E-9	0.001514
4.050000E-9	0.001556
4.100000E-9	0.001517
4.150000E-9	0.001488
4.200000E-9	0.001338
4.250000E-9	0.001288
4.300000E-9	0.001202
4.350000E-9	0.001167
4.400000E-9	0.001144
4.450000E-9	0.001191
4.500000E-9	0.001242
4.550000E-9	0.001284
4.600000E-9	0.001227
4.650000E-9	0.001163
4.700000E-9	0.001019
4.750000E-9	0.000598
4.800000E-9	2.500000E-5
4.850000E-9	-0.000791
4.900000E-9	-0.001889
4.950000E-9	-0.003230
5.000000E-9	-0.004909
5.050000E-9	-0.006702
5.100000E-9	-0.008647
5.150000E-9	-0.010706
5.200000E-9	-0.012669
5.250000E-9	-0.014542
5.300000E-9	-0.016330
5.350000E-9	-0.017669
5.400000E-9	-0.018830
5.450000E-9	-0.019591
5.500000E-9	-0.020006
5.550000E-9	-0.019986
5.600000E-9	-0.019580
5.650000E-9	-0.018812
5.700000E-9	-0.017770
5.750000E-9	-0.016530
5.800000E-9	-0.015125
5.850000E-9	-0.013820
5.900000E-9	-0.012578
5.950000E-9	-0.011484
6.000000E-9	-0.010706
6.050000E-9	-0.010252
6.100000E-9	-0.010134
6.150000E-9	-0.010228
6.200000E-9	-0.010659
6.250000E-9	-0.011105
6.300000E-9	-0.011681
6.350000E-9	-0.012158
6.400000E-9	-0.012472
6.450000E-9	-0.012639
6.500000E-9	-0.012442
6.550000E-9	-0.011936
6.600000E-9	-0.011231
6.650000E-9	-0.010317
6.700000E-9	-0.009209
6.750000E-9	-0.008069
6.800000E-9	-0.006956
6.850000E-9	-0.005900
6.900000E-9	-0.005122
6.950000E-9	-0.004525
7.000000E-9	-0.004245
7.050000E-9	-0.004294
7.100000E-9	-0.004550
7.150000E-9	-0.005022
7.200000E-9	-0.005627
7.250000E-9	-0.006283
7.300000E-9	-0.006897
7.350000E-9	-0.007300
7.400000E-9	-0.007559
7.450000E-9	-0.007503
7.500000E-9	-0.007170
7.550000E-9	-0.006577
7.600000E-9	-0.005812
7.650000E-9	-0.004827
7.700000E-9	-0.003808
7.750000E-9	-0.002775
7.800000E-9	-0.001914
7.850000E-9	-0.001233
7.900000E-9	-0.000766
7.950000E-9	-0.000563
8.000000E-9	-0.000755
8.050000E-9	-0.001203
8.100000E-9	-0.001950
8.150000E-9	-0.002627
8.200000E-9	-0.003369
8.250000E-9	-0.004098
8.300000E-9	-0.004619
8.350000E-9	-0.004841
8.400000E-9	-0.004777
8.450000E-9	-0.004456
8.500000E-9	-0.003908
8.550000E-9	-0.002966
8.600000E-9	-0.001981
8.650000E-9	-0.000948
8.700000E-9	-6.093750E-5
8.750000E-9	0.000741
8.800000E-9	0.001272
8.850000E-9	0.001566
8.900000E-9	0.001456
8.950000E-9	0.001086
9.000000E-9	0.000412
9.050000E-9	-0.000302
9.100000E-9	-0.001173
9.150000E-9	-0.001958
9.200000E-9	-0.002705
9.250000E-9	-0.003197
9.300000E-9	-0.003381
9.350000E-9	-0.003300
9.400000E-9	-0.002895
9.450000E-9	-0.002302
9.500000E-9	-0.001470
9.550000E-9	-0.000541
9.600000E-9	0.000383
9.650000E-9	0.001244
9.700000E-9	0.001839
9.750000E-9	0.002272
9.800000E-9	0.002370
9.850000E-9	0.002172
9.900000E-9	0.001728
9.950000E-9	0.001075
1.000000E-8	0.000281
1.005000E-8	-0.000517
1.010000E-8	-0.001289
1.015000E-8	-0.001937
1.020000E-8	-0.002355
1.025000E-8	-0.002394
1.030000E-8	-0.002325
1.035000E-8	-0.001761
1.040000E-8	-0.001078
1.045000E-8	-0.000316
1.050000E-8	0.000625
1.055000E-8	0.001525
1.060000E-8	0.002255
1.065000E-8	0.002781
1.070000E-8	0.003034
1.075000E-8	0.003020
1.080000E-8	0.002680
1.085000E-8	0.002180
1.090000E-8	0.001400
1.095000E-8	0.000645
1.100000E-8	-0.000136
1.105000E-8	-0.000806
1.110000E-8	-0.001253
1.115000E-8	-0.001500
1.120000E-8	-0.001573
1.125000E-8	-0.001273
1.130000E-8	-0.000806
1.135000E-8	-8.437500E-5
1.140000E-8	0.000714
1.145000E-8	0.001612
1.150000E-8	0.002297
1.155000E-8	0.002936
1.160000E-8	0.003284
1.165000E-8	0.003409
1.170000E-8	0.003259
1.175000E-8	0.002875
1.180000E-8	0.002170
1.185000E-8	0.001423
1.190000E-8	0.000561
1.195000E-8	-0.000242
1.200000E-8	-0.000894
1.205000E-8	-0.001355
1.210000E-8	-0.001558
1.215000E-8	-0.001403
1.220000E-8	-0.001072
1.225000E-8	-0.000473
1.230000E-8	0.000283
1.235000E-8	0.001070
1.240000E-8	0.001838
1.245000E-8	0.002527
1.250000E-8	0.002969
1.255000E-8	0.003275
1.260000E-8	0.003308
1.265000E-8	0.003070
1.270000E-8	0.002591
1.275000E-8	0.001967
1.280000E-8	0.001208
1.285000E-8	0.000508
1.290000E-8	-0.000177
1.295000E-8	-0.000725
1.300000E-8	-0.001080
1.305000E-8	-0.001208
1.310000E-8	-0.001070
1.315000E-8	-0.000608
1.320000E-8	-2.187500E-5
1.325000E-8	0.000705
1.330000E-8	0.001517
1.335000E-8	0.002361
1.340000E-8	0.003069
1.345000E-8	0.003525
1.350000E-8	0.003803
1.355000E-8	0.003797
1.360000E-8	0.003436
1.365000E-8	0.002859
1.370000E-8	0.002128
1.375000E-8	0.001319
1.380000E-8	0.000555
1.385000E-8	-0.000163
1.390000E-8	-0.000719
1.395000E-8	-0.000975
1.400000E-8	-0.000938
1.405000E-8	-0.000631
1.410000E-8	-0.000161
1.415000E-8	0.000577
1.420000E-8	0.001313
1.425000E-8	0.002134
1.430000E-8	0.002752
1.435000E-8	0.003270
1.440000E-8	0.003538
1.445000E-8	0.003544
1.450000E-8	0.003313
1.455000E-8	0.002900
1.460000E-8	0.002283
1.465000E-8	0.001558
1.470000E-8	0.000838
1.475000E-8	0.000184
1.480000E-8	-0.000383
1.485000E-8	-0.000742
1.490000E-8	-0.000848
1.495000E-8	-0.000705
1.500000E-8	-0.000398
1.505000E-8	0.000106
1.510000E-8	0.000784
1.515000E-8	0.001461
1.520000E-8	0.002134
1.525000E-8	0.002658
1.530000E-8	0.003016
1.535000E-8	0.003197
1.540000E-8	0.003234
1.545000E-8	0.002988
1.550000E-8	0.002602
1.555000E-8	0.002138
1.560000E-8	0.001486
1.565000E-8	0.000911
1.570000E-8	0.000320
1.575000E-8	-9.843750E-5
1.580000E-8	-0.000314
1.585000E-8	-0.000398
1.590000E-8	-0.000128
1.595000E-8	0.000270
1.600000E-8	0.000852
1.605000E-8	0.001522
1.610000E-8	0.002277
1.615000E-8	0.002931
1.620000E-8	0.003459
1.625000E-8	0.003841
1.630000E-8	0.003966
1.635000E-8	0.003858
1.640000E-8	0.003517
1.645000E-8	0.002986
1.650000E-8	0.002334
1.655000E-8	0.001623
1.660000E-8	0.000917
1.665000E-8	0.000333
1.670000E-8	-0.000117
1.675000E-8	-0.000305
1.680000E-8	-0.000295
1.685000E-8	-3.125000E-6
1.690000E-8	0.000452
1.695000E-8	0.001038
1.700000E-8	0.001711
1.705000E-8	0.002394
1.710000E-8	0.002923
1.715000E-8	0.003422
1.720000E-8	0.003661
1.725000E-8	0.003711
1.730000E-8	0.003402
1.735000E-8	0.002989
1.740000E-8	0.002392
1.745000E-8	0.001684
1.750000E-8	0.000992
1.755000E-8	0.000339
1.760000E-8	-0.000181
1.765000E-8	-0.000484
1.770000E-8	-0.000634
1.775000E-8	-0.000480
1.780000E-8	-0.000105
1.785000E-8	0.000386
1.790000E-8	0.001000
1.795000E-8	0.001663
1.800000E-8	0.002311
1.805000E-8	0.002828
1.810000E-8	0.003152
1.815000E-8	0.003342
1.820000E-8	0.003239
1.825000E-8	0.002939
1.830000E-8	0.002477
1.835000E-8	0.001825
1.840000E-8	0.001192
1.845000E-8	0.000441
1.850000E-8	-0.000148
1.855000E-8	-0.000556
1.860000E-8	-0.000783
1.865000E-8	-0.000831
1.870000E-8	-0.000566
1.875000E-8	-9.218750E-5
1.880000E-8	0.000514
1.885000E-8	0.001214
1.890000E-8	0.001903
1.895000E-8	0.002548
1.900000E-8	0.003064
1.905000E-8	0.003409
1.910000E-8	0.003589
1.915000E-8	0.003486
1.920000E-8	0.003230
1.925000E-8	0.002742
1.930000E-8	0.002152
1.935000E-8	0.001491
1.940000E-8	0.000867
1.945000E-8	0.000258
1.950000E-8	-0.000148
1.955000E-8	-0.000294
1.960000E-8	-0.000341
1.965000E-8	-0.000119
1.970000E-8	0.000372
1.975000E-8	0.000911
1.980000E-8	0.001597
1.985000E-8	0.002269
1.990000E-8	0.002870
1.995000E-8	0.003286
2.000000E-8	0.003548
2.005000E-8	0.003584
2.010000E-8	0.003319
2.015000E-8	0.002953
2.020000E-8	0.002452
2.025000E-8	0.001881
2.030000E-8	0.001375
2.035000E-8	0.000777
2.040000E-8	0.000344
2.045000E-8	0.000113
2.050000E-8	-5.312500E-5
2.055000E-8	0.000102
2.060000E-8	0.000380
2.065000E-8	0.000809
2.070000E-8	0.001336
2.075000E-8	0.001892
2.080000E-8	0.002452
2.085000E-8	0.002919
2.090000E-8	0.003239
2.095000E-8	0.003391
2.100000E-8	0.003334
2.105000E-8	0.003036
2.110000E-8	0.002647
2.115000E-8	0.002108
2.120000E-8	0.001544
2.125000E-8	0.000989
2.130000E-8	0.000439
2.135000E-8	6.875000E-5
2.140000E-8	-0.000153
2.145000E-8	-0.000188
2.150000E-8	5.625000E-5
2.155000E-8	0.000419
2.160000E-8	0.000930
2.165000E-8	0.001522
2.170000E-8	0.002106
2.175000E-8	0.002662
2.180000E-8	0.003039
2.185000E-8	0.003288
2.190000E-8	0.003375
2.195000E-8	0.003209
2.200000E-8	0.002870
2.205000E-8	0.002405
2.210000E-8	0.001798
2.215000E-8	0.001161
2.220000E-8	0.000603
2.225000E-8	0.000206
2.230000E-8	-5.156250E-5
2.235000E-8	-0.000130
2.240000E-8	4.687500E-6
2.245000E-8	0.000327
2.250000E-8	0.000842
2.255000E-8	0.001419
2.260000E-8	0.002059
2.265000E-8	0.002605
2.270000E-8	0.003059
2.275000E-8	0.003455
2.280000E-8	0.003525
2.285000E-8	0.003472
2.290000E-8	0.003202
2.295000E-8	0.002806
2.300000E-8	0.002255
2.305000E-8	0.001738
2.310000E-8	0.001191
2.315000E-8	0.000666
2.320000E-8	0.000323
2.325000E-8	0.000105
2.330000E-8	-7.812500E-6
2.335000E-8	0.000194
2.340000E-8	0.000533
2.345000E-8	0.000936
2.350000E-8	0.001463
2.355000E-8	0.002011
2.360000E-8	0.002486
2.365000E-8	0.002906
2.370000E-8	0.003116
2.375000E-8	0.003159
2.380000E-8	0.003056
2.385000E-8	0.002683
2.390000E-8	0.002234
2.395000E-8	0.001761
2.400000E-8	0.001233
2.405000E-8	0.000731
2.410000E-8	0.000230
2.415000E-8	1.875000E-5
2.420000E-8	-0.000145
2.425000E-8	-9.062500E-5
2.430000E-8	8.281250E-5
2.435000E-8	0.000427
2.440000E-8	0.000816
2.445000E-8	0.001344
2.450000E-8	0.001838
2.455000E-8	0.002355
2.460000E-8	0.002636
2.465000E-8	0.002853
2.470000E-8	0.002970
2.475000E-8	0.002895
2.480000E-8	0.002647
2.485000E-8	0.002348
2.490000E-8	0.001898
2.495000E-8	0.001486
2.500000E-8	0.001092
2.505000E-8	0.000825
2.510000E-8	0.000492
2.515000E-8	0.000430
2.520000E-8	0.000525
2.525000E-8	0.000766
2.530000E-8	0.001075
2.535000E-8	0.001538
2.540000E-8	0.001963
2.545000E-8	0.002437
2.550000E-8	0.002797
2.555000E-8	0.003059
2.560000E-8	0.003095
2.565000E-8	0.003080
2.570000E-8	0.002828
2.575000E-8	0.002572
2.580000E-8	0.002119
2.585000E-8	0.001703
2.590000E-8	0.001280
2.595000E-8	0.000925
2.600000E-8	0.000625
2.605000E-8	0.000569
2.610000E-8	0.000627
2.615000E-8	0.000806
2.620000E-8	0.001119
2.625000E-8	0.001489
2.630000E-8	0.001838
2.635000E-8	0.002130
2.640000E-8	0.002489
2.645000E-8	0.002784
2.650000E-8	0.002902
2.655000E-8	0.002877
2.660000E-8	0.002767
2.665000E-8	0.002531
2.670000E-8	0.002145
2.675000E-8	0.001817
2.680000E-8	0.001350
2.685000E-8	0.000967
2.690000E-8	0.000536
2.695000E-8	0.000327
2.700000E-8	0.000198
2.705000E-8	0.000213
2.710000E-8	0.000345
2.715000E-8	0.000631
2.720000E-8	0.000909
2.725000E-8	0.001367
2.730000E-8	0.001687
2.735000E-8	0.002095
2.740000E-8	0.002391
2.745000E-8	0.002584
2.750000E-8	0.002642
2.755000E-8	0.002633
2.760000E-8	0.002455
2.765000E-8	0.002216
2.770000E-8	0.001803
2.775000E-8	0.001502
2.780000E-8	0.001116
2.785000E-8	0.000847
2.790000E-8	0.000631
2.795000E-8	0.000534
2.800000E-8	0.000595
2.805000E-8	0.000809
2.810000E-8	0.001020
2.815000E-8	0.001427
2.820000E-8	0.001845
2.825000E-8	0.002173
2.830000E-8	0.002553
2.835000E-8	0.002820
2.840000E-8	0.002963
2.845000E-8	0.002997
2.850000E-8	0.002798
2.855000E-8	0.002614
2.860000E-8	0.002259
2.865000E-8	0.001805
2.870000E-8	0.001455
2.875000E-8	0.001084
2.880000E-8	0.000714
2.885000E-8	0.000450
2.890000E-8	0.000367
2.895000E-8	0.000420
2.900000E-8	0.000553
2.905000E-8	0.000889
2.910000E-8	0.001284
2.915000E-8	0.001706
2.920000E-8	0.002153
2.925000E-8	0.002591
2.930000E-8	0.002805
2.935000E-8	0.002934
2.940000E-8	0.002973
2.945000E-8	0.002770
2.950000E-8	0.002483
2.955000E-8	0.002114
2.960000E-8	0.001603
2.965000E-8	0.001234
2.970000E-8	0.000836
2.975000E-8	0.000581
2.980000E-8	0.000477
2.985000E-8	0.000514
2.990000E-8	0.000723
2.995000E-8	0.001019
3.000000E-8	0.001342
3.005000E-8	0.001855
3.010000E-8	0.002248
3.015000E-8	0.002627
3.020000E-8	0.002884
3.025000E-8	0.003019
3.030000E-8	0.003086
3.035000E-8	0.003027
3.040000E-8	0.002748
3.045000E-8	0.002539
3.050000E-8	0.002111
3.055000E-8	0.001738
3.060000E-8	0.001405
3.065000E-8	0.001078
3.070000E-8	0.000845
3.075000E-8	0.000723
3.080000E-8	0.000725
3.085000E-8	0.000877
3.090000E-8	0.001150
3.095000E-8	0.001517
3.100000E-8	0.001931
3.105000E-8	0.002350
3.110000E-8	0.002739
3.115000E-8	0.003038
3.120000E-8	0.003227
3.125000E-8	0.003273
3.130000E-8	0.003130
3.135000E-8	0.002877
3.140000E-8	0.002553
3.145000E-8	0.002175
3.150000E-8	0.001734
3.155000E-8	0.001341
3.160000E-8	0.000997
3.165000E-8	0.000847
3.170000E-8	0.000733
3.175000E-8	0.000806
3.180000E-8	0.001006
3.185000E-8	0.001266
3.190000E-8	0.001644
3.195000E-8	0.002027
3.200000E-8	0.002319
3.205000E-8	0.002581
3.210000E-8	0.002745
3.215000E-8	0.002859
3.220000E-8	0.002745
3.225000E-8	0.002563
3.230000E-8	0.002245
3.235000E-8	0.001955
3.240000E-8	0.001564
3.245000E-8	0.001239
3.250000E-8	0.000886
3.255000E-8	0.000733
3.260000E-8	0.000564
3.265000E-8	0.000627
3.270000E-8	0.000663
3.275000E-8	0.000913
3.280000E-8	0.001191
3.285000E-8	0.001492
3.290000E-8	0.001863
3.295000E-8	0.002094
3.300000E-8	0.002342
3.305000E-8	0.002480
3.310000E-8	0.002492
3.315000E-8	0.002448
3.320000E-8	0.002323
3.325000E-8	0.001994
3.330000E-8	0.001689
3.335000E-8	0.001425
3.340000E-8	0.001125
3.345000E-8	0.000975
3.350000E-8	0.000811
3.355000E-8	0.000809
3.360000E-8	0.000939
3.365000E-8	0.001150
3.370000E-8	0.001416
3.375000E-8	0.001756
3.380000E-8	0.002089
3.385000E-8	0.002381
3.390000E-8	0.002620
3.395000E-8	0.002788
3.400000E-8	0.002797
3.405000E-8	0.002792
3.410000E-8	0.002611
3.415000E-8	0.002428
3.420000E-8	0.002092
3.425000E-8	0.001739
3.430000E-8	0.001422
3.435000E-8	0.001211
3.440000E-8	0.000981
3.445000E-8	0.000858
3.450000E-8	0.000791
3.455000E-8	0.000883
3.460000E-8	0.001070
3.465000E-8	0.001330
3.470000E-8	0.001556
3.475000E-8	0.001895
3.480000E-8	0.002225
3.485000E-8	0.002452
3.490000E-8	0.002603
3.495000E-8	0.002692
3.500000E-8	0.002730
3.505000E-8	0.002647
3.510000E-8	0.002394
3.515000E-8	0.002164
3.520000E-8	0.001848
3.525000E-8	0.001575
3.530000E-8	0.001383
3.535000E-8	0.001197
3.540000E-8	0.001091
3.545000E-8	0.001095
3.550000E-8	0.001164
3.555000E-8	0.001319
3.560000E-8	0.001552
3.565000E-8	0.001809
3.570000E-8	0.002073
3.575000E-8	0.002236
3.580000E-8	0.002488
3.585000E-8	0.002589
3.590000E-8	0.002527
3.595000E-8	0.002397
3.600000E-8	0.002255
3.605000E-8	0.002002
3.610000E-8	0.001708
3.615000E-8	0.001439
3.620000E-8	0.001189
3.625000E-8	0.000961
3.630000E-8	0.000903
3.635000E-8	0.000911
3.640000E-8	0.000988
3.645000E-8	0.001178
3.650000E-8	0.001361
3.655000E-8	0.001625
3.660000E-8	0.001916
3.665000E-8	0.002084
3.670000E-8	0.002292
3.675000E-8	0.002420
3.680000E-8	0.002461
3.685000E-8	0.002339
3.690000E-8	0.002247
3.695000E-8	0.002113
3.700000E-8	0.001836
3.705000E-8	0.001592
3.710000E-8	0.001328
3.715000E-8	0.001041
3.720000E-8	0.000814
3.725000E-8	0.000691
3.730000E-8	0.000611
3.735000E-8	0.000708
3.740000E-8	0.000836
3.745000E-8	0.001153
3.750000E-8	0.001423
3.755000E-8	0.001808
3.760000E-8	0.002164
3.765000E-8	0.002486
3.770000E-8	0.002719
3.775000E-8	0.002855
3.780000E-8	0.002766
3.785000E-8	0.002711
3.790000E-8	0.002489
3.795000E-8	0.002127
3.800000E-8	0.001788
3.805000E-8	0.001472
3.810000E-8	0.001200
3.815000E-8	0.001030
3.820000E-8	0.000898
3.825000E-8	0.000920
3.830000E-8	0.001083
3.835000E-8	0.001302
3.840000E-8	0.001597
3.845000E-8	0.001959
3.850000E-8	0.002189
3.855000E-8	0.002467
3.860000E-8	0.002636
3.865000E-8	0.002811
3.870000E-8	0.002816
3.875000E-8	0.002725
3.880000E-8	0.002528
3.885000E-8	0.002275
3.890000E-8	0.001983
3.895000E-8	0.001672
3.900000E-8	0.001331
3.905000E-8	0.001044
3.910000E-8	0.000809
3.915000E-8	0.000730
3.920000E-8	0.000700
3.925000E-8	0.000931
3.930000E-8	0.001064
3.935000E-8	0.001420
3.940000E-8	0.001747
3.945000E-8	0.002122
3.950000E-8	0.002347
3.955000E-8	0.002573
3.960000E-8	0.002680
3.965000E-8	0.002709
3.970000E-8	0.002569
3.975000E-8	0.002298
3.980000E-8	0.001994
3.985000E-8	0.001611
3.990000E-8	0.001253
3.995000E-8	0.001038
4.000000E-8	0.000825
4.005000E-8	0.000622
4.010000E-8	0.000606
4.015000E-8	0.000691
4.020000E-8	0.000884
4.025000E-8	0.001114
4.030000E-8	0.001383
4.035000E-8	0.001758
4.040000E-8	0.001964
4.045000E-8	0.002223
4.050000E-8	0.002402
4.055000E-8	0.002377
4.060000E-8	0.002298
4.065000E-8	0.002189
4.070000E-8	0.002031
4.075000E-8	0.001789
4.080000E-8	0.001508
4.085000E-8	0.001309
4.090000E-8	0.001109
4.095000E-8	0.001020
4.100000E-8	0.000922
4.105000E-8	0.001041
4.110000E-8	0.001064
4.115000E-8	0.001242
4.120000E-8	0.001445
4.125000E-8	0.001753
4.130000E-8	0.001936
4.135000E-8	0.002161
4.140000E-8	0.002325
4.145000E-8	0.002386
4.150000E-8	0.002364
4.155000E-8	0.002342
4.160000E-8	0.002162
4.165000E-8	0.001930
4.170000E-8	0.001702
4.175000E-8	0.001458
4.180000E-8	0.001191
4.185000E-8	0.001028
4.190000E-8	0.000925
4.195000E-8	0.000853
4.200000E-8	0.000880
4.205000E-8	0.001019
4.210000E-8	0.001219
4.215000E-8	0.001434
4.220000E-8	0.001686
4.225000E-8	0.001939
4.230000E-8	0.002084
4.235000E-8	0.002322
4.240000E-8	0.002381
4.245000E-8	0.002380
4.250000E-8	0.002269
4.255000E-8	0.002109
4.260000E-8	0.001880
4.265000E-8	0.001625
4.270000E-8	0.001348
4.275000E-8	0.001122
4.280000E-8	0.000895
4.285000E-8	0.000856
4.290000E-8	0.000823
4.295000E-8	0.000920
4.300000E-8	0.001070
4.305000E-8	0.001255
4.310000E-8	0.001541
4.315000E-8	0.001817
4.320000E-8	0.002000
4.325000E-8	0.002203
4.330000E-8	0.002305
4.335000E-8	0.002350
4.340000E-8	0.002266
4.345000E-8	0.002188
4.350000E-8	0.002009
4.355000E-8	0.001809
4.360000E-8	0.001591
4.365000E-8	0.001423
4.370000E-8	0.001248
4.375000E-8	0.001217
4.380000E-8	0.001178
4.385000E-8	0.001214
4.390000E-8	0.001208
4.395000E-8	0.001264
4.400000E-8	0.001381
4.405000E-8	0.001638
4.410000E-8	0.001811
4.415000E-8	0.002063
4.420000E-8	0.002144
4.425000E-8	0.002241
4.430000E-8	0.002294
4.435000E-8	0.002339
4.440000E-8	0.002139
4.445000E-8	0.001923
4.450000E-8	0.001695
4.455000E-8	0.001417
4.460000E-8	0.001152
4.465000E-8	0.001000
4.470000E-8	0.000830
4.475000E-8	0.000809
4.480000E-8	0.000895
4.485000E-8	0.001073
4.490000E-8	0.001309
4.495000E-8	0.001531
4.500000E-8	0.001800
4.505000E-8	0.002063
4.510000E-8	0.002202
4.515000E-8	0.002252
4.520000E-8	0.002248
4.525000E-8	0.002138
4.530000E-8	0.001933
4.535000E-8	0.001706
4.540000E-8	0.001452
4.545000E-8	0.001173
4.550000E-8	0.000961
4.555000E-8	0.000861
4.560000E-8	0.000716
4.565000E-8	0.000734
4.570000E-8	0.000814
4.575000E-8	0.000978
4.580000E-8	0.001175
4.585000E-8	0.001464
4.590000E-8	0.001711
4.595000E-8	0.002003
4.600000E-8	0.002219
4.605000E-8	0.002377
4.610000E-8	0.002484
4.615000E-8	0.002534
4.620000E-8	0.002391
4.625000E-8	0.002288
4.630000E-8	0.002023
4.635000E-8	0.001850
4.640000E-8	0.001605
4.645000E-8	0.001397
4.650000E-8	0.001245
4.655000E-8	0.001150
4.660000E-8	0.001192
4.665000E-8	0.001239
4.670000E-8	0.001388
4.675000E-8	0.001577
4.680000E-8	0.001772
4.685000E-8	0.001981
4.690000E-8	0.002198
4.695000E-8	0.002322
4.700000E-8	0.002363
4.705000E-8	0.002284
4.710000E-8	0.002213
4.715000E-8	0.002058
4.720000E-8	0.001881
4.725000E-8	0.001683
4.730000E-8	0.001445
4.735000E-8	0.001323
4.740000E-8	0.001158
4.745000E-8	0.001155
4.750000E-8	0.001147
4.755000E-8	0.001266
4.760000E-8	0.001327
4.765000E-8	0.001556
4.770000E-8	0.001648
4.775000E-8	0.001809
4.780000E-8	0.001975
4.785000E-8	0.002120
4.790000E-8	0.002184
4.795000E-8	0.002269
4.800000E-8	0.002308
4.805000E-8	0.002213
4.810000E-8	0.002105
4.815000E-8	0.001988
4.820000E-8	0.001853
4.825000E-8	0.001653
4.830000E-8	0.001477
4.835000E-8	0.001252
4.840000E-8	0.001139
4.845000E-8	0.001031
4.850000E-8	0.000989
4.855000E-8	0.001070
4.860000E-8	0.001094
4.865000E-8	0.001261
4.870000E-8	0.001425
4.875000E-8	0.001636
4.880000E-8	0.001844
4.885000E-8	0.001913
4.890000E-8	0.002027
4.895000E-8	0.002100
4.900000E-8	0.002073
4.905000E-8	0.002006
4.910000E-8	0.001855
4.915000E-8	0.001678
4.920000E-8	0.001533
4.925000E-8	0.001488
4.930000E-8	0.001336
4.935000E-8	0.001320
4.940000E-8	0.001234
4.945000E-8	0.001373
4.950000E-8	0.001456
4.955000E-8	0.001598
4.960000E-8	0.001773
4.965000E-8	0.001944
4.970000E-8	0.002033
4.975000E-8	0.002245
4.980000E-8	0.002273
4.985000E-8	0.002375
4.990000E-8	0.002325
4.995000E-8	0.002267
5.000000E-8	0.002089
5.005000E-8	0.001888
5.010000E-8	0.001630
5.015000E-8	0.001469
5.020000E-8	0.001280
5.025000E-8	0.001034
5.030000E-8	0.000919
5.035000E-8	0.000889
5.040000E-8	0.000839
5.045000E-8	0.000947
5.050000E-8	0.001016
5.055000E-8	0.001198
5.060000E-8	0.001433
5.065000E-8	0.001595
5.070000E-8	0.001764
5.075000E-8	0.002028
5.080000E-8	0.002091
5.085000E-8	0.002136
5.090000E-8	0.002130
5.095000E-8	0.002092
5.100000E-8	0.001966
5.105000E-8	0.001816
5.110000E-8	0.001619
5.115000E-8	0.001436
5.120000E-8	0.001316
5.125000E-8	0.001269
5.130000E-8	0.001216
5.135000E-8	0.001253
5.140000E-8	0.001313
5.145000E-8	0.001494
5.150000E-8	0.001755
5.155000E-8	0.001923
5.160000E-8	0.002092
5.165000E-8	0.002264
5.170000E-8	0.002372
5.175000E-8	0.002477
5.180000E-8	0.002466
5.185000E-8	0.002467
5.190000E-8	0.002336
5.195000E-8	0.002175
5.200000E-8	0.001973
5.205000E-8	0.001778
5.210000E-8	0.001598
5.215000E-8	0.001445
5.220000E-8	0.001303
5.225000E-8	0.001269
5.230000E-8	0.001303
5.235000E-8	0.001378
5.240000E-8	0.001483
5.245000E-8	0.001719
5.250000E-8	0.001900
5.255000E-8	0.002087
5.260000E-8	0.002219
5.265000E-8	0.002266
5.270000E-8	0.002317
5.275000E-8	0.002313
5.280000E-8	0.002197
5.285000E-8	0.002003
5.290000E-8	0.001847
5.295000E-8	0.001652
5.300000E-8	0.001442
5.305000E-8	0.001266
5.310000E-8	0.001141
5.315000E-8	0.001091
5.320000E-8	0.001156
5.325000E-8	0.001241
5.330000E-8	0.001270
5.335000E-8	0.001408
5.340000E-8	0.001569
5.345000E-8	0.001692
5.350000E-8	0.001805
5.355000E-8	0.001933
5.360000E-8	0.001931
5.365000E-8	0.001930
5.370000E-8	0.001863
5.375000E-8	0.001766
5.380000E-8	0.001653
5.385000E-8	0.001491
5.390000E-8	0.001314
5.395000E-8	0.001228
5.400000E-8	0.001136
5.405000E-8	0.001091
5.410000E-8	0.001003
5.415000E-8	0.001041
5.420000E-8	0.001088
5.425000E-8	0.001211
5.430000E-8	0.001341
5.435000E-8	0.001473
5.440000E-8	0.001577
5.445000E-8	0.001730
5.450000E-8	0.001816
5.455000E-8	0.001903
5.460000E-8	0.001927
5.465000E-8	0.001883
5.470000E-8	0.001816
5.475000E-8	0.001691
5.480000E-8	0.001561
5.485000E-8	0.001408
5.490000E-8	0.001228
5.495000E-8	0.001202
5.500000E-8	0.001158
5.505000E-8	0.001187
5.510000E-8	0.001247
5.515000E-8	0.001419
5.520000E-8	0.001619
5.525000E-8	0.001842
5.530000E-8	0.002038
5.535000E-8	0.002259
5.540000E-8	0.002327
5.545000E-8	0.002422
5.550000E-8	0.002353
5.555000E-8	0.002266
5.560000E-8	0.002055
5.565000E-8	0.001902
5.570000E-8	0.001673
5.575000E-8	0.001495
5.580000E-8	0.001355
5.585000E-8	0.001220
5.590000E-8	0.001153
5.595000E-8	0.001273
5.600000E-8	0.001345
5.605000E-8	0.001519
5.610000E-8	0.001628
5.615000E-8	0.001853
5.620000E-8	0.001969
5.625000E-8	0.002145
5.630000E-8	0.002250
5.635000E-8	0.002358
5.640000E-8	0.002342
5.645000E-8	0.002314
5.650000E-8	0.002241
5.655000E-8	0.002103
5.660000E-8	0.001978
5.665000E-8	0.001777
5.670000E-8	0.001608
5.675000E-8	0.001495
5.680000E-8	0.001419
5.685000E-8	0.001411
5.690000E-8	0.001391
5.695000E-8	0.001447
5.700000E-8	0.001567
5.705000E-8	0.001713
5.710000E-8	0.001863
5.715000E-8	0.002048
5.720000E-8	0.002127
5.725000E-8	0.002209
5.730000E-8	0.002178
5.735000E-8	0.002200
5.740000E-8	0.002180
5.745000E-8	0.002111
5.750000E-8	0.002031
5.755000E-8	0.001903
5.760000E-8	0.001856
5.765000E-8	0.001736
5.770000E-8	0.001639
5.775000E-8	0.001577
5.780000E-8	0.001422
5.785000E-8	0.001430
5.790000E-8	0.001411
5.795000E-8	0.001458
5.800000E-8	0.001541
5.805000E-8	0.001672
5.810000E-8	0.001791
5.815000E-8	0.001988
5.820000E-8	0.002102
5.825000E-8	0.002289
5.830000E-8	0.002328
5.835000E-8	0.002350
5.840000E-8	0.002294
5.845000E-8	0.002208
5.850000E-8	0.001959
5.855000E-8	0.001850
5.860000E-8	0.001569
5.865000E-8	0.001394
5.870000E-8	0.001281
5.875000E-8	0.001173
5.880000E-8	0.001130
5.885000E-8	0.001225
5.890000E-8	0.001320
5.895000E-8	0.001545
5.900000E-8	0.001702
5.905000E-8	0.001934
5.910000E-8	0.002094
5.915000E-8	0.002172
5.920000E-8	0.002141
5.925000E-8	0.002178
5.930000E-8	0.002014
5.935000E-8	0.001864
5.940000E-8	0.001659
5.945000E-8	0.001486
5.950000E-8	0.001327
5.955000E-8	0.001184
5.960000E-8	0.001063
5.965000E-8	0.001009
5.970000E-8	0.001039
5.975000E-8	0.001136
5.980000E-8	0.001203
5.985000E-8	0.001375
5.990000E-8	0.001513
5.995000E-8	0.001753
6.000000E-8	0.001903
6.005000E-8	0.002014
6.010000E-8	0.002106
6.015000E-8	0.002253
6.020000E-8	0.002227
6.025000E-8	0.002156
6.030000E-8	0.002073
6.035000E-8	0.001913
6.040000E-8	0.001738
6.045000E-8	0.001609
6.050000E-8	0.001522
6.055000E-8	0.001455
6.060000E-8	0.001453
6.065000E-8	0.001459
6.070000E-8	0.001556
6.075000E-8	0.001641
6.080000E-8	0.001772
6.085000E-8	0.001903
6.090000E-8	0.002038
6.095000E-8	0.002130
6.100000E-8	0.002195
6.105000E-8	0.002188
6.110000E-8	0.002227
6.115000E-8	0.002153
6.120000E-8	0.002050
6.125000E-8	0.001934
6.130000E-8	0.001745
6.135000E-8	0.001581
6.140000E-8	0.001447
6.145000E-8	0.001381
6.150000E-8	0.001320
6.155000E-8	0.001364
6.160000E-8	0.001366
6.165000E-8	0.001494
6.170000E-8	0.001572
6.175000E-8	0.001666
6.180000E-8	0.001839
6.185000E-8	0.001923
6.190000E-8	0.001945
6.195000E-8	0.001978
6.200000E-8	0.001861
6.205000E-8	0.001825
6.210000E-8	0.001658
6.215000E-8	0.001591
6.220000E-8	0.001473
6.225000E-8	0.001434
6.230000E-8	0.001314
6.235000E-8	0.001359
6.240000E-8	0.001333
6.245000E-8	0.001353
6.250000E-8	0.001394
6.255000E-8	0.001491
6.260000E-8	0.001541
6.265000E-8	0.001705
6.270000E-8	0.001747
6.275000E-8	0.001898
6.280000E-8	0.001945
6.285000E-8	0.002030
6.290000E-8	0.001984
6.295000E-8	0.002039
6.300000E-8	0.002016
6.305000E-8	0.001881
6.310000E-8	0.001753
6.315000E-8	0.001566
6.320000E-8	0.001522
6.325000E-8	0.001398
6.330000E-8	0.001380
6.335000E-8	0.001411
6.340000E-8	0.001408
6.345000E-8	0.001564
6.350000E-8	0.001716
6.355000E-8	0.001764
6.360000E-8	0.001877
6.365000E-8	0.001980
6.370000E-8	0.002016
6.375000E-8	0.002052
6.380000E-8	0.002030
6.385000E-8	0.001997
6.390000E-8	0.001980
6.395000E-8	0.001952
6.400000E-8	0.001833
6.405000E-8	0.001723
6.410000E-8	0.001723
6.415000E-8	0.001609
6.420000E-8	0.001538
6.425000E-8	0.001484
6.430000E-8	0.001450
6.435000E-8	0.001455
6.440000E-8	0.001533
6.445000E-8	0.001570
6.450000E-8	0.001681
6.455000E-8	0.001827
6.460000E-8	0.001961
6.465000E-8	0.002045
6.470000E-8	0.002087
6.475000E-8	0.002156
6.480000E-8	0.002172
6.485000E-8	0.002111
6.490000E-8	0.001972
6.495000E-8	0.001959
6.500000E-8	0.001814
6.505000E-8	0.001766
6.510000E-8	0.001636
6.515000E-8	0.001531
6.520000E-8	0.001422
6.525000E-8	0.001413
6.530000E-8	0.001323
6.535000E-8	0.001359
6.540000E-8	0.001342
6.545000E-8	0.001470
6.550000E-8	0.001547
6.555000E-8	0.001616
6.560000E-8	0.001728
6.565000E-8	0.001856
6.570000E-8	0.001939
6.575000E-8	0.001998
6.580000E-8	0.001961
6.585000E-8	0.001853
6.590000E-8	0.001770
6.595000E-8	0.001716
6.600000E-8	0.001594
6.605000E-8	0.001444
6.610000E-8	0.001370
6.615000E-8	0.001367
6.620000E-8	0.001350
6.625000E-8	0.001370
6.630000E-8	0.001480
6.635000E-8	0.001606
6.640000E-8	0.001761
6.645000E-8	0.001814
6.650000E-8	0.001952
6.655000E-8	0.001978
6.660000E-8	0.001997
6.665000E-8	0.002094
6.670000E-8	0.001975
6.675000E-8	0.001967
6.680000E-8	0.001784
6.685000E-8	0.001725
6.690000E-8	0.001633
6.695000E-8	0.001598
6.700000E-8	0.001561
6.705000E-8	0.001500
6.710000E-8	0.001528
6.715000E-8	0.001577
6.720000E-8	0.001600
6.725000E-8	0.001734
6.730000E-8	0.001736
6.735000E-8	0.001847
6.740000E-8	0.001848
6.745000E-8	0.001900
6.750000E-8	0.001859
6.755000E-8	0.001870
6.760000E-8	0.001780
6.765000E-8	0.001709
6.770000E-8	0.001612
6.775000E-8	0.001564
6.780000E-8	0.001450
6.785000E-8	0.001392
6.790000E-8	0.001313
6.795000E-8	0.001339
6.800000E-8	0.001366
6.805000E-8	0.001420
6.810000E-8	0.001473
6.815000E-8	0.001508
6.820000E-8	0.001566
6.825000E-8	0.001647
6.830000E-8	0.001678
6.835000E-8	0.001734
6.840000E-8	0.001809
6.845000E-8	0.001905
6.850000E-8	0.001897
6.855000E-8	0.001991
6.860000E-8	0.001998
6.865000E-8	0.001981
6.870000E-8	0.001958
6.875000E-8	0.001913
6.880000E-8	0.001820
6.885000E-8	0.001727
6.890000E-8	0.001611
6.895000E-8	0.001553
6.900000E-8	0.001483
6.905000E-8	0.001484
6.910000E-8	0.001547
6.915000E-8	0.001570
6.920000E-8	0.001663
6.925000E-8	0.001809
6.930000E-8	0.001878
6.935000E-8	0.002016
6.940000E-8	0.001998
6.945000E-8	0.002064
6.950000E-8	0.002003
6.955000E-8	0.001950
6.960000E-8	0.001866
6.965000E-8	0.001763
6.970000E-8	0.001573
6.975000E-8	0.001475
6.980000E-8	0.001369
6.985000E-8	0.001369
6.990000E-8	0.001314
6.995000E-8	0.001400
7.000000E-8	0.001422
7.005000E-8	0.001542
7.010000E-8	0.001641
7.015000E-8	0.001716
7.020000E-8	0.001825
7.025000E-8	0.001886
7.030000E-8	0.001947
7.035000E-8	0.001953
7.040000E-8	0.001830
7.045000E-8	0.001803
7.050000E-8	0.001723
7.055000E-8	0.001673
7.060000E-8	0.001530
7.065000E-8	0.001572
7.070000E-8	0.001538
7.075000E-8	0.001564
7.080000E-8	0.001659
7.085000E-8	0.001764
7.090000E-8	0.001855
7.095000E-8	0.002055
7.100000E-8	0.002166
7.105000E-8	0.002248
7.110000E-8	0.002302
7.115000E-8	0.002356
7.120000E-8	0.002306
7.125000E-8	0.002203
7.130000E-8	0.002067
7.135000E-8	0.001992
7.140000E-8	0.001809
7.145000E-8	0.001753
7.150000E-8	0.001608
7.155000E-8	0.001586
7.160000E-8	0.001538
7.165000E-8	0.001570
7.170000E-8	0.001578
7.175000E-8	0.001591
7.180000E-8	0.001570
7.185000E-8	0.001630
7.190000E-8	0.001719
7.195000E-8	0.001827
7.200000E-8	0.001914
7.205000E-8	0.001942
7.210000E-8	0.002039
7.215000E-8	0.002072
7.220000E-8	0.002095
7.225000E-8	0.002089
7.230000E-8	0.002011
7.235000E-8	0.001936
7.240000E-8	0.001823
7.245000E-8	0.001798
7.250000E-8	0.001747
7.255000E-8	0.001684
7.260000E-8	0.001667
7.265000E-8	0.001667
7.270000E-8	0.001581
7.275000E-8	0.001734
7.280000E-8	0.001834
7.285000E-8	0.001878
7.290000E-8	0.001877
7.295000E-8	0.001933
7.300000E-8	0.001948
7.305000E-8	0.001955
7.310000E-8	0.001891
7.315000E-8	0.001869
7.320000E-8	0.001761
7.325000E-8	0.001789
7.330000E-8	0.001708
7.335000E-8	0.001711
7.340000E-8	0.001698
7.345000E-8	0.001667
7.350000E-8	0.001678
7.355000E-8	0.001620
7.360000E-8	0.001575
7.365000E-8	0.001556
7.370000E-8	0.001519
7.375000E-8	0.001478
7.380000E-8	0.001584
7.385000E-8	0.001697
7.390000E-8	0.001775
7.395000E-8	0.001866
7.400000E-8	0.001952
7.405000E-8	0.002133
7.410000E-8	0.002136
7.415000E-8	0.002252
7.420000E-8	0.002195
7.425000E-8	0.002170
7.430000E-8	0.002108
7.435000E-8	0.002005
7.440000E-8	0.001892
7.445000E-8	0.001828
7.450000E-8	0.001687
7.455000E-8	0.001686
7.460000E-8	0.001650
7.465000E-8	0.001695
7.470000E-8	0.001731
7.475000E-8	0.001852
7.480000E-8	0.001880
7.485000E-8	0.001947
7.490000E-8	0.001966
7.495000E-8	0.002050
7.500000E-8	0.002023
7.505000E-8	0.002005
7.510000E-8	0.001920
7.515000E-8	0.001830
7.520000E-8	0.001741
7.525000E-8	0.001647
7.530000E-8	0.001548
7.535000E-8	0.001541
7.540000E-8	0.001517
7.545000E-8	0.001523
7.550000E-8	0.001541
7.555000E-8	0.001566
7.560000E-8	0.001612
7.565000E-8	0.001663
7.570000E-8	0.001730
7.575000E-8	0.001728
7.580000E-8	0.001742
7.585000E-8	0.001791
7.590000E-8	0.001763
7.595000E-8	0.001811
7.600000E-8	0.001739
7.605000E-8	0.001678
7.610000E-8	0.001555
7.615000E-8	0.001577
7.620000E-8	0.001464
7.625000E-8	0.001439
7.630000E-8	0.001347
7.635000E-8	0.001389
7.640000E-8	0.001352
7.645000E-8	0.001336
7.650000E-8	0.001261
7.655000E-8	0.001308
7.660000E-8	0.001358
7.665000E-8	0.001419
7.670000E-8	0.001514
7.675000E-8	0.001542
7.680000E-8	0.001563
7.685000E-8	0.001630
7.690000E-8	0.001664
7.695000E-8	0.001653
7.700000E-8	0.001670
7.705000E-8	0.001675
7.710000E-8	0.001588
7.715000E-8	0.001486
7.720000E-8	0.001500
7.725000E-8	0.001464
7.730000E-8	0.001377
7.735000E-8	0.001441
7.740000E-8	0.001414
7.745000E-8	0.001455
7.750000E-8	0.001525
7.755000E-8	0.001577
7.760000E-8	0.001647
7.765000E-8	0.001756
7.770000E-8	0.001733
7.775000E-8	0.001900
7.780000E-8	0.001884
7.785000E-8	0.001900
7.790000E-8	0.001823
7.795000E-8	0.001878
7.800000E-8	0.001844
7.805000E-8	0.001802
7.810000E-8	0.001691
7.815000E-8	0.001669
7.820000E-8	0.001631
7.825000E-8	0.001566
7.830000E-8	0.001548
7.835000E-8	0.001491
7.840000E-8	0.001525
7.845000E-8	0.001559
7.850000E-8	0.001550
7.855000E-8	0.001623
7.860000E-8	0.001641
7.865000E-8	0.001634
7.870000E-8	0.001655
7.875000E-8	0.001752
7.880000E-8	0.001714
7.885000E-8	0.001747
7.890000E-8	0.001708
7.895000E-8	0.001648
7.900000E-8	0.001592
7.905000E-8	0.001553
7.910000E-8	0.001500
7.915000E-8	0.001425
7.920000E-8	0.001394
7.925000E-8	0.001416
7.930000E-8	0.001408
7.935000E-8	0.001373
7.940000E-8	0.001445
7.945000E-8	0.001497
7.950000E-8	0.001561
7.955000E-8	0.001677
7.960000E-8	0.001663
7.965000E-8	0.001717
7.970000E-8	0.001705
7.975000E-8	0.001647
7.980000E-8	0.001584
7.985000E-8	0.001525
7.990000E-8	0.001423
7.995000E-8	0.001409
8.000000E-8	0.001320
8.005000E-8	0.001347
8.010000E-8	0.001333
8.015000E-8	0.001347
8.020000E-8	0.001425
8.025000E-8	0.001419
8.030000E-8	0.001416
8.035000E-8	0.001550
8.040000E-8	0.001539
8.045000E-8	0.001614
8.050000E-8	0.001672
8.055000E-8	0.001698
8.060000E-8	0.001772
8.065000E-8	0.001769
8.070000E-8	0.001755
8.075000E-8	0.001786
8.080000E-8	0.001784
8.085000E-8	0.001797
8.090000E-8	0.001828
8.095000E-8	0.001864
8.100000E-8	0.001870
8.105000E-8	0.001856
8.110000E-8	0.001831
8.115000E-8	0.001842
8.120000E-8	0.001834
8.125000E-8	0.001783
8.130000E-8	0.001731
8.135000E-8	0.001789
8.140000E-8	0.001814
8.145000E-8	0.001813
8.150000E-8	0.001767
8.155000E-8	0.001755
8.160000E-8	0.001734
8.165000E-8	0.001739
8.170000E-8	0.001683
8.175000E-8	0.001628
8.180000E-8	0.001569
8.185000E-8	0.001503
8.190000E-8	0.001506
8.195000E-8	0.001506
8.200000E-8	0.001517
8.205000E-8	0.001497
8.210000E-8	0.001492
8.215000E-8	0.001620
8.220000E-8	0.001592
8.225000E-8	0.001656
8.230000E-8	0.001744
8.235000E-8	0.001758
8.240000E-8	0.001773
8.245000E-8	0.001844
8.250000E-8	0.001913
8.255000E-8	0.001864
8.260000E-8	0.001900
8.265000E-8	0.001897
8.270000E-8	0.001909
8.275000E-8	0.001848
8.280000E-8	0.001803
8.285000E-8	0.001689
8.290000E-8	0.001641
8.295000E-8	0.001656
8.300000E-8	0.001612
8.305000E-8	0.001605
8.310000E-8	0.001675
8.315000E-8	0.001778
8.320000E-8	0.001853
8.325000E-8	0.001952
8.330000E-8	0.001992
8.335000E-8	0.002016
8.340000E-8	0.002050
8.345000E-8	0.002063
8.350000E-8	0.002056
8.355000E-8	0.002002
8.360000E-8	0.001905
8.365000E-8	0.001828
8.370000E-8	0.001678
8.375000E-8	0.001661
8.380000E-8	0.001514
8.385000E-8	0.001489
8.390000E-8	0.001480
8.395000E-8	0.001458
8.400000E-8	0.001463
8.405000E-8	0.001473
8.410000E-8	0.001548
8.415000E-8	0.001544
8.420000E-8	0.001678
8.425000E-8	0.001675
8.430000E-8	0.001652
8.435000E-8	0.001714
8.440000E-8	0.001698
8.445000E-8	0.001692
8.450000E-8	0.001694
8.455000E-8	0.001733
8.460000E-8	0.001702
8.465000E-8	0.001675
8.470000E-8	0.001706
8.475000E-8	0.001675
8.480000E-8	0.001600
8.485000E-8	0.001606
8.490000E-8	0.001575
8.495000E-8	0.001545
8.500000E-8	0.001594
8.505000E-8	0.001630
8.510000E-8	0.001722
8.515000E-8	0.001806
8.520000E-8	0.001908
8.525000E-8	0.001897
8.530000E-8	0.001902
8.535000E-8	0.001897
8.540000E-8	0.001952
8.545000E-8	0.001937
8.550000E-8	0.001819
8.555000E-8	0.001827
8.560000E-8	0.001725
8.565000E-8	0.001647
8.570000E-8	0.001556
8.575000E-8	0.001500
8.580000E-8	0.001491
8.585000E-8	0.001516
8.590000E-8	0.001527
8.595000E-8	0.001628
8.600000E-8	0.001628
8.605000E-8	0.001791
8.610000E-8	0.001778
8.615000E-8	0.001825
8.620000E-8	0.001731
8.625000E-8	0.001698
8.630000E-8	0.001705
8.635000E-8	0.001683
8.640000E-8	0.001589
8.645000E-8	0.001542
8.650000E-8	0.001472
8.655000E-8	0.001436
8.660000E-8	0.001367
8.665000E-8	0.001356
8.670000E-8	0.001373
8.675000E-8	0.001372
8.680000E-8	0.001445
8.685000E-8	0.001488
8.690000E-8	0.001566
8.695000E-8	0.001600
8.700000E-8	0.001663
8.705000E-8	0.001783
8.710000E-8	0.001784
8.715000E-8	0.001781
8.720000E-8	0.001756
8.725000E-8	0.001644
8.730000E-8	0.001595
8.735000E-8	0.001528
8.740000E-8	0.001484
8.745000E-8	0.001453
8.750000E-8	0.001448
8.755000E-8	0.001514
8.760000E-8	0.001511
8.765000E-8	0.001630
8.770000E-8	0.001642
8.775000E-8	0.001705
8.780000E-8	0.001705
8.785000E-8	0.001663
8.790000E-8	0.001691
8.795000E-8	0.001584
8.800000E-8	0.001534
8.805000E-8	0.001508
8.810000E-8	0.001428
8.815000E-8	0.001394
8.820000E-8	0.001383
8.825000E-8	0.001378
8.830000E-8	0.001361
8.835000E-8	0.001491
8.840000E-8	0.001516
8.845000E-8	0.001578
8.850000E-8	0.001556
8.855000E-8	0.001748
8.860000E-8	0.001770
8.865000E-8	0.001805
8.870000E-8	0.001839
8.875000E-8	0.001828
8.880000E-8	0.001770
8.885000E-8	0.001684
8.890000E-8	0.001570
8.895000E-8	0.001552
8.900000E-8	0.001419
8.905000E-8	0.001400
8.910000E-8	0.001359
8.915000E-8	0.001463
8.920000E-8	0.001525
8.925000E-8	0.001611
8.930000E-8	0.001663
8.935000E-8	0.001745
8.940000E-8	0.001842
8.945000E-8	0.001831
8.950000E-8	0.001777
8.955000E-8	0.001753
8.960000E-8	0.001706
8.965000E-8	0.001681
8.970000E-8	0.001691
8.975000E-8	0.001670
8.980000E-8	0.001689
8.985000E-8	0.001789
8.990000E-8	0.001805
8.995000E-8	0.001805
9.000000E-8	0.001831
9.005000E-8	0.001889
9.010000E-8	0.001870
9.015000E-8	0.001769
9.020000E-8	0.001708
9.025000E-8	0.001616
9.030000E-8	0.001523
9.035000E-8	0.001497
9.040000E-8	0.001414
9.045000E-8	0.001433
9.050000E-8	0.001389
9.055000E-8	0.001533
9.060000E-8	0.001508
9.065000E-8	0.001638
9.070000E-8	0.001663
9.075000E-8	0.001758
9.080000E-8	0.001780
9.085000E-8	0.001888
9.090000E-8	0.001817
9.095000E-8	0.001831
9.100000E-8	0.001856
9.105000E-8	0.001866
9.110000E-8	0.001853
9.115000E-8	0.001792
9.120000E-8	0.001828
9.125000E-8	0.001775
9.130000E-8	0.001809
9.135000E-8	0.001863
9.140000E-8	0.001791
9.145000E-8	0.001805
9.150000E-8	0.001808
9.155000E-8	0.001831
9.160000E-8	0.001808
9.165000E-8	0.001805
9.170000E-8	0.001758
9.175000E-8	0.001784
9.180000E-8	0.001777
9.185000E-8	0.001736
9.190000E-8	0.001770
9.195000E-8	0.001778
9.200000E-8	0.001827
9.205000E-8	0.001883
9.210000E-8	0.001831
9.215000E-8	0.001836
9.220000E-8	0.001900
9.225000E-8	0.001973
9.230000E-8	0.001933
9.235000E-8	0.001934
9.240000E-8	0.001952
9.245000E-8	0.001970
9.250000E-8	0.002009
9.255000E-8	0.001973
9.260000E-8	0.001988
9.265000E-8	0.001963
9.270000E-8	0.001980
9.275000E-8	0.001992
9.280000E-8	0.001991
9.285000E-8	0.002012
9.290000E-8	0.001972
9.295000E-8	0.002025
9.300000E-8	0.001881
9.305000E-8	0.001811
9.310000E-8	0.001763
9.315000E-8	0.001648
9.320000E-8	0.001647
9.325000E-8	0.001572
9.330000E-8	0.001542
9.335000E-8	0.001527
9.340000E-8	0.001531
9.345000E-8	0.001567
9.350000E-8	0.001619
9.355000E-8	0.001597
9.360000E-8	0.001656
9.365000E-8	0.001692
9.370000E-8	0.001648
9.375000E-8	0.001730
9.380000E-8	0.001678
9.385000E-8	0.001727
9.390000E-8	0.001692
9.395000E-8	0.001720
9.400000E-8	0.001828
9.405000E-8	0.001870
9.410000E-8	0.001848
9.415000E-8	0.001884
9.420000E-8	0.001858
9.425000E-8	0.001916
9.430000E-8	0.001883
9.435000E-8	0.001923
9.440000E-8	0.001906
9.445000E-8	0.001977
9.450000E-8	0.001978
9.455000E-8	0.002000
9.460000E-8	0.001969
9.465000E-8	0.001928
9.470000E-8	0.001886
9.475000E-8	0.001850
9.480000E-8	0.001767
9.485000E-8	0.001648
9.490000E-8	0.001570
9.495000E-8	0.001534
9.500000E-8	0.001527
9.505000E-8	0.001541
9.510000E-8	0.001480
9.515000E-8	0.001581
9.520000E-8	0.001566
9.525000E-8	0.001636
9.530000E-8	0.001659
9.535000E-8	0.001664
9.540000E-8	0.001697
9.545000E-8	0.001669
9.550000E-8	0.001620
9.555000E-8	0.001606
9.560000E-8	0.001594
9.565000E-8	0.001617
9.570000E-8	0.001567
9.575000E-8	0.001558
9.580000E-8	0.001567
9.585000E-8	0.001480
9.590000E-8	0.001353
9.595000E-8	0.001333
9.600000E-8	0.001309
9.605000E-8	0.001344
9.610000E-8	0.001319
9.615000E-8	0.001367
9.620000E-8	0.001437
9.625000E-8	0.001541
9.630000E-8	0.001647
9.635000E-8	0.001744
9.640000E-8	0.001881
9.645000E-8	0.001947
9.650000E-8	0.001959
9.655000E-8	0.002055
9.660000E-8	0.002089
9.665000E-8	0.002077
9.670000E-8	0.002094
9.675000E-8	0.002022
9.680000E-8	0.001953
9.685000E-8	0.001889
9.690000E-8	0.001764
9.695000E-8	0.001639
9.700000E-8	0.001600
9.705000E-8	0.001523
9.710000E-8	0.001473
9.715000E-8	0.001464
9.720000E-8	0.001484
9.725000E-8	0.001519
9.730000E-8	0.001572
9.735000E-8	0.001612
9.740000E-8	0.001598
9.745000E-8	0.001641
9.750000E-8	0.001655
9.755000E-8	0.001689
9.760000E-8	0.001606
9.765000E-8	0.001698
9.770000E-8	0.001636
9.775000E-8	0.001666
9.780000E-8	0.001661
9.785000E-8	0.001647
9.790000E-8	0.001644
9.795000E-8	0.001687
9.800000E-8	0.001744
9.805000E-8	0.001761
9.810000E-8	0.001797
9.815000E-8	0.001878
9.820000E-8	0.001894
9.825000E-8	0.001892
9.830000E-8	0.001961
9.835000E-8	0.001911
9.840000E-8	0.001850
9.845000E-8	0.001791
9.850000E-8	0.001633
9.855000E-8	0.001520
9.860000E-8	0.001389
9.865000E-8	0.001380
9.870000E-8	0.001378
9.875000E-8	0.001430
9.880000E-8	0.001517
9.885000E-8	0.001636
9.890000E-8	0.001717
9.895000E-8	0.001784
9.900000E-8	0.001867
9.905000E-8	0.001856
9.910000E-8	0.001841
9.915000E-8	0.001767
9.920000E-8	0.001706
9.925000E-8	0.001589
9.930000E-8	0.001495
9.935000E-8	0.001456
9.940000E-8	0.001392
9.945000E-8	0.001314
9.950000E-8	0.001377
9.955000E-8	0.001370
9.960000E-8	0.001359
9.965000E-8	0.001455
9.970000E-8	0.001456
9.975000E-8	0.001563
9.980000E-8	0.001608
9.985000E-8	0.001655
9.990000E-8	0.001713
9.995000E-8	0.001806
