LabVIEW Measurement	
Writer_Version	2
Reader_Version	2
Separator	Tab
Decimal_Separator	.
Multi_Headings	No
X_Columns	Multi
Time_Pref	Relative
Operator	TG lab
Date	2015/03/07
Time	11:15:10.1302571296691894531
***End_of_Header***	
	
Channels	1	
Samples	2000	
Date	1903/12/31	
Time	19:00:00	
X_Dimension	Time	
X0	0.0000000000000000E+0	
Delta_X	5.000000E-11	
***End_of_Header***		
X_Value	Untitled	Comment
0.000000	0.001925
5.000000E-11	0.002113
1.000000E-10	0.002109
1.500000E-10	0.002059
2.000000E-10	0.002138
2.500000E-10	0.002147
3.000000E-10	0.002103
3.500000E-10	0.002063
4.000000E-10	0.001900
4.500000E-10	0.001991
5.000000E-10	0.001925
5.500000E-10	0.002025
6.000000E-10	0.001872
6.500000E-10	0.001872
7.000000E-10	0.001984
7.500000E-10	0.001937
8.000000E-10	0.002031
8.500000E-10	0.001959
9.000000E-10	0.001919
9.500000E-10	0.001822
1.000000E-9	0.001634
1.050000E-9	0.001700
1.100000E-9	0.001569
1.150000E-9	0.001522
1.200000E-9	0.001509
1.250000E-9	0.001484
1.300000E-9	0.001416
1.350000E-9	0.001538
1.400000E-9	0.001531
1.450000E-9	0.001634
1.500000E-9	0.001612
1.550000E-9	0.001663
1.600000E-9	0.001669
1.650000E-9	0.001678
1.700000E-9	0.001531
1.750000E-9	0.001719
1.800000E-9	0.001669
1.850000E-9	0.001659
1.900000E-9	0.001553
1.950000E-9	0.001719
2.000000E-9	0.001678
2.050000E-9	0.001831
2.100000E-9	0.001822
2.150000E-9	0.001925
2.200000E-9	0.001797
2.250000E-9	0.001913
2.300000E-9	0.001750
2.350000E-9	0.001828
2.400000E-9	0.001819
2.450000E-9	0.001791
2.500000E-9	0.001672
2.550000E-9	0.001828
2.600000E-9	0.001856
2.650000E-9	0.001922
2.700000E-9	0.002006
2.750000E-9	0.002044
2.800000E-9	0.002022
2.850000E-9	0.002156
2.900000E-9	0.002041
2.950000E-9	0.001925
3.000000E-9	0.001834
3.050000E-9	0.001678
3.100000E-9	0.001516
3.150000E-9	0.001428
3.200000E-9	0.001200
3.250000E-9	0.001187
3.300000E-9	0.001041
3.350000E-9	0.001038
3.400000E-9	0.001175
3.450000E-9	0.001153
3.500000E-9	0.001138
3.550000E-9	0.001278
3.600000E-9	0.001238
3.650000E-9	0.001334
3.700000E-9	0.001216
3.750000E-9	0.001234
3.800000E-9	0.001072
3.850000E-9	0.001050
3.900000E-9	0.000997
3.950000E-9	0.001047
4.000000E-9	0.001025
4.050000E-9	0.000963
4.100000E-9	0.000953
4.150000E-9	0.001022
4.200000E-9	0.001131
4.250000E-9	0.001322
4.300000E-9	0.001359
4.350000E-9	0.001478
4.400000E-9	0.001519
4.450000E-9	0.001725
4.500000E-9	0.001769
4.550000E-9	0.001850
4.600000E-9	0.001700
4.650000E-9	0.001819
4.700000E-9	0.001625
4.750000E-9	0.001413
4.800000E-9	0.000944
4.850000E-9	0.000359
4.900000E-9	-0.000488
4.950000E-9	-0.001441
5.000000E-9	-0.002688
5.050000E-9	-0.004203
5.100000E-9	-0.005922
5.150000E-9	-0.007603
5.200000E-9	-0.009734
5.250000E-9	-0.011603
5.300000E-9	-0.013469
5.350000E-9	-0.015122
5.400000E-9	-0.016709
5.450000E-9	-0.017531
5.500000E-9	-0.018263
5.550000E-9	-0.018416
5.600000E-9	-0.018169
5.650000E-9	-0.017466
5.700000E-9	-0.016509
5.750000E-9	-0.015175
5.800000E-9	-0.013728
5.850000E-9	-0.012428
5.900000E-9	-0.011194
5.950000E-9	-0.010028
6.000000E-9	-0.009344
6.050000E-9	-0.008969
6.100000E-9	-0.008941
6.150000E-9	-0.009113
6.200000E-9	-0.009719
6.250000E-9	-0.010188
6.300000E-9	-0.010797
6.350000E-9	-0.011244
6.400000E-9	-0.011650
6.450000E-9	-0.011709
6.500000E-9	-0.011600
6.550000E-9	-0.011069
6.600000E-9	-0.010444
6.650000E-9	-0.009547
6.700000E-9	-0.008409
6.750000E-9	-0.007350
6.800000E-9	-0.006344
6.850000E-9	-0.005325
6.900000E-9	-0.004522
6.950000E-9	-0.003906
7.000000E-9	-0.003675
7.050000E-9	-0.003650
7.100000E-9	-0.003884
7.150000E-9	-0.004281
7.200000E-9	-0.004884
7.250000E-9	-0.005500
7.300000E-9	-0.006153
7.350000E-9	-0.006506
7.400000E-9	-0.006894
7.450000E-9	-0.006731
7.500000E-9	-0.006469
7.550000E-9	-0.005894
7.600000E-9	-0.005206
7.650000E-9	-0.004269
7.700000E-9	-0.003353
7.750000E-9	-0.002416
7.800000E-9	-0.001578
7.850000E-9	-0.000872
7.900000E-9	-0.000569
7.950000E-9	-0.000400
8.000000E-9	-0.000513
8.050000E-9	-0.000838
8.100000E-9	-0.001409
8.150000E-9	-0.002066
8.200000E-9	-0.002741
8.250000E-9	-0.003203
8.300000E-9	-0.003800
8.350000E-9	-0.004094
8.400000E-9	-0.004116
8.450000E-9	-0.003919
8.500000E-9	-0.003447
8.550000E-9	-0.002662
8.600000E-9	-0.001900
8.650000E-9	-0.000934
8.700000E-9	-0.000109
8.750000E-9	0.000722
8.800000E-9	0.001275
8.850000E-9	0.001594
8.900000E-9	0.001584
8.950000E-9	0.001356
9.000000E-9	0.000844
9.050000E-9	7.812500E-5
9.100000E-9	-0.000569
9.150000E-9	-0.001328
9.200000E-9	-0.002128
9.250000E-9	-0.002647
9.300000E-9	-0.003081
9.350000E-9	-0.003016
9.400000E-9	-0.002772
9.450000E-9	-0.002259
9.500000E-9	-0.001531
9.550000E-9	-0.000572
9.600000E-9	0.000313
9.650000E-9	0.001116
9.700000E-9	0.001772
9.750000E-9	0.002197
9.800000E-9	0.002266
9.850000E-9	0.002175
9.900000E-9	0.001853
9.950000E-9	0.001303
1.000000E-8	0.000528
1.005000E-8	-0.000388
1.010000E-8	-0.001063
1.015000E-8	-0.001678
1.020000E-8	-0.002063
1.025000E-8	-0.002281
1.030000E-8	-0.002059
1.035000E-8	-0.001756
1.040000E-8	-0.001134
1.045000E-8	-0.000216
1.050000E-8	0.000566
1.055000E-8	0.001547
1.060000E-8	0.002175
1.065000E-8	0.002794
1.070000E-8	0.003094
1.075000E-8	0.003125
1.080000E-8	0.002888
1.085000E-8	0.002459
1.090000E-8	0.001819
1.095000E-8	0.001084
1.100000E-8	0.000191
1.105000E-8	-0.000434
1.110000E-8	-0.001056
1.115000E-8	-0.001437
1.120000E-8	-0.001556
1.125000E-8	-0.001362
1.130000E-8	-0.001031
1.135000E-8	-0.000416
1.140000E-8	0.000250
1.145000E-8	0.001106
1.150000E-8	0.001894
1.155000E-8	0.002500
1.160000E-8	0.003006
1.165000E-8	0.003347
1.170000E-8	0.003319
1.175000E-8	0.003238
1.180000E-8	0.002581
1.185000E-8	0.001850
1.190000E-8	0.001138
1.195000E-8	0.000425
1.200000E-8	-0.000319
1.205000E-8	-0.000772
1.210000E-8	-0.001194
1.215000E-8	-0.001328
1.220000E-8	-0.001109
1.225000E-8	-0.000691
1.230000E-8	-4.062500E-5
1.235000E-8	0.000678
1.240000E-8	0.001272
1.245000E-8	0.002034
1.250000E-8	0.002494
1.255000E-8	0.002869
1.260000E-8	0.002997
1.265000E-8	0.002934
1.270000E-8	0.002528
1.275000E-8	0.002063
1.280000E-8	0.001472
1.285000E-8	0.000756
1.290000E-8	-2.187500E-5
1.295000E-8	-0.000394
1.300000E-8	-0.000722
1.305000E-8	-0.000866
1.310000E-8	-0.000816
1.315000E-8	-0.000466
1.320000E-8	-1.250000E-5
1.325000E-8	0.000694
1.330000E-8	0.001350
1.335000E-8	0.002141
1.340000E-8	0.002622
1.345000E-8	0.003109
1.350000E-8	0.003384
1.355000E-8	0.003409
1.360000E-8	0.003225
1.365000E-8	0.002994
1.370000E-8	0.002331
1.375000E-8	0.001678
1.380000E-8	0.000969
1.385000E-8	0.000484
1.390000E-8	-0.000188
1.395000E-8	-0.000344
1.400000E-8	-0.000522
1.405000E-8	-0.000475
1.410000E-8	-0.000169
1.415000E-8	0.000409
1.420000E-8	0.000994
1.425000E-8	0.001628
1.430000E-8	0.002291
1.435000E-8	0.002928
1.440000E-8	0.003288
1.445000E-8	0.003503
1.450000E-8	0.003453
1.455000E-8	0.003363
1.460000E-8	0.002922
1.465000E-8	0.002363
1.470000E-8	0.001766
1.475000E-8	0.001038
1.480000E-8	0.000438
1.485000E-8	7.812500E-5
1.490000E-8	-0.000281
1.495000E-8	-0.000228
1.500000E-8	-8.750000E-5
1.505000E-8	0.000181
1.510000E-8	0.000772
1.515000E-8	0.001325
1.520000E-8	0.001963
1.525000E-8	0.002531
1.530000E-8	0.002963
1.535000E-8	0.003272
1.540000E-8	0.003378
1.545000E-8	0.003238
1.550000E-8	0.002888
1.555000E-8	0.002587
1.560000E-8	0.001894
1.565000E-8	0.001366
1.570000E-8	0.000753
1.575000E-8	0.000203
1.580000E-8	-0.000134
1.585000E-8	-0.000316
1.590000E-8	-0.000256
1.595000E-8	-6.250000E-5
1.600000E-8	0.000316
1.605000E-8	0.000988
1.610000E-8	0.001559
1.615000E-8	0.002297
1.620000E-8	0.002881
1.625000E-8	0.003316
1.630000E-8	0.003725
1.635000E-8	0.003925
1.640000E-8	0.003753
1.645000E-8	0.003544
1.650000E-8	0.003166
1.655000E-8	0.002566
1.660000E-8	0.001844
1.665000E-8	0.001222
1.670000E-8	0.000869
1.675000E-8	0.000588
1.680000E-8	0.000359
1.685000E-8	0.000422
1.690000E-8	0.000550
1.695000E-8	0.000928
1.700000E-8	0.001450
1.705000E-8	0.002156
1.710000E-8	0.002703
1.715000E-8	0.003281
1.720000E-8	0.003581
1.725000E-8	0.003731
1.730000E-8	0.003722
1.735000E-8	0.003450
1.740000E-8	0.003006
1.745000E-8	0.002466
1.750000E-8	0.001891
1.755000E-8	0.001303
1.760000E-8	0.000763
1.765000E-8	0.000338
1.770000E-8	-7.187500E-5
1.775000E-8	-0.000128
1.780000E-8	-0.000134
1.785000E-8	0.000237
1.790000E-8	0.000675
1.795000E-8	0.001225
1.800000E-8	0.001734
1.805000E-8	0.002325
1.810000E-8	0.002828
1.815000E-8	0.003106
1.820000E-8	0.003222
1.825000E-8	0.003291
1.830000E-8	0.003072
1.835000E-8	0.002722
1.840000E-8	0.002113
1.845000E-8	0.001684
1.850000E-8	0.001138
1.855000E-8	0.000569
1.860000E-8	0.000275
1.865000E-8	0.000188
1.870000E-8	5.000000E-5
1.875000E-8	0.000316
1.880000E-8	0.000519
1.885000E-8	0.000988
1.890000E-8	0.001553
1.895000E-8	0.002131
1.900000E-8	0.002669
1.905000E-8	0.003200
1.910000E-8	0.003356
1.915000E-8	0.003503
1.920000E-8	0.003434
1.925000E-8	0.003222
1.930000E-8	0.002853
1.935000E-8	0.002453
1.940000E-8	0.001803
1.945000E-8	0.001297
1.950000E-8	0.000788
1.955000E-8	0.000600
1.960000E-8	0.000369
1.965000E-8	0.000425
1.970000E-8	0.000531
1.975000E-8	0.000963
1.980000E-8	0.001453
1.985000E-8	0.001966
1.990000E-8	0.002525
1.995000E-8	0.002994
2.000000E-8	0.003263
2.005000E-8	0.003466
2.010000E-8	0.003441
2.015000E-8	0.003138
2.020000E-8	0.002850
2.025000E-8	0.002491
2.030000E-8	0.001944
2.035000E-8	0.001463
2.040000E-8	0.000831
2.045000E-8	0.000497
2.050000E-8	0.000181
2.055000E-8	0.000241
2.060000E-8	0.000353
2.065000E-8	0.000588
2.070000E-8	0.000909
2.075000E-8	0.001419
2.080000E-8	0.001919
2.085000E-8	0.002331
2.090000E-8	0.002759
2.095000E-8	0.003141
2.100000E-8	0.003216
2.105000E-8	0.003134
2.110000E-8	0.002859
2.115000E-8	0.002625
2.120000E-8	0.002025
2.125000E-8	0.001541
2.130000E-8	0.001134
2.135000E-8	0.000678
2.140000E-8	0.000344
2.145000E-8	0.000278
2.150000E-8	0.000281
2.155000E-8	0.000481
2.160000E-8	0.000819
2.165000E-8	0.001409
2.170000E-8	0.001866
2.175000E-8	0.002394
2.180000E-8	0.002806
2.185000E-8	0.003266
2.190000E-8	0.003494
2.195000E-8	0.003528
2.200000E-8	0.003331
2.205000E-8	0.003084
2.210000E-8	0.002675
2.215000E-8	0.002197
2.220000E-8	0.001678
2.225000E-8	0.001328
2.230000E-8	0.000925
2.235000E-8	0.000713
2.240000E-8	0.000600
2.245000E-8	0.000497
2.250000E-8	0.000678
2.255000E-8	0.001178
2.260000E-8	0.001463
2.265000E-8	0.001963
2.270000E-8	0.002309
2.275000E-8	0.002691
2.280000E-8	0.003066
2.285000E-8	0.003291
2.290000E-8	0.003253
2.295000E-8	0.003131
2.300000E-8	0.002722
2.305000E-8	0.002381
2.310000E-8	0.001925
2.315000E-8	0.001550
2.320000E-8	0.001066
2.325000E-8	0.000803
2.330000E-8	0.000553
2.335000E-8	0.000494
2.340000E-8	0.000622
2.345000E-8	0.000900
2.350000E-8	0.001184
2.355000E-8	0.001728
2.360000E-8	0.002159
2.365000E-8	0.002641
2.370000E-8	0.002984
2.375000E-8	0.003303
2.380000E-8	0.003475
2.385000E-8	0.003375
2.390000E-8	0.003081
2.395000E-8	0.002794
2.400000E-8	0.002234
2.405000E-8	0.001875
2.410000E-8	0.001444
2.415000E-8	0.000966
2.420000E-8	0.000709
2.425000E-8	0.000641
2.430000E-8	0.000647
2.435000E-8	0.000781
2.440000E-8	0.000972
2.445000E-8	0.001425
2.450000E-8	0.001656
2.455000E-8	0.002109
2.460000E-8	0.002534
2.465000E-8	0.002759
2.470000E-8	0.003022
2.475000E-8	0.003078
2.480000E-8	0.003053
2.485000E-8	0.002844
2.490000E-8	0.002475
2.495000E-8	0.002162
2.500000E-8	0.001763
2.505000E-8	0.001441
2.510000E-8	0.001194
2.515000E-8	0.000878
2.520000E-8	0.000631
2.525000E-8	0.000666
2.530000E-8	0.000713
2.535000E-8	0.001097
2.540000E-8	0.001434
2.545000E-8	0.001806
2.550000E-8	0.002113
2.555000E-8	0.002563
2.560000E-8	0.002800
2.565000E-8	0.003069
2.570000E-8	0.003131
2.575000E-8	0.003128
2.580000E-8	0.002822
2.585000E-8	0.002469
2.590000E-8	0.001972
2.595000E-8	0.001694
2.600000E-8	0.001253
2.605000E-8	0.000944
2.610000E-8	0.000647
2.615000E-8	0.000584
2.620000E-8	0.000609
2.625000E-8	0.000778
2.630000E-8	0.001012
2.635000E-8	0.001444
2.640000E-8	0.001741
2.645000E-8	0.002213
2.650000E-8	0.002509
2.655000E-8	0.002716
2.660000E-8	0.002759
2.665000E-8	0.002759
2.670000E-8	0.002641
2.675000E-8	0.002406
2.680000E-8	0.002000
2.685000E-8	0.001778
2.690000E-8	0.001606
2.695000E-8	0.001294
2.700000E-8	0.001103
2.705000E-8	0.001031
2.710000E-8	0.000888
2.715000E-8	0.001012
2.720000E-8	0.001016
2.725000E-8	0.001313
2.730000E-8	0.001566
2.735000E-8	0.001928
2.740000E-8	0.002288
2.745000E-8	0.002509
2.750000E-8	0.002728
2.755000E-8	0.002809
2.760000E-8	0.002838
2.765000E-8	0.002856
2.770000E-8	0.002631
2.775000E-8	0.002278
2.780000E-8	0.002022
2.785000E-8	0.001784
2.790000E-8	0.001353
2.795000E-8	0.001112
2.800000E-8	0.000956
2.805000E-8	0.000947
2.810000E-8	0.000994
2.815000E-8	0.001231
2.820000E-8	0.001478
2.825000E-8	0.001806
2.830000E-8	0.002069
2.835000E-8	0.002503
2.840000E-8	0.002609
2.845000E-8	0.002731
2.850000E-8	0.002800
2.855000E-8	0.002759
2.860000E-8	0.002647
2.865000E-8	0.002394
2.870000E-8	0.002016
2.875000E-8	0.001569
2.880000E-8	0.001278
2.885000E-8	0.001106
2.890000E-8	0.000853
2.895000E-8	0.000813
2.900000E-8	0.000781
2.905000E-8	0.001003
2.910000E-8	0.001238
2.915000E-8	0.001612
2.920000E-8	0.001725
2.925000E-8	0.002100
2.930000E-8	0.002359
2.935000E-8	0.002647
2.940000E-8	0.002753
2.945000E-8	0.002775
2.950000E-8	0.002609
2.955000E-8	0.002469
2.960000E-8	0.002178
2.965000E-8	0.001844
2.970000E-8	0.001647
2.975000E-8	0.001481
2.980000E-8	0.001244
2.985000E-8	0.001172
2.990000E-8	0.001006
2.995000E-8	0.001056
3.000000E-8	0.001138
3.005000E-8	0.001300
3.010000E-8	0.001563
3.015000E-8	0.001728
3.020000E-8	0.002038
3.025000E-8	0.002269
3.030000E-8	0.002481
3.035000E-8	0.002591
3.040000E-8	0.002491
3.045000E-8	0.002522
3.050000E-8	0.002413
3.055000E-8	0.002103
3.060000E-8	0.001741
3.065000E-8	0.001506
3.070000E-8	0.001191
3.075000E-8	0.001009
3.080000E-8	0.000888
3.085000E-8	0.000891
3.090000E-8	0.001031
3.095000E-8	0.001219
3.100000E-8	0.001522
3.105000E-8	0.001903
3.110000E-8	0.002066
3.115000E-8	0.002459
3.120000E-8	0.002547
3.125000E-8	0.002659
3.130000E-8	0.002631
3.135000E-8	0.002581
3.140000E-8	0.002378
3.145000E-8	0.002281
3.150000E-8	0.002003
3.155000E-8	0.001675
3.160000E-8	0.001441
3.165000E-8	0.001200
3.170000E-8	0.000941
3.175000E-8	0.000950
3.180000E-8	0.000888
3.185000E-8	0.001125
3.190000E-8	0.001272
3.195000E-8	0.001541
3.200000E-8	0.001697
3.205000E-8	0.002006
3.210000E-8	0.002181
3.215000E-8	0.002391
3.220000E-8	0.002500
3.225000E-8	0.002697
3.230000E-8	0.002641
3.235000E-8	0.002431
3.240000E-8	0.002138
3.245000E-8	0.002066
3.250000E-8	0.001800
3.255000E-8	0.001541
3.260000E-8	0.001253
3.265000E-8	0.001288
3.270000E-8	0.001153
3.275000E-8	0.001278
3.280000E-8	0.001306
3.285000E-8	0.001563
3.290000E-8	0.001669
3.295000E-8	0.001859
3.300000E-8	0.002153
3.305000E-8	0.002384
3.310000E-8	0.002350
3.315000E-8	0.002525
3.320000E-8	0.002472
3.325000E-8	0.002481
3.330000E-8	0.002400
3.335000E-8	0.002197
3.340000E-8	0.001900
3.345000E-8	0.001681
3.350000E-8	0.001484
3.355000E-8	0.001388
3.360000E-8	0.001156
3.365000E-8	0.001266
3.370000E-8	0.001219
3.375000E-8	0.001319
3.380000E-8	0.001500
3.385000E-8	0.001678
3.390000E-8	0.001981
3.395000E-8	0.002234
3.400000E-8	0.002422
3.405000E-8	0.002603
3.410000E-8	0.002625
3.415000E-8	0.002587
3.420000E-8	0.002500
3.425000E-8	0.002391
3.430000E-8	0.002066
3.435000E-8	0.001894
3.440000E-8	0.001591
3.445000E-8	0.001513
3.450000E-8	0.001400
3.455000E-8	0.001313
3.460000E-8	0.001313
3.465000E-8	0.001444
3.470000E-8	0.001609
3.475000E-8	0.001794
3.480000E-8	0.002050
3.485000E-8	0.002197
3.490000E-8	0.002463
3.495000E-8	0.002538
3.500000E-8	0.002516
3.505000E-8	0.002678
3.510000E-8	0.002506
3.515000E-8	0.002372
3.520000E-8	0.002256
3.525000E-8	0.002031
3.530000E-8	0.001709
3.535000E-8	0.001534
3.540000E-8	0.001297
3.545000E-8	0.001234
3.550000E-8	0.001066
3.555000E-8	0.001084
3.560000E-8	0.001153
3.565000E-8	0.001425
3.570000E-8	0.001606
3.575000E-8	0.001791
3.580000E-8	0.001988
3.585000E-8	0.002222
3.590000E-8	0.002363
3.595000E-8	0.002381
3.600000E-8	0.002394
3.605000E-8	0.002381
3.610000E-8	0.002059
3.615000E-8	0.002063
3.620000E-8	0.001741
3.625000E-8	0.001588
3.630000E-8	0.001375
3.635000E-8	0.001291
3.640000E-8	0.001184
3.645000E-8	0.001178
3.650000E-8	0.001219
3.655000E-8	0.001428
3.660000E-8	0.001463
3.665000E-8	0.001788
3.670000E-8	0.001978
3.675000E-8	0.002322
3.680000E-8	0.002391
3.685000E-8	0.002566
3.690000E-8	0.002638
3.695000E-8	0.002747
3.700000E-8	0.002581
3.705000E-8	0.002491
3.710000E-8	0.002222
3.715000E-8	0.002028
3.720000E-8	0.001725
3.725000E-8	0.001575
3.730000E-8	0.001516
3.735000E-8	0.001397
3.740000E-8	0.001406
3.745000E-8	0.001478
3.750000E-8	0.001591
3.755000E-8	0.001850
3.760000E-8	0.001956
3.765000E-8	0.002166
3.770000E-8	0.002272
3.775000E-8	0.002503
3.780000E-8	0.002484
3.785000E-8	0.002509
3.790000E-8	0.002416
3.795000E-8	0.002363
3.800000E-8	0.002250
3.805000E-8	0.002169
3.810000E-8	0.001903
3.815000E-8	0.001834
3.820000E-8	0.001612
3.825000E-8	0.001616
3.830000E-8	0.001609
3.835000E-8	0.001691
3.840000E-8	0.001622
3.845000E-8	0.001722
3.850000E-8	0.001894
3.855000E-8	0.002113
3.860000E-8	0.002156
3.865000E-8	0.002350
3.870000E-8	0.002494
3.875000E-8	0.002512
3.880000E-8	0.002425
3.885000E-8	0.002475
3.890000E-8	0.002409
3.895000E-8	0.002334
3.900000E-8	0.002134
3.905000E-8	0.002025
3.910000E-8	0.001719
3.915000E-8	0.001569
3.920000E-8	0.001347
3.925000E-8	0.001231
3.930000E-8	0.001238
3.935000E-8	0.001338
3.940000E-8	0.001500
3.945000E-8	0.001606
3.950000E-8	0.001738
3.955000E-8	0.001931
3.960000E-8	0.002119
3.965000E-8	0.002341
3.970000E-8	0.002463
3.975000E-8	0.002528
3.980000E-8	0.002434
3.985000E-8	0.002359
3.990000E-8	0.002175
3.995000E-8	0.002019
4.000000E-8	0.001747
4.005000E-8	0.001638
4.010000E-8	0.001434
4.015000E-8	0.001437
4.020000E-8	0.001275
4.025000E-8	0.001172
4.030000E-8	0.001191
4.035000E-8	0.001234
4.040000E-8	0.001403
4.045000E-8	0.001563
4.050000E-8	0.001750
4.055000E-8	0.002069
4.060000E-8	0.002100
4.065000E-8	0.002291
4.070000E-8	0.002309
4.075000E-8	0.002353
4.080000E-8	0.002181
4.085000E-8	0.002103
4.090000E-8	0.001931
4.095000E-8	0.001819
4.100000E-8	0.001625
4.105000E-8	0.001556
4.110000E-8	0.001434
4.115000E-8	0.001397
4.120000E-8	0.001406
4.125000E-8	0.001497
4.130000E-8	0.001550
4.135000E-8	0.001763
4.140000E-8	0.001913
4.145000E-8	0.002184
4.150000E-8	0.002316
4.155000E-8	0.002394
4.160000E-8	0.002453
4.165000E-8	0.002528
4.170000E-8	0.002466
4.175000E-8	0.002544
4.180000E-8	0.002319
4.185000E-8	0.002091
4.190000E-8	0.001931
4.195000E-8	0.001700
4.200000E-8	0.001594
4.205000E-8	0.001603
4.210000E-8	0.001566
4.215000E-8	0.001609
4.220000E-8	0.001628
4.225000E-8	0.001775
4.230000E-8	0.001747
4.235000E-8	0.002006
4.240000E-8	0.002144
4.245000E-8	0.002169
4.250000E-8	0.002253
4.255000E-8	0.002350
4.260000E-8	0.002344
4.265000E-8	0.002219
4.270000E-8	0.002087
4.275000E-8	0.001991
4.280000E-8	0.001775
4.285000E-8	0.001619
4.290000E-8	0.001469
4.295000E-8	0.001366
4.300000E-8	0.001197
4.305000E-8	0.001297
4.310000E-8	0.001300
4.315000E-8	0.001516
4.320000E-8	0.001619
4.325000E-8	0.001847
4.330000E-8	0.002125
4.335000E-8	0.002322
4.340000E-8	0.002478
4.345000E-8	0.002638
4.350000E-8	0.002709
4.355000E-8	0.002600
4.360000E-8	0.002519
4.365000E-8	0.002431
4.370000E-8	0.002247
4.375000E-8	0.002066
4.380000E-8	0.001937
4.385000E-8	0.001847
4.390000E-8	0.001547
4.395000E-8	0.001556
4.400000E-8	0.001553
4.405000E-8	0.001547
4.410000E-8	0.001628
4.415000E-8	0.001778
4.420000E-8	0.001959
4.425000E-8	0.002050
4.430000E-8	0.002116
4.435000E-8	0.002194
4.440000E-8	0.002106
4.445000E-8	0.002100
4.450000E-8	0.002050
4.455000E-8	0.002050
4.460000E-8	0.001916
4.465000E-8	0.001916
4.470000E-8	0.001841
4.475000E-8	0.001841
4.480000E-8	0.001622
4.485000E-8	0.001547
4.490000E-8	0.001509
4.495000E-8	0.001550
4.500000E-8	0.001591
4.505000E-8	0.001606
4.510000E-8	0.001813
4.515000E-8	0.002000
4.520000E-8	0.001978
4.525000E-8	0.002053
4.530000E-8	0.002109
4.535000E-8	0.002203
4.540000E-8	0.002244
4.545000E-8	0.002125
4.550000E-8	0.001997
4.555000E-8	0.001809
4.560000E-8	0.001638
4.565000E-8	0.001456
4.570000E-8	0.001284
4.575000E-8	0.001256
4.580000E-8	0.001141
4.585000E-8	0.001350
4.590000E-8	0.001456
4.595000E-8	0.001631
4.600000E-8	0.001697
4.605000E-8	0.001913
4.610000E-8	0.001978
4.615000E-8	0.002053
4.620000E-8	0.002094
4.625000E-8	0.002150
4.630000E-8	0.002119
4.635000E-8	0.002113
4.640000E-8	0.002063
4.645000E-8	0.001937
4.650000E-8	0.001853
4.655000E-8	0.001784
4.660000E-8	0.001441
4.665000E-8	0.001413
4.670000E-8	0.001341
4.675000E-8	0.001381
4.680000E-8	0.001472
4.685000E-8	0.001600
4.690000E-8	0.001563
4.695000E-8	0.001691
4.700000E-8	0.001850
4.705000E-8	0.001813
4.710000E-8	0.001909
4.715000E-8	0.002188
4.720000E-8	0.002059
4.725000E-8	0.002138
4.730000E-8	0.002175
4.735000E-8	0.002228
4.740000E-8	0.002059
4.745000E-8	0.001978
4.750000E-8	0.001722
4.755000E-8	0.001731
4.760000E-8	0.001584
4.765000E-8	0.001375
4.770000E-8	0.001278
4.775000E-8	0.001425
4.780000E-8	0.001316
4.785000E-8	0.001397
4.790000E-8	0.001488
4.795000E-8	0.001638
4.800000E-8	0.001738
4.805000E-8	0.001981
4.810000E-8	0.002097
4.815000E-8	0.002219
4.820000E-8	0.002150
4.825000E-8	0.002213
4.830000E-8	0.002103
4.835000E-8	0.002109
4.840000E-8	0.001913
4.845000E-8	0.001834
4.850000E-8	0.001722
4.855000E-8	0.001656
4.860000E-8	0.001516
4.865000E-8	0.001694
4.870000E-8	0.001725
4.875000E-8	0.001803
4.880000E-8	0.001853
4.885000E-8	0.001978
4.890000E-8	0.001997
4.895000E-8	0.002041
4.900000E-8	0.002156
4.905000E-8	0.002253
4.910000E-8	0.002294
4.915000E-8	0.002269
4.920000E-8	0.002119
4.925000E-8	0.001972
4.930000E-8	0.001913
4.935000E-8	0.001859
4.940000E-8	0.001650
4.945000E-8	0.001675
4.950000E-8	0.001525
4.955000E-8	0.001503
4.960000E-8	0.001447
4.965000E-8	0.001609
4.970000E-8	0.001641
4.975000E-8	0.001709
4.980000E-8	0.001772
4.985000E-8	0.002025
4.990000E-8	0.002166
4.995000E-8	0.002250
5.000000E-8	0.002219
5.005000E-8	0.002275
5.010000E-8	0.002144
5.015000E-8	0.002116
5.020000E-8	0.002038
5.025000E-8	0.001916
5.030000E-8	0.001703
5.035000E-8	0.001756
5.040000E-8	0.001616
5.045000E-8	0.001534
5.050000E-8	0.001563
5.055000E-8	0.001663
5.060000E-8	0.001625
5.065000E-8	0.001763
5.070000E-8	0.001741
5.075000E-8	0.001856
5.080000E-8	0.001897
5.085000E-8	0.001972
5.090000E-8	0.002025
5.095000E-8	0.002059
5.100000E-8	0.002084
5.105000E-8	0.002031
5.110000E-8	0.001791
5.115000E-8	0.001813
5.120000E-8	0.001838
5.125000E-8	0.001816
5.130000E-8	0.001716
5.135000E-8	0.001769
5.140000E-8	0.001766
5.145000E-8	0.001775
5.150000E-8	0.001687
5.155000E-8	0.001844
5.160000E-8	0.001934
5.165000E-8	0.002109
5.170000E-8	0.002184
5.175000E-8	0.002400
5.180000E-8	0.002441
5.185000E-8	0.002544
5.190000E-8	0.002569
5.195000E-8	0.002472
5.200000E-8	0.002322
5.205000E-8	0.002241
5.210000E-8	0.002075
5.215000E-8	0.002056
5.220000E-8	0.001872
5.225000E-8	0.001738
5.230000E-8	0.001597
5.235000E-8	0.001578
5.240000E-8	0.001569
5.245000E-8	0.001556
5.250000E-8	0.001509
5.255000E-8	0.001544
5.260000E-8	0.001534
5.265000E-8	0.001622
5.270000E-8	0.001809
5.275000E-8	0.001937
5.280000E-8	0.001966
5.285000E-8	0.002203
5.290000E-8	0.002228
5.295000E-8	0.002234
5.300000E-8	0.002172
5.305000E-8	0.002147
5.310000E-8	0.002128
5.315000E-8	0.002034
5.320000E-8	0.001841
5.325000E-8	0.001725
5.330000E-8	0.001681
5.335000E-8	0.001691
5.340000E-8	0.001553
5.345000E-8	0.001612
5.350000E-8	0.001547
5.355000E-8	0.001747
5.360000E-8	0.001937
5.365000E-8	0.002053
5.370000E-8	0.002034
5.375000E-8	0.002172
5.380000E-8	0.002159
5.385000E-8	0.002275
5.390000E-8	0.002159
5.395000E-8	0.002159
5.400000E-8	0.002003
5.405000E-8	0.002022
5.410000E-8	0.001825
5.415000E-8	0.001684
5.420000E-8	0.001591
5.425000E-8	0.001563
5.430000E-8	0.001572
5.435000E-8	0.001684
5.440000E-8	0.001750
5.445000E-8	0.001838
5.450000E-8	0.001866
5.455000E-8	0.002006
5.460000E-8	0.002153
5.465000E-8	0.002219
5.470000E-8	0.002119
5.475000E-8	0.002162
5.480000E-8	0.002044
5.485000E-8	0.001884
5.490000E-8	0.001738
5.495000E-8	0.001563
5.500000E-8	0.001369
5.505000E-8	0.001228
5.510000E-8	0.001241
5.515000E-8	0.001187
5.520000E-8	0.001316
5.525000E-8	0.001403
5.530000E-8	0.001466
5.535000E-8	0.001716
5.540000E-8	0.001763
5.545000E-8	0.002019
5.550000E-8	0.002172
5.555000E-8	0.002159
5.560000E-8	0.002144
5.565000E-8	0.002119
5.570000E-8	0.001981
5.575000E-8	0.001913
5.580000E-8	0.001691
5.585000E-8	0.001641
5.590000E-8	0.001406
5.595000E-8	0.001497
5.600000E-8	0.001313
5.605000E-8	0.001219
5.610000E-8	0.001213
5.615000E-8	0.001331
5.620000E-8	0.001403
5.625000E-8	0.001453
5.630000E-8	0.001475
5.635000E-8	0.001706
5.640000E-8	0.001853
5.645000E-8	0.001937
5.650000E-8	0.001953
5.655000E-8	0.002050
5.660000E-8	0.001909
5.665000E-8	0.001800
5.670000E-8	0.001734
5.675000E-8	0.001644
5.680000E-8	0.001450
5.685000E-8	0.001456
5.690000E-8	0.001291
5.695000E-8	0.001203
5.700000E-8	0.001153
5.705000E-8	0.001203
5.710000E-8	0.001413
5.715000E-8	0.001616
5.720000E-8	0.001713
5.725000E-8	0.002012
5.730000E-8	0.002153
5.735000E-8	0.002316
5.740000E-8	0.002428
5.745000E-8	0.002434
5.750000E-8	0.002291
5.755000E-8	0.002209
5.760000E-8	0.002156
5.765000E-8	0.001944
5.770000E-8	0.001797
5.775000E-8	0.001666
5.780000E-8	0.001694
5.785000E-8	0.001781
5.790000E-8	0.001609
5.795000E-8	0.001728
5.800000E-8	0.001741
5.805000E-8	0.001816
5.810000E-8	0.001906
5.815000E-8	0.002031
5.820000E-8	0.002044
5.825000E-8	0.002084
5.830000E-8	0.002044
5.835000E-8	0.002063
5.840000E-8	0.001991
5.845000E-8	0.002038
5.850000E-8	0.001925
5.855000E-8	0.001959
5.860000E-8	0.001919
5.865000E-8	0.001709
5.870000E-8	0.001600
5.875000E-8	0.001563
5.880000E-8	0.001478
5.885000E-8	0.001463
5.890000E-8	0.001328
5.895000E-8	0.001447
5.900000E-8	0.001362
5.905000E-8	0.001431
5.910000E-8	0.001478
5.915000E-8	0.001597
5.920000E-8	0.001484
5.925000E-8	0.001703
5.930000E-8	0.001763
5.935000E-8	0.001869
5.940000E-8	0.001653
5.945000E-8	0.001875
5.950000E-8	0.001856
5.955000E-8	0.001878
5.960000E-8	0.001738
5.965000E-8	0.001747
5.970000E-8	0.001638
5.975000E-8	0.001638
5.980000E-8	0.001675
5.985000E-8	0.001741
5.990000E-8	0.001713
5.995000E-8	0.001775
6.000000E-8	0.001906
6.005000E-8	0.001978
6.010000E-8	0.002022
6.015000E-8	0.002041
6.020000E-8	0.002022
6.025000E-8	0.002144
6.030000E-8	0.002150
6.035000E-8	0.002234
6.040000E-8	0.002184
6.045000E-8	0.002150
6.050000E-8	0.002025
6.055000E-8	0.001963
6.060000E-8	0.001975
6.065000E-8	0.002012
6.070000E-8	0.002056
6.075000E-8	0.001956
6.080000E-8	0.001903
6.085000E-8	0.001947
6.090000E-8	0.001872
6.095000E-8	0.002159
6.100000E-8	0.002097
6.105000E-8	0.002188
6.110000E-8	0.002206
6.115000E-8	0.002237
6.120000E-8	0.002241
6.125000E-8	0.002266
6.130000E-8	0.002172
6.135000E-8	0.001988
6.140000E-8	0.001978
6.145000E-8	0.001850
6.150000E-8	0.001600
6.155000E-8	0.001544
6.160000E-8	0.001425
6.165000E-8	0.001419
6.170000E-8	0.001416
6.175000E-8	0.001463
6.180000E-8	0.001563
6.185000E-8	0.001713
6.190000E-8	0.001806
6.195000E-8	0.001828
6.200000E-8	0.001947
6.205000E-8	0.002016
6.210000E-8	0.002059
6.215000E-8	0.002056
6.220000E-8	0.001975
6.225000E-8	0.001925
6.230000E-8	0.001781
6.235000E-8	0.001741
6.240000E-8	0.001612
6.245000E-8	0.001644
6.250000E-8	0.001578
6.255000E-8	0.001419
6.260000E-8	0.001372
6.265000E-8	0.001422
6.270000E-8	0.001559
6.275000E-8	0.001612
6.280000E-8	0.001622
6.285000E-8	0.001803
6.290000E-8	0.001806
6.295000E-8	0.001950
6.300000E-8	0.002056
6.305000E-8	0.002125
6.310000E-8	0.002175
6.315000E-8	0.002122
6.320000E-8	0.002097
6.325000E-8	0.002203
6.330000E-8	0.002059
6.335000E-8	0.002050
6.340000E-8	0.002019
6.345000E-8	0.001881
6.350000E-8	0.001813
6.355000E-8	0.001853
6.360000E-8	0.001872
6.365000E-8	0.001944
6.370000E-8	0.001991
6.375000E-8	0.002041
6.380000E-8	0.002166
6.385000E-8	0.002375
6.390000E-8	0.002341
6.395000E-8	0.002313
6.400000E-8	0.002381
6.405000E-8	0.002334
6.410000E-8	0.002216
6.415000E-8	0.002166
6.420000E-8	0.001972
6.425000E-8	0.001819
6.430000E-8	0.001716
6.435000E-8	0.001609
6.440000E-8	0.001478
6.445000E-8	0.001394
6.450000E-8	0.001353
6.455000E-8	0.001344
6.460000E-8	0.001288
6.465000E-8	0.001453
6.470000E-8	0.001509
6.475000E-8	0.001541
6.480000E-8	0.001612
6.485000E-8	0.001713
6.490000E-8	0.001884
6.495000E-8	0.001937
6.500000E-8	0.001866
6.505000E-8	0.001928
6.510000E-8	0.001816
6.515000E-8	0.001797
6.520000E-8	0.001831
6.525000E-8	0.001722
6.530000E-8	0.001666
6.535000E-8	0.001603
6.540000E-8	0.001466
6.545000E-8	0.001556
6.550000E-8	0.001528
6.555000E-8	0.001766
6.560000E-8	0.001844
6.565000E-8	0.002031
6.570000E-8	0.002113
6.575000E-8	0.002169
6.580000E-8	0.002306
6.585000E-8	0.002237
6.590000E-8	0.002206
6.595000E-8	0.002234
6.600000E-8	0.001941
6.605000E-8	0.001831
6.610000E-8	0.001625
6.615000E-8	0.001672
6.620000E-8	0.001503
6.625000E-8	0.001437
6.630000E-8	0.001441
6.635000E-8	0.001384
6.640000E-8	0.001388
6.645000E-8	0.001563
6.650000E-8	0.001678
6.655000E-8	0.001869
6.660000E-8	0.001850
6.665000E-8	0.001981
6.670000E-8	0.002206
6.675000E-8	0.002350
6.680000E-8	0.002300
6.685000E-8	0.002397
6.690000E-8	0.002241
6.695000E-8	0.002244
6.700000E-8	0.002247
6.705000E-8	0.002059
6.710000E-8	0.002016
6.715000E-8	0.001956
6.720000E-8	0.001863
6.725000E-8	0.001747
6.730000E-8	0.001687
6.735000E-8	0.001719
6.740000E-8	0.001759
6.745000E-8	0.001894
6.750000E-8	0.001925
6.755000E-8	0.001994
6.760000E-8	0.001991
6.765000E-8	0.002066
6.770000E-8	0.002072
6.775000E-8	0.001959
6.780000E-8	0.001947
6.785000E-8	0.001963
6.790000E-8	0.001941
6.795000E-8	0.001928
6.800000E-8	0.001856
6.805000E-8	0.001872
6.810000E-8	0.001997
6.815000E-8	0.002025
6.820000E-8	0.002025
6.825000E-8	0.002094
6.830000E-8	0.002016
6.835000E-8	0.002191
6.840000E-8	0.002178
6.845000E-8	0.002153
6.850000E-8	0.002059
6.855000E-8	0.002097
6.860000E-8	0.002109
6.865000E-8	0.002006
6.870000E-8	0.002012
6.875000E-8	0.001919
6.880000E-8	0.001838
6.885000E-8	0.001831
6.890000E-8	0.001719
6.895000E-8	0.001666
6.900000E-8	0.001750
6.905000E-8	0.001700
6.910000E-8	0.001687
6.915000E-8	0.001694
6.920000E-8	0.001619
6.925000E-8	0.001875
6.930000E-8	0.001866
6.935000E-8	0.002016
6.940000E-8	0.002078
6.945000E-8	0.002150
6.950000E-8	0.002078
6.955000E-8	0.002113
6.960000E-8	0.001981
6.965000E-8	0.001978
6.970000E-8	0.001925
6.975000E-8	0.001944
6.980000E-8	0.001863
6.985000E-8	0.001775
6.990000E-8	0.001684
6.995000E-8	0.001584
7.000000E-8	0.001575
7.005000E-8	0.001547
7.010000E-8	0.001609
7.015000E-8	0.001634
7.020000E-8	0.001725
7.025000E-8	0.001822
7.030000E-8	0.001841
7.035000E-8	0.001953
7.040000E-8	0.002072
7.045000E-8	0.002216
7.050000E-8	0.002181
7.055000E-8	0.002188
7.060000E-8	0.002050
7.065000E-8	0.002103
7.070000E-8	0.001947
7.075000E-8	0.001916
7.080000E-8	0.001731
7.085000E-8	0.001575
7.090000E-8	0.001400
7.095000E-8	0.001416
7.100000E-8	0.001334
7.105000E-8	0.001416
7.110000E-8	0.001500
7.115000E-8	0.001728
7.120000E-8	0.001800
7.125000E-8	0.001947
7.130000E-8	0.001953
7.135000E-8	0.002131
7.140000E-8	0.002172
7.145000E-8	0.002131
7.150000E-8	0.002006
7.155000E-8	0.002069
7.160000E-8	0.002050
7.165000E-8	0.002038
7.170000E-8	0.001834
7.175000E-8	0.001788
7.180000E-8	0.001666
7.185000E-8	0.001597
7.190000E-8	0.001547
7.195000E-8	0.001591
7.200000E-8	0.001559
7.205000E-8	0.001716
7.210000E-8	0.001841
7.215000E-8	0.001866
7.220000E-8	0.001834
7.225000E-8	0.002031
7.230000E-8	0.002141
7.235000E-8	0.002181
7.240000E-8	0.002141
7.245000E-8	0.002028
7.250000E-8	0.001881
7.255000E-8	0.001956
7.260000E-8	0.001897
7.265000E-8	0.001903
7.270000E-8	0.001763
7.275000E-8	0.001678
7.280000E-8	0.001672
7.285000E-8	0.001638
7.290000E-8	0.001559
7.295000E-8	0.001759
7.300000E-8	0.001625
7.305000E-8	0.001731
7.310000E-8	0.001741
7.315000E-8	0.001756
7.320000E-8	0.001775
7.325000E-8	0.001919
7.330000E-8	0.001903
7.335000E-8	0.001934
7.340000E-8	0.001866
7.345000E-8	0.001894
7.350000E-8	0.001937
7.355000E-8	0.002016
7.360000E-8	0.001891
7.365000E-8	0.001916
7.370000E-8	0.001753
7.375000E-8	0.001791
7.380000E-8	0.001825
7.385000E-8	0.001941
7.390000E-8	0.001863
7.395000E-8	0.001925
7.400000E-8	0.001800
7.405000E-8	0.001772
7.410000E-8	0.001869
7.415000E-8	0.002025
7.420000E-8	0.001975
7.425000E-8	0.002103
7.430000E-8	0.002031
7.435000E-8	0.002009
7.440000E-8	0.002156
7.445000E-8	0.002119
7.450000E-8	0.002022
7.455000E-8	0.002125
7.460000E-8	0.002109
7.465000E-8	0.002028
7.470000E-8	0.001875
7.475000E-8	0.001903
7.480000E-8	0.001794
7.485000E-8	0.001894
7.490000E-8	0.001809
7.495000E-8	0.001850
7.500000E-8	0.001853
7.505000E-8	0.001941
7.510000E-8	0.002041
7.515000E-8	0.002103
7.520000E-8	0.002103
7.525000E-8	0.002188
7.530000E-8	0.002103
7.535000E-8	0.002113
7.540000E-8	0.002044
7.545000E-8	0.002056
7.550000E-8	0.002069
7.555000E-8	0.001994
7.560000E-8	0.001828
7.565000E-8	0.001853
7.570000E-8	0.001803
7.575000E-8	0.001809
7.580000E-8	0.001800
7.585000E-8	0.001778
7.590000E-8	0.001850
7.595000E-8	0.001953
7.600000E-8	0.001959
7.605000E-8	0.001984
7.610000E-8	0.002094
7.615000E-8	0.002119
7.620000E-8	0.002275
7.625000E-8	0.002400
7.630000E-8	0.002372
7.635000E-8	0.002350
7.640000E-8	0.002303
7.645000E-8	0.002284
7.650000E-8	0.002066
7.655000E-8	0.002066
7.660000E-8	0.001950
7.665000E-8	0.001869
7.670000E-8	0.001756
7.675000E-8	0.001800
7.680000E-8	0.001703
7.685000E-8	0.001809
7.690000E-8	0.001753
7.695000E-8	0.001791
7.700000E-8	0.001894
7.705000E-8	0.001984
7.710000E-8	0.002028
7.715000E-8	0.001950
7.720000E-8	0.001928
7.725000E-8	0.001909
7.730000E-8	0.001838
7.735000E-8	0.001913
7.740000E-8	0.001747
7.745000E-8	0.001722
7.750000E-8	0.001606
7.755000E-8	0.001603
7.760000E-8	0.001569
7.765000E-8	0.001650
7.770000E-8	0.001666
7.775000E-8	0.001847
7.780000E-8	0.001891
7.785000E-8	0.001937
7.790000E-8	0.002006
7.795000E-8	0.002159
7.800000E-8	0.002197
7.805000E-8	0.002237
7.810000E-8	0.002222
7.815000E-8	0.002150
7.820000E-8	0.002022
7.825000E-8	0.002125
7.830000E-8	0.002016
7.835000E-8	0.001981
7.840000E-8	0.001925
7.845000E-8	0.002006
7.850000E-8	0.001944
7.855000E-8	0.001975
7.860000E-8	0.001953
7.865000E-8	0.002003
7.870000E-8	0.001994
7.875000E-8	0.002041
7.880000E-8	0.001997
7.885000E-8	0.002122
7.890000E-8	0.001953
7.895000E-8	0.001978
7.900000E-8	0.002063
7.905000E-8	0.002078
7.910000E-8	0.001966
7.915000E-8	0.002009
7.920000E-8	0.001897
7.925000E-8	0.001894
7.930000E-8	0.001844
7.935000E-8	0.001869
7.940000E-8	0.001838
7.945000E-8	0.001991
7.950000E-8	0.001919
7.955000E-8	0.001834
7.960000E-8	0.001769
7.965000E-8	0.001891
7.970000E-8	0.001731
7.975000E-8	0.001841
7.980000E-8	0.001728
7.985000E-8	0.001691
7.990000E-8	0.001628
7.995000E-8	0.001616
8.000000E-8	0.001556
8.005000E-8	0.001619
8.010000E-8	0.001575
8.015000E-8	0.001631
8.020000E-8	0.001572
8.025000E-8	0.001566
8.030000E-8	0.001616
8.035000E-8	0.001559
8.040000E-8	0.001584
8.045000E-8	0.001650
8.050000E-8	0.001669
8.055000E-8	0.001881
8.060000E-8	0.001800
8.065000E-8	0.001906
8.070000E-8	0.001838
8.075000E-8	0.001831
8.080000E-8	0.001850
8.085000E-8	0.001913
8.090000E-8	0.001928
8.095000E-8	0.002047
8.100000E-8	0.002106
8.105000E-8	0.002063
8.110000E-8	0.002028
8.115000E-8	0.002053
8.120000E-8	0.002031
8.125000E-8	0.002063
8.130000E-8	0.001994
8.135000E-8	0.001988
8.140000E-8	0.001956
8.145000E-8	0.002025
8.150000E-8	0.001853
8.155000E-8	0.002006
8.160000E-8	0.001913
8.165000E-8	0.001950
8.170000E-8	0.001816
8.175000E-8	0.001881
8.180000E-8	0.001875
8.185000E-8	0.002034
8.190000E-8	0.002028
8.195000E-8	0.002131
8.200000E-8	0.002059
8.205000E-8	0.002038
8.210000E-8	0.002034
8.215000E-8	0.002028
8.220000E-8	0.001891
8.225000E-8	0.001947
8.230000E-8	0.001813
8.235000E-8	0.001878
8.240000E-8	0.001750
8.245000E-8	0.001813
8.250000E-8	0.001725
8.255000E-8	0.001791
8.260000E-8	0.001775
8.265000E-8	0.001797
8.270000E-8	0.001859
8.275000E-8	0.001972
8.280000E-8	0.001963
8.285000E-8	0.002122
8.290000E-8	0.002009
8.295000E-8	0.002022
8.300000E-8	0.001872
8.305000E-8	0.001888
8.310000E-8	0.001772
8.315000E-8	0.001791
8.320000E-8	0.001681
8.325000E-8	0.001650
8.330000E-8	0.001569
8.335000E-8	0.001697
8.340000E-8	0.001713
8.345000E-8	0.001853
8.350000E-8	0.001894
8.355000E-8	0.001963
8.360000E-8	0.001956
8.365000E-8	0.002081
8.370000E-8	0.002234
8.375000E-8	0.002134
8.380000E-8	0.002256
8.385000E-8	0.002234
8.390000E-8	0.002169
8.395000E-8	0.002150
8.400000E-8	0.001941
8.405000E-8	0.002009
8.410000E-8	0.001884
8.415000E-8	0.001859
8.420000E-8	0.001831
8.425000E-8	0.001781
8.430000E-8	0.001628
8.435000E-8	0.001556
8.440000E-8	0.001488
8.445000E-8	0.001475
8.450000E-8	0.001531
8.455000E-8	0.001672
8.460000E-8	0.001647
8.465000E-8	0.001772
8.470000E-8	0.001784
8.475000E-8	0.001969
8.480000E-8	0.001909
8.485000E-8	0.002006
8.490000E-8	0.001909
8.495000E-8	0.001922
8.500000E-8	0.001828
8.505000E-8	0.001866
8.510000E-8	0.001750
8.515000E-8	0.001763
8.520000E-8	0.001694
8.525000E-8	0.001634
8.530000E-8	0.001491
8.535000E-8	0.001622
8.540000E-8	0.001509
8.545000E-8	0.001519
8.550000E-8	0.001556
8.555000E-8	0.001591
8.560000E-8	0.001606
8.565000E-8	0.001656
8.570000E-8	0.001597
8.575000E-8	0.001628
8.580000E-8	0.001784
8.585000E-8	0.001803
8.590000E-8	0.001791
8.595000E-8	0.001909
8.600000E-8	0.001844
8.605000E-8	0.001872
8.610000E-8	0.001847
8.615000E-8	0.001838
8.620000E-8	0.001759
8.625000E-8	0.001744
8.630000E-8	0.001684
8.635000E-8	0.001669
8.640000E-8	0.001756
8.645000E-8	0.001884
8.650000E-8	0.001825
8.655000E-8	0.001850
8.660000E-8	0.001969
8.665000E-8	0.002053
8.670000E-8	0.001984
8.675000E-8	0.002038
8.680000E-8	0.002131
8.685000E-8	0.002200
8.690000E-8	0.002131
8.695000E-8	0.002038
8.700000E-8	0.002050
8.705000E-8	0.002072
8.710000E-8	0.001984
8.715000E-8	0.002044
8.720000E-8	0.002022
8.725000E-8	0.002028
8.730000E-8	0.001981
8.735000E-8	0.002022
8.740000E-8	0.001981
8.745000E-8	0.001988
8.750000E-8	0.001838
8.755000E-8	0.001878
8.760000E-8	0.001750
8.765000E-8	0.001772
8.770000E-8	0.001681
8.775000E-8	0.001678
8.780000E-8	0.001656
8.785000E-8	0.001681
8.790000E-8	0.001656
8.795000E-8	0.001694
8.800000E-8	0.001681
8.805000E-8	0.001838
8.810000E-8	0.001875
8.815000E-8	0.001891
8.820000E-8	0.001822
8.825000E-8	0.001959
8.830000E-8	0.001922
8.835000E-8	0.001944
8.840000E-8	0.001972
8.845000E-8	0.001894
8.850000E-8	0.001741
8.855000E-8	0.001756
8.860000E-8	0.001681
8.865000E-8	0.001650
8.870000E-8	0.001638
8.875000E-8	0.001781
8.880000E-8	0.001850
8.885000E-8	0.001881
8.890000E-8	0.002056
8.895000E-8	0.002253
8.900000E-8	0.002197
8.905000E-8	0.002350
8.910000E-8	0.002275
8.915000E-8	0.002291
8.920000E-8	0.002159
8.925000E-8	0.002091
8.930000E-8	0.001888
8.935000E-8	0.001878
8.940000E-8	0.001753
8.945000E-8	0.001738
8.950000E-8	0.001809
8.955000E-8	0.001863
8.960000E-8	0.001828
8.965000E-8	0.002012
8.970000E-8	0.002047
8.975000E-8	0.002222
8.980000E-8	0.002222
8.985000E-8	0.002253
8.990000E-8	0.002247
8.995000E-8	0.002222
9.000000E-8	0.001984
9.005000E-8	0.002000
9.010000E-8	0.001869
9.015000E-8	0.001841
9.020000E-8	0.001772
9.025000E-8	0.001725
9.030000E-8	0.001703
9.035000E-8	0.001822
9.040000E-8	0.001859
9.045000E-8	0.002034
9.050000E-8	0.002038
9.055000E-8	0.002125
9.060000E-8	0.002175
9.065000E-8	0.002150
9.070000E-8	0.002056
9.075000E-8	0.002066
9.080000E-8	0.001947
9.085000E-8	0.001972
9.090000E-8	0.001769
9.095000E-8	0.001687
9.100000E-8	0.001513
9.105000E-8	0.001447
9.110000E-8	0.001453
9.115000E-8	0.001469
9.120000E-8	0.001450
9.125000E-8	0.001612
9.130000E-8	0.001572
9.135000E-8	0.001697
9.140000E-8	0.001750
9.145000E-8	0.001916
9.150000E-8	0.001844
9.155000E-8	0.001984
9.160000E-8	0.001975
9.165000E-8	0.001934
9.170000E-8	0.002034
9.175000E-8	0.002053
9.180000E-8	0.002019
9.185000E-8	0.002072
9.190000E-8	0.002091
9.195000E-8	0.002194
9.200000E-8	0.002106
9.205000E-8	0.002263
9.210000E-8	0.002156
9.215000E-8	0.002109
9.220000E-8	0.002147
9.225000E-8	0.002138
9.230000E-8	0.001988
9.235000E-8	0.001944
9.240000E-8	0.001900
9.245000E-8	0.001791
9.250000E-8	0.001797
9.255000E-8	0.001788
9.260000E-8	0.001859
9.265000E-8	0.001878
9.270000E-8	0.001897
9.275000E-8	0.001969
9.280000E-8	0.001859
9.285000E-8	0.001925
9.290000E-8	0.001934
9.295000E-8	0.001963
9.300000E-8	0.001866
9.305000E-8	0.001991
9.310000E-8	0.001916
9.315000E-8	0.001891
9.320000E-8	0.001788
9.325000E-8	0.001750
9.330000E-8	0.001687
9.335000E-8	0.001791
9.340000E-8	0.001741
9.345000E-8	0.001869
9.350000E-8	0.001953
9.355000E-8	0.002044
9.360000E-8	0.002012
9.365000E-8	0.002094
9.370000E-8	0.001975
9.375000E-8	0.001984
9.380000E-8	0.001909
9.385000E-8	0.002016
9.390000E-8	0.001872
9.395000E-8	0.001803
9.400000E-8	0.001772
9.405000E-8	0.001916
9.410000E-8	0.001778
9.415000E-8	0.001794
9.420000E-8	0.001709
9.425000E-8	0.001806
9.430000E-8	0.001819
9.435000E-8	0.001881
9.440000E-8	0.001813
9.445000E-8	0.001738
9.450000E-8	0.001675
9.455000E-8	0.001603
9.460000E-8	0.001619
9.465000E-8	0.001634
9.470000E-8	0.001622
9.475000E-8	0.001778
9.480000E-8	0.001734
9.485000E-8	0.001744
9.490000E-8	0.001741
9.495000E-8	0.001716
9.500000E-8	0.001625
9.505000E-8	0.001691
9.510000E-8	0.001756
9.515000E-8	0.001716
9.520000E-8	0.001794
9.525000E-8	0.001728
9.530000E-8	0.001744
9.535000E-8	0.001722
9.540000E-8	0.001775
9.545000E-8	0.001872
9.550000E-8	0.001772
9.555000E-8	0.001813
9.560000E-8	0.001872
9.565000E-8	0.001878
9.570000E-8	0.001847
9.575000E-8	0.001931
9.580000E-8	0.001934
9.585000E-8	0.001959
9.590000E-8	0.001963
9.595000E-8	0.002044
9.600000E-8	0.002012
9.605000E-8	0.002000
9.610000E-8	0.001916
9.615000E-8	0.002047
9.620000E-8	0.002063
9.625000E-8	0.002012
9.630000E-8	0.001934
9.635000E-8	0.001988
9.640000E-8	0.001922
9.645000E-8	0.001913
9.650000E-8	0.001781
9.655000E-8	0.001966
9.660000E-8	0.001981
9.665000E-8	0.002028
9.670000E-8	0.002006
9.675000E-8	0.001984
9.680000E-8	0.001972
9.685000E-8	0.001966
9.690000E-8	0.001897
9.695000E-8	0.001913
9.700000E-8	0.001853
9.705000E-8	0.002028
9.710000E-8	0.001966
9.715000E-8	0.001953
9.720000E-8	0.001878
9.725000E-8	0.001881
9.730000E-8	0.001884
9.735000E-8	0.001963
9.740000E-8	0.001778
9.745000E-8	0.001750
9.750000E-8	0.001716
9.755000E-8	0.001738
9.760000E-8	0.001734
9.765000E-8	0.001747
9.770000E-8	0.001753
9.775000E-8	0.001784
9.780000E-8	0.001816
9.785000E-8	0.001772
9.790000E-8	0.001813
9.795000E-8	0.001806
9.800000E-8	0.001819
9.805000E-8	0.001750
9.810000E-8	0.001722
9.815000E-8	0.001700
9.820000E-8	0.001813
9.825000E-8	0.001847
9.830000E-8	0.001853
9.835000E-8	0.001856
9.840000E-8	0.001809
9.845000E-8	0.001834
9.850000E-8	0.001872
9.855000E-8	0.001831
9.860000E-8	0.001803
9.865000E-8	0.001775
9.870000E-8	0.001753
9.875000E-8	0.001872
9.880000E-8	0.001822
9.885000E-8	0.001750
9.890000E-8	0.001638
9.895000E-8	0.001728
9.900000E-8	0.001728
9.905000E-8	0.001669
9.910000E-8	0.001772
9.915000E-8	0.001866
9.920000E-8	0.001916
9.925000E-8	0.002087
9.930000E-8	0.001953
9.935000E-8	0.002028
9.940000E-8	0.002091
9.945000E-8	0.002050
9.950000E-8	0.002053
9.955000E-8	0.001903
9.960000E-8	0.001744
9.965000E-8	0.001666
9.970000E-8	0.001603
9.975000E-8	0.001581
9.980000E-8	0.001556
9.985000E-8	0.001581
9.990000E-8	0.001691
9.995000E-8	0.001734
