LabVIEW Measurement	
Writer_Version	2
Reader_Version	2
Separator	Tab
Decimal_Separator	.
Multi_Headings	No
X_Columns	Multi
Time_Pref	Relative
Operator	TG lab
Date	2015/03/07
Time	10:37:33.3231749534606933594
***End_of_Header***	
	
Channels	1	
Samples	2000	
Date	2015/03/07	
Time	10:37:33.3231749534606933594	
X_Dimension	Time	
X0	0.0000000000000000E+0	
Delta_X	5.000000E-11	
***End_of_Header***		
X_Value	Untitled	Comment
0.000000	0.001584
5.000000E-11	0.001591
1.000000E-10	0.001488
1.500000E-10	0.001525
2.000000E-10	0.001469
2.500000E-10	0.001481
3.000000E-10	0.001422
3.500000E-10	0.001481
4.000000E-10	0.001316
4.500000E-10	0.001347
5.000000E-10	0.001238
5.500000E-10	0.001247
6.000000E-10	0.001272
6.500000E-10	0.001344
7.000000E-10	0.001309
7.500000E-10	0.001309
8.000000E-10	0.001259
8.500000E-10	0.001362
9.000000E-10	0.001269
9.500000E-10	0.001291
1.000000E-9	0.001347
1.050000E-9	0.001369
1.100000E-9	0.001444
1.150000E-9	0.001428
1.200000E-9	0.001488
1.250000E-9	0.001384
1.300000E-9	0.001309
1.350000E-9	0.001394
1.400000E-9	0.001400
1.450000E-9	0.001450
1.500000E-9	0.001481
1.550000E-9	0.001597
1.600000E-9	0.001525
1.650000E-9	0.001588
1.700000E-9	0.001531
1.750000E-9	0.001422
1.800000E-9	0.001381
1.850000E-9	0.001359
1.900000E-9	0.001297
1.950000E-9	0.001306
2.000000E-9	0.001303
2.050000E-9	0.001388
2.100000E-9	0.001331
2.150000E-9	0.001347
2.200000E-9	0.001259
2.250000E-9	0.001247
2.300000E-9	0.001225
2.350000E-9	0.001347
2.400000E-9	0.001288
2.450000E-9	0.001309
2.500000E-9	0.001284
2.550000E-9	0.001397
2.600000E-9	0.001288
2.650000E-9	0.001269
2.700000E-9	0.001200
2.750000E-9	0.001250
2.800000E-9	0.001109
2.850000E-9	0.001191
2.900000E-9	0.001028
2.950000E-9	0.001066
3.000000E-9	0.001103
3.050000E-9	0.001134
3.100000E-9	0.001063
3.150000E-9	0.001219
3.200000E-9	0.001206
3.250000E-9	0.001178
3.300000E-9	0.001119
3.350000E-9	0.001169
3.400000E-9	0.001187
3.450000E-9	0.001191
3.500000E-9	0.001119
3.550000E-9	0.001081
3.600000E-9	0.000959
3.650000E-9	0.000950
3.700000E-9	0.000978
3.750000E-9	0.000950
3.800000E-9	0.000888
3.850000E-9	0.000994
3.900000E-9	0.000975
3.950000E-9	0.000997
4.000000E-9	0.001181
4.050000E-9	0.001331
4.100000E-9	0.001409
4.150000E-9	0.001500
4.200000E-9	0.001509
4.250000E-9	0.001619
4.300000E-9	0.001566
4.350000E-9	0.001659
4.400000E-9	0.001609
4.450000E-9	0.001778
4.500000E-9	0.001841
4.550000E-9	0.001950
4.600000E-9	0.001994
4.650000E-9	0.002047
4.700000E-9	0.001972
4.750000E-9	0.001763
4.800000E-9	0.001319
4.850000E-9	0.000869
4.900000E-9	2.812500E-5
4.950000E-9	-0.000913
5.000000E-9	-0.002291
5.050000E-9	-0.003956
5.100000E-9	-0.005953
5.150000E-9	-0.008081
5.200000E-9	-0.010391
5.250000E-9	-0.012759
5.300000E-9	-0.015200
5.350000E-9	-0.017422
5.400000E-9	-0.019566
5.450000E-9	-0.021272
5.500000E-9	-0.022422
5.550000E-9	-0.023044
5.600000E-9	-0.023131
5.650000E-9	-0.022681
5.700000E-9	-0.021869
5.750000E-9	-0.020531
5.800000E-9	-0.018869
5.850000E-9	-0.017088
5.900000E-9	-0.015416
5.950000E-9	-0.013800
6.000000E-9	-0.012709
6.050000E-9	-0.011913
6.100000E-9	-0.011575
6.150000E-9	-0.011519
6.200000E-9	-0.012066
6.250000E-9	-0.012650
6.300000E-9	-0.013519
6.350000E-9	-0.014247
6.400000E-9	-0.014934
6.450000E-9	-0.015325
6.500000E-9	-0.015341
6.550000E-9	-0.014916
6.600000E-9	-0.014247
6.650000E-9	-0.013369
6.700000E-9	-0.012147
6.750000E-9	-0.010584
6.800000E-9	-0.009175
6.850000E-9	-0.007731
6.900000E-9	-0.006756
6.950000E-9	-0.005841
7.000000E-9	-0.005425
7.050000E-9	-0.005197
7.100000E-9	-0.005425
7.150000E-9	-0.005838
7.200000E-9	-0.006338
7.250000E-9	-0.006928
7.300000E-9	-0.007644
7.350000E-9	-0.008050
7.400000E-9	-0.008684
7.450000E-9	-0.008763
7.500000E-9	-0.008606
7.550000E-9	-0.008184
7.600000E-9	-0.007469
7.650000E-9	-0.006513
7.700000E-9	-0.005397
7.750000E-9	-0.004237
7.800000E-9	-0.003175
7.850000E-9	-0.002234
7.900000E-9	-0.001694
7.950000E-9	-0.001228
8.000000E-9	-0.001288
8.050000E-9	-0.001631
8.100000E-9	-0.002272
8.150000E-9	-0.002909
8.200000E-9	-0.003738
8.250000E-9	-0.004459
8.300000E-9	-0.005100
8.350000E-9	-0.005441
8.400000E-9	-0.005581
8.450000E-9	-0.005172
8.500000E-9	-0.004691
8.550000E-9	-0.003863
8.600000E-9	-0.003006
8.650000E-9	-0.001756
8.700000E-9	-0.000772
8.750000E-9	0.000100
8.800000E-9	0.000888
8.850000E-9	0.001303
8.900000E-9	0.001275
8.950000E-9	0.001016
9.000000E-9	0.000525
9.050000E-9	-0.000297
9.100000E-9	-0.001319
9.150000E-9	-0.002319
9.200000E-9	-0.003156
9.250000E-9	-0.003750
9.300000E-9	-0.004225
9.350000E-9	-0.004284
9.400000E-9	-0.003994
9.450000E-9	-0.003400
9.500000E-9	-0.002566
9.550000E-9	-0.001531
9.600000E-9	-0.000522
9.650000E-9	0.000544
9.700000E-9	0.001369
9.750000E-9	0.001800
9.800000E-9	0.001984
9.850000E-9	0.002016
9.900000E-9	0.001631
9.950000E-9	0.000944
1.000000E-8	8.750000E-5
1.005000E-8	-0.000903
1.010000E-8	-0.001719
1.015000E-8	-0.002466
1.020000E-8	-0.003025
1.025000E-8	-0.003166
1.030000E-8	-0.003184
1.035000E-8	-0.002672
1.040000E-8	-0.002128
1.045000E-8	-0.001166
1.050000E-8	-0.000294
1.055000E-8	0.000919
1.060000E-8	0.001731
1.065000E-8	0.002450
1.070000E-8	0.002734
1.075000E-8	0.002953
1.080000E-8	0.002594
1.085000E-8	0.002091
1.090000E-8	0.001247
1.095000E-8	0.000494
1.100000E-8	-0.000525
1.105000E-8	-0.001281
1.110000E-8	-0.002003
1.115000E-8	-0.002188
1.120000E-8	-0.002328
1.125000E-8	-0.002063
1.130000E-8	-0.001603
1.135000E-8	-0.000816
1.140000E-8	6.250000E-6
1.145000E-8	0.000956
1.150000E-8	0.001819
1.155000E-8	0.002659
1.160000E-8	0.003109
1.165000E-8	0.003250
1.170000E-8	0.003200
1.175000E-8	0.002813
1.180000E-8	0.002084
1.185000E-8	0.001234
1.190000E-8	0.000291
1.195000E-8	-0.000625
1.200000E-8	-0.001488
1.205000E-8	-0.001931
1.210000E-8	-0.002406
1.215000E-8	-0.002266
1.220000E-8	-0.002019
1.225000E-8	-0.001453
1.230000E-8	-0.000750
1.235000E-8	0.000225
1.240000E-8	0.001191
1.245000E-8	0.002050
1.250000E-8	0.002647
1.255000E-8	0.003197
1.260000E-8	0.003275
1.265000E-8	0.003063
1.270000E-8	0.002547
1.275000E-8	0.001847
1.280000E-8	0.000950
1.285000E-8	8.125000E-5
1.290000E-8	-0.000800
1.295000E-8	-0.001484
1.300000E-8	-0.001922
1.305000E-8	-0.002056
1.310000E-8	-0.001947
1.315000E-8	-0.001466
1.320000E-8	-0.000788
1.325000E-8	0.000100
1.330000E-8	0.001106
1.335000E-8	0.002012
1.340000E-8	0.002775
1.345000E-8	0.003384
1.350000E-8	0.003650
1.355000E-8	0.003813
1.360000E-8	0.003566
1.365000E-8	0.003128
1.370000E-8	0.002291
1.375000E-8	0.001541
1.380000E-8	0.000678
1.385000E-8	1.562500E-5
1.390000E-8	-0.000581
1.395000E-8	-0.000772
1.400000E-8	-0.000822
1.405000E-8	-0.000578
1.410000E-8	-0.000263
1.415000E-8	0.000366
1.420000E-8	0.001116
1.425000E-8	0.001969
1.430000E-8	0.002619
1.435000E-8	0.003294
1.440000E-8	0.003628
1.445000E-8	0.003791
1.450000E-8	0.003572
1.455000E-8	0.003225
1.460000E-8	0.002522
1.465000E-8	0.001706
1.470000E-8	0.001006
1.475000E-8	0.000209
1.480000E-8	-0.000556
1.485000E-8	-0.000928
1.490000E-8	-0.001084
1.495000E-8	-0.001116
1.500000E-8	-0.000941
1.505000E-8	-0.000334
1.510000E-8	0.000303
1.515000E-8	0.001119
1.520000E-8	0.001784
1.525000E-8	0.002538
1.530000E-8	0.002984
1.535000E-8	0.003347
1.540000E-8	0.003350
1.545000E-8	0.003138
1.550000E-8	0.002694
1.555000E-8	0.002109
1.560000E-8	0.001344
1.565000E-8	0.000609
1.570000E-8	-8.125000E-5
1.575000E-8	-0.000716
1.580000E-8	-0.001134
1.585000E-8	-0.001094
1.590000E-8	-0.001112
1.595000E-8	-0.000747
1.600000E-8	-6.250000E-5
1.605000E-8	0.000700
1.610000E-8	0.001450
1.615000E-8	0.002188
1.620000E-8	0.002803
1.625000E-8	0.003491
1.630000E-8	0.003763
1.635000E-8	0.003675
1.640000E-8	0.003381
1.645000E-8	0.002953
1.650000E-8	0.002228
1.655000E-8	0.001594
1.660000E-8	0.000622
1.665000E-8	0.000103
1.670000E-8	-0.000559
1.675000E-8	-0.000784
1.680000E-8	-0.000737
1.685000E-8	-0.000513
1.690000E-8	-0.000219
1.695000E-8	0.000481
1.700000E-8	0.001128
1.705000E-8	0.002028
1.710000E-8	0.002722
1.715000E-8	0.003288
1.720000E-8	0.003628
1.725000E-8	0.003797
1.730000E-8	0.003691
1.735000E-8	0.003272
1.740000E-8	0.002587
1.745000E-8	0.001909
1.750000E-8	0.001066
1.755000E-8	0.000419
1.760000E-8	-0.000244
1.765000E-8	-0.000537
1.770000E-8	-0.000806
1.775000E-8	-0.000684
1.780000E-8	-0.000406
1.785000E-8	-6.250000E-6
1.790000E-8	0.000609
1.795000E-8	0.001316
1.800000E-8	0.001903
1.805000E-8	0.002634
1.810000E-8	0.002997
1.815000E-8	0.003284
1.820000E-8	0.003266
1.825000E-8	0.003019
1.830000E-8	0.002553
1.835000E-8	0.002113
1.840000E-8	0.001284
1.845000E-8	0.000656
1.850000E-8	-0.000166
1.855000E-8	-0.000734
1.860000E-8	-0.001159
1.865000E-8	-0.001156
1.870000E-8	-0.000888
1.875000E-8	-0.000447
1.880000E-8	4.687500E-5
1.885000E-8	0.000869
1.890000E-8	0.001653
1.895000E-8	0.002363
1.900000E-8	0.002928
1.905000E-8	0.003369
1.910000E-8	0.003563
1.915000E-8	0.003634
1.920000E-8	0.003325
1.925000E-8	0.002900
1.930000E-8	0.002216
1.935000E-8	0.001528
1.940000E-8	0.000728
1.945000E-8	7.500000E-5
1.950000E-8	-0.000550
1.955000E-8	-0.000750
1.960000E-8	-0.000881
1.965000E-8	-0.000597
1.970000E-8	-0.000259
1.975000E-8	0.000459
1.980000E-8	0.001184
1.985000E-8	0.001991
1.990000E-8	0.002659
1.995000E-8	0.003256
2.000000E-8	0.003653
2.005000E-8	0.003659
2.010000E-8	0.003428
2.015000E-8	0.003059
2.020000E-8	0.002506
2.025000E-8	0.001869
2.030000E-8	0.001153
2.035000E-8	0.000459
2.040000E-8	-0.000116
2.045000E-8	-0.000525
2.050000E-8	-0.000737
2.055000E-8	-0.000403
2.060000E-8	-0.000237
2.065000E-8	0.000344
2.070000E-8	0.000981
2.075000E-8	0.001681
2.080000E-8	0.002419
2.085000E-8	0.002994
2.090000E-8	0.003325
2.095000E-8	0.003441
2.100000E-8	0.003372
2.105000E-8	0.003138
2.110000E-8	0.002700
2.115000E-8	0.002172
2.120000E-8	0.001494
2.125000E-8	0.000928
2.130000E-8	0.000384
2.135000E-8	-1.250000E-5
2.140000E-8	-0.000313
2.145000E-8	-0.000306
2.150000E-8	-0.000247
2.155000E-8	5.312500E-5
2.160000E-8	0.000481
2.165000E-8	0.001091
2.170000E-8	0.001622
2.175000E-8	0.002309
2.180000E-8	0.002850
2.185000E-8	0.003094
2.190000E-8	0.003400
2.195000E-8	0.003463
2.200000E-8	0.003109
2.205000E-8	0.002797
2.210000E-8	0.002225
2.215000E-8	0.001559
2.220000E-8	0.000922
2.225000E-8	0.000528
2.230000E-8	8.437500E-5
2.235000E-8	-0.000219
2.240000E-8	-0.000188
2.245000E-8	3.437500E-5
2.250000E-8	0.000416
2.255000E-8	0.001012
2.260000E-8	0.001578
2.265000E-8	0.002162
2.270000E-8	0.002769
2.275000E-8	0.003297
2.280000E-8	0.003450
2.285000E-8	0.003481
2.290000E-8	0.003334
2.295000E-8	0.002969
2.300000E-8	0.002356
2.305000E-8	0.001841
2.310000E-8	0.001234
2.315000E-8	0.000734
2.320000E-8	0.000109
2.325000E-8	-0.000216
2.330000E-8	-0.000328
2.335000E-8	-0.000241
2.340000E-8	3.750000E-5
2.345000E-8	0.000537
2.350000E-8	0.000956
2.355000E-8	0.001784
2.360000E-8	0.002288
2.365000E-8	0.002934
2.370000E-8	0.003234
2.375000E-8	0.003516
2.380000E-8	0.003372
2.385000E-8	0.003144
2.390000E-8	0.002725
2.395000E-8	0.002225
2.400000E-8	0.001531
2.405000E-8	0.000900
2.410000E-8	0.000325
2.415000E-8	3.125000E-5
2.420000E-8	-0.000150
2.425000E-8	-3.437500E-5
2.430000E-8	-2.812500E-5
2.435000E-8	0.000300
2.440000E-8	0.000612
2.445000E-8	0.001144
2.450000E-8	0.001625
2.455000E-8	0.002159
2.460000E-8	0.002497
2.465000E-8	0.002875
2.470000E-8	0.002947
2.475000E-8	0.002834
2.480000E-8	0.002528
2.485000E-8	0.002181
2.490000E-8	0.001581
2.495000E-8	0.001191
2.500000E-8	0.000619
2.505000E-8	0.000222
2.510000E-8	-2.500000E-5
2.515000E-8	-2.500000E-5
2.520000E-8	-2.187500E-5
2.525000E-8	0.000209
2.530000E-8	0.000566
2.535000E-8	0.001147
2.540000E-8	0.001719
2.545000E-8	0.002225
2.550000E-8	0.002609
2.555000E-8	0.003122
2.560000E-8	0.003184
2.565000E-8	0.003288
2.570000E-8	0.002975
2.575000E-8	0.002809
2.580000E-8	0.002288
2.585000E-8	0.001866
2.590000E-8	0.001331
2.595000E-8	0.001041
2.600000E-8	0.000659
2.605000E-8	0.000278
2.610000E-8	9.687500E-5
2.615000E-8	0.000253
2.620000E-8	0.000431
2.625000E-8	0.000900
2.630000E-8	0.001331
2.635000E-8	0.001834
2.640000E-8	0.002119
2.645000E-8	0.002647
2.650000E-8	0.002819
2.655000E-8	0.003025
2.660000E-8	0.003003
2.665000E-8	0.002866
2.670000E-8	0.002447
2.675000E-8	0.002106
2.680000E-8	0.001484
2.685000E-8	0.001016
2.690000E-8	0.000678
2.695000E-8	0.000222
2.700000E-8	3.125000E-6
2.705000E-8	-4.375000E-5
2.710000E-8	4.062500E-5
2.715000E-8	0.000284
2.720000E-8	0.000594
2.725000E-8	0.001084
2.730000E-8	0.001519
2.735000E-8	0.002034
2.740000E-8	0.002328
2.745000E-8	0.002716
2.750000E-8	0.002925
2.755000E-8	0.002925
2.760000E-8	0.002719
2.765000E-8	0.002494
2.770000E-8	0.001925
2.775000E-8	0.001456
2.780000E-8	0.000909
2.785000E-8	0.000525
2.790000E-8	0.000275
2.795000E-8	6.875000E-5
2.800000E-8	1.562500E-5
2.805000E-8	0.000244
2.810000E-8	0.000481
2.815000E-8	0.000969
2.820000E-8	0.001381
2.825000E-8	0.001916
2.830000E-8	0.002303
2.835000E-8	0.002838
2.840000E-8	0.002947
2.845000E-8	0.003059
2.850000E-8	0.002953
2.855000E-8	0.002825
2.860000E-8	0.002434
2.865000E-8	0.001981
2.870000E-8	0.001472
2.875000E-8	0.001109
2.880000E-8	0.000631
2.885000E-8	0.000350
2.890000E-8	0.000256
2.895000E-8	0.000297
2.900000E-8	0.000356
2.905000E-8	0.000684
2.910000E-8	0.001088
2.915000E-8	0.001638
2.920000E-8	0.002003
2.925000E-8	0.002397
2.930000E-8	0.002759
2.935000E-8	0.002888
2.940000E-8	0.002700
2.945000E-8	0.002538
2.950000E-8	0.002119
2.955000E-8	0.001922
2.960000E-8	0.001428
2.965000E-8	0.001072
2.970000E-8	0.000581
2.975000E-8	0.000394
2.980000E-8	0.000303
2.985000E-8	0.000250
2.990000E-8	0.000434
2.995000E-8	0.000741
3.000000E-8	0.001141
3.005000E-8	0.001606
3.010000E-8	0.001881
3.015000E-8	0.002481
3.020000E-8	0.002784
3.025000E-8	0.003034
3.030000E-8	0.003084
3.035000E-8	0.003022
3.040000E-8	0.002728
3.045000E-8	0.002319
3.050000E-8	0.001884
3.055000E-8	0.001425
3.060000E-8	0.000950
3.065000E-8	0.000578
3.070000E-8	0.000300
3.075000E-8	0.000172
3.080000E-8	9.062500E-5
3.085000E-8	0.000366
3.090000E-8	0.000622
3.095000E-8	0.000963
3.100000E-8	0.001266
3.105000E-8	0.001709
3.110000E-8	0.002159
3.115000E-8	0.002431
3.120000E-8	0.002547
3.125000E-8	0.002713
3.130000E-8	0.002641
3.135000E-8	0.002416
3.140000E-8	0.002041
3.145000E-8	0.001703
3.150000E-8	0.001219
3.155000E-8	0.000903
3.160000E-8	0.000509
3.165000E-8	0.000300
3.170000E-8	7.500000E-5
3.175000E-8	0.000166
3.180000E-8	0.000406
3.185000E-8	0.000781
3.190000E-8	0.001144
3.195000E-8	0.001588
3.200000E-8	0.001881
3.205000E-8	0.002409
3.210000E-8	0.002622
3.215000E-8	0.002763
3.220000E-8	0.002581
3.225000E-8	0.002416
3.230000E-8	0.002075
3.235000E-8	0.001759
3.240000E-8	0.001300
3.245000E-8	0.000931
3.250000E-8	0.000591
3.255000E-8	0.000400
3.260000E-8	0.000122
3.265000E-8	0.000191
3.270000E-8	0.000313
3.275000E-8	0.000606
3.280000E-8	0.000969
3.285000E-8	0.001344
3.290000E-8	0.001766
3.295000E-8	0.002206
3.300000E-8	0.002450
3.305000E-8	0.002775
3.310000E-8	0.002650
3.315000E-8	0.002600
3.320000E-8	0.002441
3.325000E-8	0.002087
3.330000E-8	0.001706
3.335000E-8	0.001288
3.340000E-8	0.000825
3.345000E-8	0.000559
3.350000E-8	0.000450
3.355000E-8	0.000369
3.360000E-8	0.000263
3.365000E-8	0.000513
3.370000E-8	0.000678
3.375000E-8	0.001000
3.380000E-8	0.001444
3.385000E-8	0.001881
3.390000E-8	0.002256
3.395000E-8	0.002647
3.400000E-8	0.002772
3.405000E-8	0.002872
3.410000E-8	0.002597
3.415000E-8	0.002294
3.420000E-8	0.001913
3.425000E-8	0.001559
3.430000E-8	0.001075
3.435000E-8	0.000653
3.440000E-8	0.000372
3.445000E-8	0.000206
3.450000E-8	0.000184
3.455000E-8	0.000372
3.460000E-8	0.000544
3.465000E-8	0.000972
3.470000E-8	0.001259
3.475000E-8	0.001691
3.480000E-8	0.002116
3.485000E-8	0.002484
3.490000E-8	0.002572
3.495000E-8	0.002716
3.500000E-8	0.002569
3.505000E-8	0.002584
3.510000E-8	0.002325
3.515000E-8	0.002034
3.520000E-8	0.001609
3.525000E-8	0.001381
3.530000E-8	0.000963
3.535000E-8	0.000772
3.540000E-8	0.000578
3.545000E-8	0.000597
3.550000E-8	0.000625
3.555000E-8	0.000803
3.560000E-8	0.001059
3.565000E-8	0.001466
3.570000E-8	0.001847
3.575000E-8	0.002172
3.580000E-8	0.002291
3.585000E-8	0.002419
3.590000E-8	0.002563
3.595000E-8	0.002500
3.600000E-8	0.002281
3.605000E-8	0.002047
3.610000E-8	0.001828
3.615000E-8	0.001419
3.620000E-8	0.000991
3.625000E-8	0.000803
3.630000E-8	0.000663
3.635000E-8	0.000663
3.640000E-8	0.000625
3.645000E-8	0.000841
3.650000E-8	0.001044
3.655000E-8	0.001397
3.660000E-8	0.001678
3.665000E-8	0.002006
3.670000E-8	0.002325
3.675000E-8	0.002631
3.680000E-8	0.002725
3.685000E-8	0.002728
3.690000E-8	0.002634
3.695000E-8	0.002478
3.700000E-8	0.002116
3.705000E-8	0.001800
3.710000E-8	0.001316
3.715000E-8	0.001044
3.720000E-8	0.000825
3.725000E-8	0.000784
3.730000E-8	0.000684
3.735000E-8	0.000828
3.740000E-8	0.000934
3.745000E-8	0.001253
3.750000E-8	0.001453
3.755000E-8	0.001822
3.760000E-8	0.002050
3.765000E-8	0.002266
3.770000E-8	0.002409
3.775000E-8	0.002506
3.780000E-8	0.002500
3.785000E-8	0.002356
3.790000E-8	0.002034
3.795000E-8	0.001897
3.800000E-8	0.001434
3.805000E-8	0.001209
3.810000E-8	0.001034
3.815000E-8	0.000931
3.820000E-8	0.000663
3.825000E-8	0.000734
3.830000E-8	0.000778
3.835000E-8	0.000922
3.840000E-8	0.001175
3.845000E-8	0.001422
3.850000E-8	0.001772
3.855000E-8	0.002119
3.860000E-8	0.002366
3.865000E-8	0.002578
3.870000E-8	0.002800
3.875000E-8	0.002844
3.880000E-8	0.002688
3.885000E-8	0.002447
3.890000E-8	0.002075
3.895000E-8	0.001772
3.900000E-8	0.001278
3.905000E-8	0.000984
3.910000E-8	0.000616
3.915000E-8	0.000597
3.920000E-8	0.000444
3.925000E-8	0.000697
3.930000E-8	0.000913
3.935000E-8	0.001109
3.940000E-8	0.001397
3.945000E-8	0.001825
3.950000E-8	0.002109
3.955000E-8	0.002359
3.960000E-8	0.002441
3.965000E-8	0.002481
3.970000E-8	0.002269
3.975000E-8	0.002166
3.980000E-8	0.001859
3.985000E-8	0.001528
3.990000E-8	0.001194
3.995000E-8	0.001072
4.000000E-8	0.000734
4.005000E-8	0.000759
4.010000E-8	0.000694
4.015000E-8	0.000866
4.020000E-8	0.001072
4.025000E-8	0.001178
4.030000E-8	0.001506
4.035000E-8	0.001828
4.040000E-8	0.002047
4.045000E-8	0.002269
4.050000E-8	0.002388
4.055000E-8	0.002472
4.060000E-8	0.002466
4.065000E-8	0.002391
4.070000E-8	0.002063
4.075000E-8	0.001994
4.080000E-8	0.001631
4.085000E-8	0.001369
4.090000E-8	0.001116
4.095000E-8	0.000881
4.100000E-8	0.000678
4.105000E-8	0.000594
4.110000E-8	0.000575
4.115000E-8	0.000822
4.120000E-8	0.001119
4.125000E-8	0.001431
4.130000E-8	0.001547
4.135000E-8	0.002022
4.140000E-8	0.002178
4.145000E-8	0.002353
4.150000E-8	0.002384
4.155000E-8	0.002491
4.160000E-8	0.002388
4.165000E-8	0.002328
4.170000E-8	0.001897
4.175000E-8	0.001731
4.180000E-8	0.001366
4.185000E-8	0.001294
4.190000E-8	0.001081
4.195000E-8	0.000925
4.200000E-8	0.000838
4.205000E-8	0.000953
4.210000E-8	0.001047
4.215000E-8	0.001263
4.220000E-8	0.001494
4.225000E-8	0.001809
4.230000E-8	0.001875
4.235000E-8	0.002131
4.240000E-8	0.002222
4.245000E-8	0.002237
4.250000E-8	0.002053
4.255000E-8	0.001884
4.260000E-8	0.001647
4.265000E-8	0.001444
4.270000E-8	0.000997
4.275000E-8	0.000763
4.280000E-8	0.000581
4.285000E-8	0.000453
4.290000E-8	0.000384
4.295000E-8	0.000378
4.300000E-8	0.000422
4.305000E-8	0.000759
4.310000E-8	0.000975
4.315000E-8	0.001259
4.320000E-8	0.001437
4.325000E-8	0.001687
4.330000E-8	0.001881
4.335000E-8	0.001991
4.340000E-8	0.002087
4.345000E-8	0.002128
4.350000E-8	0.001894
4.355000E-8	0.001744
4.360000E-8	0.001631
4.365000E-8	0.001403
4.370000E-8	0.001181
4.375000E-8	0.001088
4.380000E-8	0.000956
4.385000E-8	0.001144
4.390000E-8	0.001206
4.395000E-8	0.001403
4.400000E-8	0.001534
4.405000E-8	0.001828
4.410000E-8	0.001969
4.415000E-8	0.002119
4.420000E-8	0.002181
4.425000E-8	0.002403
4.430000E-8	0.002206
4.435000E-8	0.002075
4.440000E-8	0.001900
4.445000E-8	0.001734
4.450000E-8	0.001359
4.455000E-8	0.001263
4.460000E-8	0.001106
4.465000E-8	0.001050
4.470000E-8	0.000731
4.475000E-8	0.000666
4.480000E-8	0.000722
4.485000E-8	0.000809
4.490000E-8	0.000859
4.495000E-8	0.001038
4.500000E-8	0.001256
4.505000E-8	0.001516
4.510000E-8	0.001678
4.515000E-8	0.002031
4.520000E-8	0.002097
4.525000E-8	0.002172
4.530000E-8	0.002166
4.535000E-8	0.002072
4.540000E-8	0.001813
4.545000E-8	0.001584
4.550000E-8	0.001344
4.555000E-8	0.001272
4.560000E-8	0.001031
4.565000E-8	0.000897
4.570000E-8	0.000756
4.575000E-8	0.000894
4.580000E-8	0.000988
4.585000E-8	0.001269
4.590000E-8	0.001503
4.595000E-8	0.001763
4.600000E-8	0.002012
4.605000E-8	0.002194
4.610000E-8	0.002263
4.615000E-8	0.002403
4.620000E-8	0.002391
4.625000E-8	0.002366
4.630000E-8	0.002169
4.635000E-8	0.002028
4.640000E-8	0.001841
4.645000E-8	0.001578
4.650000E-8	0.001359
4.655000E-8	0.001297
4.660000E-8	0.001169
4.665000E-8	0.001197
4.670000E-8	0.001091
4.675000E-8	0.001306
4.680000E-8	0.001444
4.685000E-8	0.001719
4.690000E-8	0.001769
4.695000E-8	0.002119
4.700000E-8	0.002144
4.705000E-8	0.002347
4.710000E-8	0.002353
4.715000E-8	0.002209
4.720000E-8	0.002044
4.725000E-8	0.001903
4.730000E-8	0.001734
4.735000E-8	0.001441
4.740000E-8	0.001147
4.745000E-8	0.001050
4.750000E-8	0.000984
4.755000E-8	0.000909
4.760000E-8	0.000838
4.765000E-8	0.001022
4.770000E-8	0.001309
4.775000E-8	0.001503
4.780000E-8	0.001681
4.785000E-8	0.001931
4.790000E-8	0.002022
4.795000E-8	0.002228
4.800000E-8	0.002178
4.805000E-8	0.002181
4.810000E-8	0.002012
4.815000E-8	0.001869
4.820000E-8	0.001616
4.825000E-8	0.001356
4.830000E-8	0.001103
4.835000E-8	0.000972
4.840000E-8	0.000856
4.845000E-8	0.000838
4.850000E-8	0.000781
4.855000E-8	0.000963
4.860000E-8	0.001038
4.865000E-8	0.001194
4.870000E-8	0.001478
4.875000E-8	0.001809
4.880000E-8	0.001928
4.885000E-8	0.002100
4.890000E-8	0.002106
4.895000E-8	0.002147
4.900000E-8	0.002059
4.905000E-8	0.002063
4.910000E-8	0.001875
4.915000E-8	0.001628
4.920000E-8	0.001322
4.925000E-8	0.001169
4.930000E-8	0.000953
4.935000E-8	0.000816
4.940000E-8	0.000850
4.945000E-8	0.000844
4.950000E-8	0.000847
4.955000E-8	0.001088
4.960000E-8	0.001272
4.965000E-8	0.001547
4.970000E-8	0.001756
4.975000E-8	0.001972
4.980000E-8	0.002003
4.985000E-8	0.002272
4.990000E-8	0.002356
4.995000E-8	0.002413
5.000000E-8	0.002184
5.005000E-8	0.001903
5.010000E-8	0.001713
5.015000E-8	0.001366
5.020000E-8	0.001191
5.025000E-8	0.001094
5.030000E-8	0.000953
5.035000E-8	0.000891
5.040000E-8	0.000909
5.045000E-8	0.000938
5.050000E-8	0.001078
5.055000E-8	0.001313
5.060000E-8	0.001631
5.065000E-8	0.001797
5.070000E-8	0.002056
5.075000E-8	0.002300
5.080000E-8	0.002297
5.085000E-8	0.002319
5.090000E-8	0.002191
5.095000E-8	0.002034
5.100000E-8	0.001756
5.105000E-8	0.001594
5.110000E-8	0.001247
5.115000E-8	0.001216
5.120000E-8	0.000900
5.125000E-8	0.000769
5.130000E-8	0.000759
5.135000E-8	0.000841
5.140000E-8	0.000941
5.145000E-8	0.001150
5.150000E-8	0.001325
5.155000E-8	0.001612
5.160000E-8	0.001844
5.165000E-8	0.002047
5.170000E-8	0.002084
5.175000E-8	0.002197
5.180000E-8	0.002194
5.185000E-8	0.002084
5.190000E-8	0.001903
5.195000E-8	0.001672
5.200000E-8	0.001397
5.205000E-8	0.001231
5.210000E-8	0.001103
5.215000E-8	0.001059
5.220000E-8	0.000938
5.225000E-8	0.001056
5.230000E-8	0.001081
5.235000E-8	0.001369
5.240000E-8	0.001388
5.245000E-8	0.001503
5.250000E-8	0.001663
5.255000E-8	0.001778
5.260000E-8	0.001763
5.265000E-8	0.002003
5.270000E-8	0.001866
5.275000E-8	0.001906
5.280000E-8	0.001772
5.285000E-8	0.001750
5.290000E-8	0.001606
5.295000E-8	0.001513
5.300000E-8	0.001281
5.305000E-8	0.001297
5.310000E-8	0.001131
5.315000E-8	0.001131
5.320000E-8	0.001078
5.325000E-8	0.001084
5.330000E-8	0.001291
5.335000E-8	0.001453
5.340000E-8	0.001553
5.345000E-8	0.001741
5.350000E-8	0.001781
5.355000E-8	0.001928
5.360000E-8	0.001978
5.365000E-8	0.001956
5.370000E-8	0.001769
5.375000E-8	0.001644
5.380000E-8	0.001578
5.385000E-8	0.001397
5.390000E-8	0.001116
5.395000E-8	0.000978
5.400000E-8	0.000847
5.405000E-8	0.000881
5.410000E-8	0.000894
5.415000E-8	0.001012
5.420000E-8	0.001034
5.425000E-8	0.001206
5.430000E-8	0.001353
5.435000E-8	0.001591
5.440000E-8	0.001816
5.445000E-8	0.001997
5.450000E-8	0.002012
5.455000E-8	0.002175
5.460000E-8	0.002084
5.465000E-8	0.002034
5.470000E-8	0.001863
5.475000E-8	0.001725
5.480000E-8	0.001556
5.485000E-8	0.001316
5.490000E-8	0.001116
5.495000E-8	0.001128
5.500000E-8	0.001144
5.505000E-8	0.001234
5.510000E-8	0.001206
5.515000E-8	0.001375
5.520000E-8	0.001503
5.525000E-8	0.001713
5.530000E-8	0.001778
5.535000E-8	0.001969
5.540000E-8	0.002016
5.545000E-8	0.002116
5.550000E-8	0.002094
5.555000E-8	0.001984
5.560000E-8	0.001819
5.565000E-8	0.001553
5.570000E-8	0.001441
5.575000E-8	0.001219
5.580000E-8	0.000928
5.585000E-8	0.000763
5.590000E-8	0.000566
5.595000E-8	0.000741
5.600000E-8	0.000706
5.605000E-8	0.000813
5.610000E-8	0.000959
5.615000E-8	0.001144
5.620000E-8	0.001378
5.625000E-8	0.001578
5.630000E-8	0.001725
5.635000E-8	0.001816
5.640000E-8	0.001803
5.645000E-8	0.001891
5.650000E-8	0.001753
5.655000E-8	0.001703
5.660000E-8	0.001478
5.665000E-8	0.001353
5.670000E-8	0.001150
5.675000E-8	0.000959
5.680000E-8	0.000831
5.685000E-8	0.000844
5.690000E-8	0.000756
5.695000E-8	0.000956
5.700000E-8	0.001050
5.705000E-8	0.001403
5.710000E-8	0.001563
5.715000E-8	0.001841
5.720000E-8	0.001937
5.725000E-8	0.002103
5.730000E-8	0.002087
5.735000E-8	0.002144
5.740000E-8	0.002072
5.745000E-8	0.001931
5.750000E-8	0.001681
5.755000E-8	0.001534
5.760000E-8	0.001241
5.765000E-8	0.001106
5.770000E-8	0.000897
5.775000E-8	0.000872
5.780000E-8	0.000916
5.785000E-8	0.001059
5.790000E-8	0.001084
5.795000E-8	0.001328
5.800000E-8	0.001572
5.805000E-8	0.001703
5.810000E-8	0.001947
5.815000E-8	0.002213
5.820000E-8	0.002297
5.825000E-8	0.002566
5.830000E-8	0.002394
5.835000E-8	0.002272
5.840000E-8	0.002141
5.845000E-8	0.002028
5.850000E-8	0.001731
5.855000E-8	0.001619
5.860000E-8	0.001456
5.865000E-8	0.001275
5.870000E-8	0.001222
5.875000E-8	0.001213
5.880000E-8	0.001219
5.885000E-8	0.001316
5.890000E-8	0.001362
5.895000E-8	0.001541
5.900000E-8	0.001669
5.905000E-8	0.001750
5.910000E-8	0.001838
5.915000E-8	0.001978
5.920000E-8	0.001863
5.925000E-8	0.001878
5.930000E-8	0.001697
5.935000E-8	0.001609
5.940000E-8	0.001397
5.945000E-8	0.001447
5.950000E-8	0.001400
5.955000E-8	0.001378
5.960000E-8	0.001253
5.965000E-8	0.001166
5.970000E-8	0.001300
5.975000E-8	0.001534
5.980000E-8	0.001503
5.985000E-8	0.001694
5.990000E-8	0.001741
5.995000E-8	0.001831
6.000000E-8	0.001844
6.005000E-8	0.001947
6.010000E-8	0.001994
6.015000E-8	0.001969
6.020000E-8	0.001925
6.025000E-8	0.002122
6.030000E-8	0.001969
6.035000E-8	0.001888
6.040000E-8	0.001641
6.045000E-8	0.001653
6.050000E-8	0.001528
6.055000E-8	0.001484
6.060000E-8	0.001484
6.065000E-8	0.001531
6.070000E-8	0.001509
6.075000E-8	0.001638
6.080000E-8	0.001603
6.085000E-8	0.001831
6.090000E-8	0.001934
6.095000E-8	0.002009
6.100000E-8	0.001966
6.105000E-8	0.002091
6.110000E-8	0.001969
6.115000E-8	0.001978
6.120000E-8	0.001784
6.125000E-8	0.001844
6.130000E-8	0.001631
6.135000E-8	0.001594
6.140000E-8	0.001416
6.145000E-8	0.001281
6.150000E-8	0.001106
6.155000E-8	0.001100
6.160000E-8	0.001019
6.165000E-8	0.001066
6.170000E-8	0.001153
6.175000E-8	0.001203
6.180000E-8	0.001225
6.185000E-8	0.001466
6.190000E-8	0.001538
6.195000E-8	0.001738
6.200000E-8	0.001853
6.205000E-8	0.001888
6.210000E-8	0.001769
6.215000E-8	0.001738
6.220000E-8	0.001612
6.225000E-8	0.001528
6.230000E-8	0.001450
6.235000E-8	0.001241
6.240000E-8	0.001197
6.245000E-8	0.001325
6.250000E-8	0.001259
6.255000E-8	0.001372
6.260000E-8	0.001491
6.265000E-8	0.001791
6.270000E-8	0.001909
6.275000E-8	0.002059
6.280000E-8	0.002091
6.285000E-8	0.002191
6.290000E-8	0.002256
6.295000E-8	0.002281
6.300000E-8	0.002191
6.305000E-8	0.002056
6.310000E-8	0.001872
6.315000E-8	0.001741
6.320000E-8	0.001481
6.325000E-8	0.001334
6.330000E-8	0.001178
6.335000E-8	0.001163
6.340000E-8	0.001119
6.345000E-8	0.001216
6.350000E-8	0.001138
6.355000E-8	0.001344
6.360000E-8	0.001528
6.365000E-8	0.001694
6.370000E-8	0.001891
6.375000E-8	0.002141
6.380000E-8	0.002316
6.385000E-8	0.002347
6.390000E-8	0.002219
6.395000E-8	0.002284
6.400000E-8	0.002172
6.405000E-8	0.002009
6.410000E-8	0.001844
6.415000E-8	0.001722
6.420000E-8	0.001628
6.425000E-8	0.001459
6.430000E-8	0.001409
6.435000E-8	0.001466
6.440000E-8	0.001588
6.445000E-8	0.001656
6.450000E-8	0.001716
6.455000E-8	0.001869
6.460000E-8	0.002056
6.465000E-8	0.002188
6.470000E-8	0.002131
6.475000E-8	0.002222
6.480000E-8	0.002119
6.485000E-8	0.002113
6.490000E-8	0.001913
6.495000E-8	0.001678
6.500000E-8	0.001459
6.505000E-8	0.001341
6.510000E-8	0.001266
6.515000E-8	0.001241
6.520000E-8	0.001225
6.525000E-8	0.001244
6.530000E-8	0.001266
6.535000E-8	0.001500
6.540000E-8	0.001569
6.545000E-8	0.001797
6.550000E-8	0.001847
6.555000E-8	0.001944
6.560000E-8	0.001984
6.565000E-8	0.001981
6.570000E-8	0.001975
6.575000E-8	0.001884
6.580000E-8	0.001719
6.585000E-8	0.001728
6.590000E-8	0.001638
6.595000E-8	0.001584
6.600000E-8	0.001513
6.605000E-8	0.001494
6.610000E-8	0.001434
6.615000E-8	0.001375
6.620000E-8	0.001375
6.625000E-8	0.001475
6.630000E-8	0.001500
6.635000E-8	0.001603
6.640000E-8	0.001644
6.645000E-8	0.001741
6.650000E-8	0.001888
6.655000E-8	0.001934
6.660000E-8	0.001844
6.665000E-8	0.001959
6.670000E-8	0.001931
6.675000E-8	0.002003
6.680000E-8	0.001903
6.685000E-8	0.001869
6.690000E-8	0.001691
6.695000E-8	0.001878
6.700000E-8	0.001731
6.705000E-8	0.001750
6.710000E-8	0.001759
6.715000E-8	0.001769
6.720000E-8	0.001794
6.725000E-8	0.001781
6.730000E-8	0.001744
6.735000E-8	0.001756
6.740000E-8	0.001750
6.745000E-8	0.001872
6.750000E-8	0.001891
6.755000E-8	0.001753
6.760000E-8	0.001744
6.765000E-8	0.001750
6.770000E-8	0.001687
6.775000E-8	0.001628
6.780000E-8	0.001634
6.785000E-8	0.001675
6.790000E-8	0.001634
6.795000E-8	0.001697
6.800000E-8	0.001634
6.805000E-8	0.001741
6.810000E-8	0.001706
6.815000E-8	0.001703
6.820000E-8	0.001784
6.825000E-8	0.001759
6.830000E-8	0.001788
6.835000E-8	0.001913
6.840000E-8	0.001909
6.845000E-8	0.002041
6.850000E-8	0.001991
6.855000E-8	0.002106
6.860000E-8	0.002031
6.865000E-8	0.001991
6.870000E-8	0.001863
6.875000E-8	0.001825
6.880000E-8	0.001722
6.885000E-8	0.001694
6.890000E-8	0.001628
6.895000E-8	0.001806
6.900000E-8	0.001697
6.905000E-8	0.001803
6.910000E-8	0.001687
6.915000E-8	0.001722
6.920000E-8	0.001791
6.925000E-8	0.001906
6.930000E-8	0.001906
6.935000E-8	0.001984
6.940000E-8	0.001931
6.945000E-8	0.002103
6.950000E-8	0.001959
6.955000E-8	0.001956
6.960000E-8	0.001831
6.965000E-8	0.001672
6.970000E-8	0.001525
6.975000E-8	0.001491
6.980000E-8	0.001353
6.985000E-8	0.001353
6.990000E-8	0.001309
6.995000E-8	0.001384
7.000000E-8	0.001488
7.005000E-8	0.001444
7.010000E-8	0.001456
7.015000E-8	0.001453
7.020000E-8	0.001541
7.025000E-8	0.001669
7.030000E-8	0.001719
7.035000E-8	0.001822
7.040000E-8	0.001734
7.045000E-8	0.001644
7.050000E-8	0.001569
7.055000E-8	0.001509
7.060000E-8	0.001356
7.065000E-8	0.001328
7.070000E-8	0.001322
7.075000E-8	0.001353
7.080000E-8	0.001266
7.085000E-8	0.001309
7.090000E-8	0.001253
7.095000E-8	0.001409
7.100000E-8	0.001441
7.105000E-8	0.001581
7.110000E-8	0.001644
7.115000E-8	0.001769
7.120000E-8	0.001788
7.125000E-8	0.001841
7.130000E-8	0.001888
7.135000E-8	0.001953
7.140000E-8	0.001963
7.145000E-8	0.001959
7.150000E-8	0.001881
7.155000E-8	0.001963
7.160000E-8	0.001741
7.165000E-8	0.001675
7.170000E-8	0.001497
7.175000E-8	0.001584
7.180000E-8	0.001484
7.185000E-8	0.001538
7.190000E-8	0.001497
7.195000E-8	0.001522
7.200000E-8	0.001544
7.205000E-8	0.001503
7.210000E-8	0.001591
7.215000E-8	0.001753
7.220000E-8	0.001666
7.225000E-8	0.001694
7.230000E-8	0.001809
7.235000E-8	0.001875
7.240000E-8	0.001888
7.245000E-8	0.001878
7.250000E-8	0.001681
7.255000E-8	0.001650
7.260000E-8	0.001469
7.265000E-8	0.001437
7.270000E-8	0.001403
7.275000E-8	0.001344
7.280000E-8	0.001266
7.285000E-8	0.001241
7.290000E-8	0.001266
7.295000E-8	0.001403
7.300000E-8	0.001375
7.305000E-8	0.001416
7.310000E-8	0.001488
7.315000E-8	0.001437
7.320000E-8	0.001378
7.325000E-8	0.001450
7.330000E-8	0.001428
7.335000E-8	0.001478
7.340000E-8	0.001491
7.345000E-8	0.001472
7.350000E-8	0.001394
7.355000E-8	0.001466
7.360000E-8	0.001388
7.365000E-8	0.001456
7.370000E-8	0.001522
7.375000E-8	0.001556
7.380000E-8	0.001581
7.385000E-8	0.001784
7.390000E-8	0.001816
7.395000E-8	0.001853
7.400000E-8	0.001788
7.405000E-8	0.001803
7.410000E-8	0.001744
7.415000E-8	0.001734
7.420000E-8	0.001572
7.425000E-8	0.001569
7.430000E-8	0.001691
7.435000E-8	0.001700
7.440000E-8	0.001597
7.445000E-8	0.001678
7.450000E-8	0.001763
7.455000E-8	0.001822
7.460000E-8	0.001834
7.465000E-8	0.002003
7.470000E-8	0.002081
7.475000E-8	0.002075
7.480000E-8	0.002044
7.485000E-8	0.002003
7.490000E-8	0.001884
7.495000E-8	0.001909
7.500000E-8	0.001775
7.505000E-8	0.001856
7.510000E-8	0.001728
7.515000E-8	0.001828
7.520000E-8	0.001784
7.525000E-8	0.001703
7.530000E-8	0.001725
7.535000E-8	0.001709
7.540000E-8	0.001700
7.545000E-8	0.001738
7.550000E-8	0.001628
7.555000E-8	0.001634
7.560000E-8	0.001566
7.565000E-8	0.001459
7.570000E-8	0.001497
7.575000E-8	0.001569
7.580000E-8	0.001509
7.585000E-8	0.001563
7.590000E-8	0.001494
7.595000E-8	0.001619
7.600000E-8	0.001738
7.605000E-8	0.001709
7.610000E-8	0.001669
7.615000E-8	0.001684
7.620000E-8	0.001531
7.625000E-8	0.001509
7.630000E-8	0.001428
7.635000E-8	0.001356
7.640000E-8	0.001250
7.645000E-8	0.001306
7.650000E-8	0.001278
7.655000E-8	0.001434
7.660000E-8	0.001406
7.665000E-8	0.001597
7.670000E-8	0.001625
7.675000E-8	0.001778
7.680000E-8	0.001741
7.685000E-8	0.001709
7.690000E-8	0.001709
7.695000E-8	0.001778
7.700000E-8	0.001628
7.705000E-8	0.001625
7.710000E-8	0.001631
7.715000E-8	0.001553
7.720000E-8	0.001466
7.725000E-8	0.001478
7.730000E-8	0.001384
7.735000E-8	0.001338
7.740000E-8	0.001322
7.745000E-8	0.001369
7.750000E-8	0.001431
7.755000E-8	0.001431
7.760000E-8	0.001506
7.765000E-8	0.001644
7.770000E-8	0.001675
7.775000E-8	0.001869
7.780000E-8	0.001856
7.785000E-8	0.001947
7.790000E-8	0.001916
7.795000E-8	0.001884
7.800000E-8	0.001766
7.805000E-8	0.001672
7.810000E-8	0.001503
7.815000E-8	0.001547
7.820000E-8	0.001375
7.825000E-8	0.001269
7.830000E-8	0.001375
7.835000E-8	0.001344
7.840000E-8	0.001319
7.845000E-8	0.001481
7.850000E-8	0.001575
7.855000E-8	0.001738
7.860000E-8	0.001825
7.865000E-8	0.001934
7.870000E-8	0.001956
7.875000E-8	0.002053
7.880000E-8	0.001991
7.885000E-8	0.002156
7.890000E-8	0.002056
7.895000E-8	0.001984
7.900000E-8	0.001831
7.905000E-8	0.001791
7.910000E-8	0.001700
7.915000E-8	0.001738
7.920000E-8	0.001563
7.925000E-8	0.001612
7.930000E-8	0.001663
7.935000E-8	0.001669
7.940000E-8	0.001644
7.945000E-8	0.001681
7.950000E-8	0.001669
7.955000E-8	0.001681
7.960000E-8	0.001622
7.965000E-8	0.001650
7.970000E-8	0.001553
7.975000E-8	0.001441
7.980000E-8	0.001437
7.985000E-8	0.001519
7.990000E-8	0.001556
7.995000E-8	0.001478
8.000000E-8	0.001428
8.005000E-8	0.001453
8.010000E-8	0.001306
8.015000E-8	0.001437
8.020000E-8	0.001416
8.025000E-8	0.001472
8.030000E-8	0.001522
8.035000E-8	0.001619
8.040000E-8	0.001606
8.045000E-8	0.001738
8.050000E-8	0.001653
8.055000E-8	0.001741
8.060000E-8	0.001741
8.065000E-8	0.001831
8.070000E-8	0.001631
8.075000E-8	0.001694
8.080000E-8	0.001622
8.085000E-8	0.001609
8.090000E-8	0.001600
8.095000E-8	0.001612
8.100000E-8	0.001475
8.105000E-8	0.001441
8.110000E-8	0.001456
8.115000E-8	0.001500
8.120000E-8	0.001506
8.125000E-8	0.001569
8.130000E-8	0.001534
8.135000E-8	0.001638
8.140000E-8	0.001525
8.145000E-8	0.001631
8.150000E-8	0.001669
8.155000E-8	0.001678
8.160000E-8	0.001653
8.165000E-8	0.001716
8.170000E-8	0.001700
8.175000E-8	0.001631
8.180000E-8	0.001575
8.185000E-8	0.001588
8.190000E-8	0.001469
8.195000E-8	0.001466
8.200000E-8	0.001469
8.205000E-8	0.001519
8.210000E-8	0.001519
8.215000E-8	0.001588
8.220000E-8	0.001494
8.225000E-8	0.001659
8.230000E-8	0.001731
8.235000E-8	0.001763
8.240000E-8	0.001844
8.245000E-8	0.001888
8.250000E-8	0.001997
8.255000E-8	0.002000
8.260000E-8	0.002025
8.265000E-8	0.002103
8.270000E-8	0.002103
8.275000E-8	0.002156
8.280000E-8	0.002028
8.285000E-8	0.001937
8.290000E-8	0.001791
8.295000E-8	0.001738
8.300000E-8	0.001522
8.305000E-8	0.001453
8.310000E-8	0.001397
8.315000E-8	0.001422
8.320000E-8	0.001434
8.325000E-8	0.001619
8.330000E-8	0.001728
8.335000E-8	0.001913
8.340000E-8	0.001950
8.345000E-8	0.002075
8.350000E-8	0.001972
8.355000E-8	0.002025
8.360000E-8	0.001806
8.365000E-8	0.001716
8.370000E-8	0.001584
8.375000E-8	0.001441
8.380000E-8	0.001325
8.385000E-8	0.001281
8.390000E-8	0.001272
8.395000E-8	0.001309
8.400000E-8	0.001338
8.405000E-8	0.001478
8.410000E-8	0.001484
8.415000E-8	0.001538
8.420000E-8	0.001469
8.425000E-8	0.001581
8.430000E-8	0.001547
8.435000E-8	0.001547
8.440000E-8	0.001459
8.445000E-8	0.001466
8.450000E-8	0.001394
8.455000E-8	0.001384
8.460000E-8	0.001447
8.465000E-8	0.001475
8.470000E-8	0.001381
8.475000E-8	0.001513
8.480000E-8	0.001353
8.485000E-8	0.001453
8.490000E-8	0.001369
8.495000E-8	0.001388
8.500000E-8	0.001375
8.505000E-8	0.001419
8.510000E-8	0.001403
8.515000E-8	0.001516
8.520000E-8	0.001600
8.525000E-8	0.001678
8.530000E-8	0.001669
8.535000E-8	0.001775
8.540000E-8	0.001647
8.545000E-8	0.001700
8.550000E-8	0.001653
8.555000E-8	0.001663
8.560000E-8	0.001484
8.565000E-8	0.001450
8.570000E-8	0.001375
8.575000E-8	0.001416
8.580000E-8	0.001263
8.585000E-8	0.001247
8.590000E-8	0.001291
8.595000E-8	0.001206
8.600000E-8	0.001250
8.605000E-8	0.001244
8.610000E-8	0.001184
8.615000E-8	0.001269
8.620000E-8	0.001281
8.625000E-8	0.001547
8.630000E-8	0.001491
8.635000E-8	0.001594
8.640000E-8	0.001513
8.645000E-8	0.001553
8.650000E-8	0.001528
8.655000E-8	0.001581
8.660000E-8	0.001563
8.665000E-8	0.001634
8.670000E-8	0.001553
8.675000E-8	0.001638
8.680000E-8	0.001606
8.685000E-8	0.001666
8.690000E-8	0.001706
8.695000E-8	0.001741
8.700000E-8	0.001644
8.705000E-8	0.001641
8.710000E-8	0.001538
8.715000E-8	0.001578
8.720000E-8	0.001538
8.725000E-8	0.001497
8.730000E-8	0.001478
8.735000E-8	0.001519
8.740000E-8	0.001519
8.745000E-8	0.001491
8.750000E-8	0.001394
8.755000E-8	0.001425
8.760000E-8	0.001378
8.765000E-8	0.001403
8.770000E-8	0.001275
8.775000E-8	0.001350
8.780000E-8	0.001409
8.785000E-8	0.001469
8.790000E-8	0.001513
8.795000E-8	0.001466
8.800000E-8	0.001669
8.805000E-8	0.001806
8.810000E-8	0.001844
8.815000E-8	0.001903
8.820000E-8	0.001909
8.825000E-8	0.001975
8.830000E-8	0.001953
8.835000E-8	0.001906
8.840000E-8	0.001906
8.845000E-8	0.001684
8.850000E-8	0.001684
8.855000E-8	0.001625
8.860000E-8	0.001444
8.865000E-8	0.001397
8.870000E-8	0.001288
8.875000E-8	0.001425
8.880000E-8	0.001400
8.885000E-8	0.001631
8.890000E-8	0.001663
8.895000E-8	0.001859
8.900000E-8	0.001903
8.905000E-8	0.001925
8.910000E-8	0.001891
8.915000E-8	0.001916
8.920000E-8	0.001791
8.925000E-8	0.001678
8.930000E-8	0.001612
8.935000E-8	0.001631
8.940000E-8	0.001606
8.945000E-8	0.001581
8.950000E-8	0.001369
8.955000E-8	0.001388
8.960000E-8	0.001331
8.965000E-8	0.001491
8.970000E-8	0.001538
8.975000E-8	0.001675
8.980000E-8	0.001625
8.985000E-8	0.001759
8.990000E-8	0.001891
8.995000E-8	0.001838
9.000000E-8	0.001931
9.005000E-8	0.001953
9.010000E-8	0.001728
9.015000E-8	0.001675
9.020000E-8	0.001709
9.025000E-8	0.001550
9.030000E-8	0.001541
9.035000E-8	0.001503
9.040000E-8	0.001403
9.045000E-8	0.001434
9.050000E-8	0.001444
9.055000E-8	0.001447
9.060000E-8	0.001344
9.065000E-8	0.001519
9.070000E-8	0.001503
9.075000E-8	0.001681
9.080000E-8	0.001616
9.085000E-8	0.001616
9.090000E-8	0.001581
9.095000E-8	0.001663
9.100000E-8	0.001638
9.105000E-8	0.001612
9.110000E-8	0.001612
9.115000E-8	0.001672
9.120000E-8	0.001650
9.125000E-8	0.001809
9.130000E-8	0.001681
9.135000E-8	0.001716
9.140000E-8	0.001572
9.145000E-8	0.001572
9.150000E-8	0.001491
9.155000E-8	0.001369
9.160000E-8	0.001303
9.165000E-8	0.001272
9.170000E-8	0.001150
9.175000E-8	0.001250
9.180000E-8	0.001191
9.185000E-8	0.001362
9.190000E-8	0.001394
9.195000E-8	0.001572
9.200000E-8	0.001588
9.205000E-8	0.001634
9.210000E-8	0.001666
9.215000E-8	0.001597
9.220000E-8	0.001541
9.225000E-8	0.001547
9.230000E-8	0.001488
9.235000E-8	0.001519
9.240000E-8	0.001503
9.245000E-8	0.001494
9.250000E-8	0.001513
9.255000E-8	0.001663
9.260000E-8	0.001691
9.265000E-8	0.001869
9.270000E-8	0.001878
9.275000E-8	0.001884
9.280000E-8	0.001897
9.285000E-8	0.001941
9.290000E-8	0.001838
9.295000E-8	0.001900
9.300000E-8	0.001866
9.305000E-8	0.001834
9.310000E-8	0.001606
9.315000E-8	0.001794
9.320000E-8	0.001759
9.325000E-8	0.001672
9.330000E-8	0.001663
9.335000E-8	0.001775
9.340000E-8	0.001694
9.345000E-8	0.001797
9.350000E-8	0.001706
9.355000E-8	0.001694
9.360000E-8	0.001666
9.365000E-8	0.001734
9.370000E-8	0.001778
9.375000E-8	0.001734
9.380000E-8	0.001659
9.385000E-8	0.001628
9.390000E-8	0.001581
9.395000E-8	0.001653
9.400000E-8	0.001563
9.405000E-8	0.001656
9.410000E-8	0.001591
9.415000E-8	0.001650
9.420000E-8	0.001538
9.425000E-8	0.001569
9.430000E-8	0.001544
9.435000E-8	0.001553
9.440000E-8	0.001475
9.445000E-8	0.001516
9.450000E-8	0.001488
9.455000E-8	0.001516
9.460000E-8	0.001494
9.465000E-8	0.001534
9.470000E-8	0.001656
9.475000E-8	0.001681
9.480000E-8	0.001694
9.485000E-8	0.001763
9.490000E-8	0.001731
9.495000E-8	0.001738
9.500000E-8	0.001634
9.505000E-8	0.001694
9.510000E-8	0.001522
9.515000E-8	0.001616
9.520000E-8	0.001497
9.525000E-8	0.001550
9.530000E-8	0.001556
9.535000E-8	0.001616
9.540000E-8	0.001494
9.545000E-8	0.001572
9.550000E-8	0.001600
9.555000E-8	0.001672
9.560000E-8	0.001581
9.565000E-8	0.001641
9.570000E-8	0.001650
9.575000E-8	0.001681
9.580000E-8	0.001584
9.585000E-8	0.001584
9.590000E-8	0.001584
9.595000E-8	0.001675
9.600000E-8	0.001563
9.605000E-8	0.001581
9.610000E-8	0.001459
9.615000E-8	0.001569
9.620000E-8	0.001513
9.625000E-8	0.001559
9.630000E-8	0.001563
9.635000E-8	0.001659
9.640000E-8	0.001563
9.645000E-8	0.001716
9.650000E-8	0.001634
9.655000E-8	0.001706
9.660000E-8	0.001647
9.665000E-8	0.001756
9.670000E-8	0.001684
9.675000E-8	0.001697
9.680000E-8	0.001594
9.685000E-8	0.001600
9.690000E-8	0.001584
9.695000E-8	0.001600
9.700000E-8	0.001553
9.705000E-8	0.001547
9.710000E-8	0.001459
9.715000E-8	0.001609
9.720000E-8	0.001653
9.725000E-8	0.001803
9.730000E-8	0.001728
9.735000E-8	0.001691
9.740000E-8	0.001653
9.745000E-8	0.001588
9.750000E-8	0.001431
9.755000E-8	0.001347
9.760000E-8	0.001184
9.765000E-8	0.001150
9.770000E-8	0.000906
9.775000E-8	0.000903
9.780000E-8	0.000809
9.785000E-8	0.000925
9.790000E-8	0.001016
9.795000E-8	0.001213
9.800000E-8	0.001325
9.805000E-8	0.001538
9.810000E-8	0.001513
9.815000E-8	0.001678
9.820000E-8	0.001650
9.825000E-8	0.001653
9.830000E-8	0.001775
9.835000E-8	0.001875
9.840000E-8	0.001738
9.845000E-8	0.001722
9.850000E-8	0.001625
9.855000E-8	0.001700
9.860000E-8	0.001628
9.865000E-8	0.001656
9.870000E-8	0.001678
9.875000E-8	0.001653
9.880000E-8	0.001600
9.885000E-8	0.001634
9.890000E-8	0.001703
9.895000E-8	0.001722
9.900000E-8	0.001647
9.905000E-8	0.001759
9.910000E-8	0.001647
9.915000E-8	0.001803
9.920000E-8	0.001681
9.925000E-8	0.001734
9.930000E-8	0.001750
9.935000E-8	0.001725
9.940000E-8	0.001578
9.945000E-8	0.001628
9.950000E-8	0.001559
9.955000E-8	0.001606
9.960000E-8	0.001519
9.965000E-8	0.001541
9.970000E-8	0.001463
9.975000E-8	0.001538
9.980000E-8	0.001553
9.985000E-8	0.001559
9.990000E-8	0.001444
9.995000E-8	0.001519
