LabVIEW Measurement	
Writer_Version	2
Reader_Version	2
Separator	Tab
Decimal_Separator	.
Multi_Headings	No
X_Columns	Multi
Time_Pref	Relative
Operator	TG lab
Date	2015/03/07
Time	10:53:36.9862933158874511719
***End_of_Header***	
	
Channels	1	
Samples	2000	
Date	2015/03/07	
Time	10:53:36.9862933158874511719	
X_Dimension	Time	
X0	0.0000000000000000E+0	
Delta_X	5.000000E-11	
***End_of_Header***		
X_Value	Untitled	Comment
0.000000	0.002103
5.000000E-11	0.002150
1.000000E-10	0.002041
1.500000E-10	0.002019
2.000000E-10	0.002059
2.500000E-10	0.001884
3.000000E-10	0.001978
3.500000E-10	0.001984
4.000000E-10	0.001966
4.500000E-10	0.002103
5.000000E-10	0.002119
5.500000E-10	0.002244
6.000000E-10	0.002247
6.500000E-10	0.002194
7.000000E-10	0.002206
7.500000E-10	0.002141
8.000000E-10	0.002084
8.500000E-10	0.002050
9.000000E-10	0.002072
9.500000E-10	0.002056
1.000000E-9	0.001959
1.050000E-9	0.002003
1.100000E-9	0.002097
1.150000E-9	0.002109
1.200000E-9	0.002100
1.250000E-9	0.002125
1.300000E-9	0.002294
1.350000E-9	0.002319
1.400000E-9	0.002297
1.450000E-9	0.002356
1.500000E-9	0.002341
1.550000E-9	0.002456
1.600000E-9	0.002444
1.650000E-9	0.002384
1.700000E-9	0.002403
1.750000E-9	0.002391
1.800000E-9	0.002300
1.850000E-9	0.002291
1.900000E-9	0.002213
1.950000E-9	0.002081
2.000000E-9	0.002094
2.050000E-9	0.002247
2.100000E-9	0.002303
2.150000E-9	0.002563
2.200000E-9	0.002594
2.250000E-9	0.002566
2.300000E-9	0.002625
2.350000E-9	0.002666
2.400000E-9	0.002641
2.450000E-9	0.002628
2.500000E-9	0.002650
2.550000E-9	0.002638
2.600000E-9	0.002653
2.650000E-9	0.002700
2.700000E-9	0.002684
2.750000E-9	0.002650
2.800000E-9	0.002709
2.850000E-9	0.002734
2.900000E-9	0.002728
2.950000E-9	0.002775
3.000000E-9	0.002788
3.050000E-9	0.002919
3.100000E-9	0.002931
3.150000E-9	0.002897
3.200000E-9	0.002881
3.250000E-9	0.002847
3.300000E-9	0.002841
3.350000E-9	0.002825
3.400000E-9	0.002763
3.450000E-9	0.002816
3.500000E-9	0.002766
3.550000E-9	0.002728
3.600000E-9	0.002641
3.650000E-9	0.002647
3.700000E-9	0.002750
3.750000E-9	0.002856
3.800000E-9	0.002994
3.850000E-9	0.003063
3.900000E-9	0.003131
3.950000E-9	0.003225
4.000000E-9	0.003319
4.050000E-9	0.003419
4.100000E-9	0.003503
4.150000E-9	0.003531
4.200000E-9	0.003766
4.250000E-9	0.003938
4.300000E-9	0.004197
4.350000E-9	0.004556
4.400000E-9	0.004769
4.450000E-9	0.005297
4.500000E-9	0.005847
4.550000E-9	0.006434
4.600000E-9	0.007188
4.650000E-9	0.008006
4.700000E-9	0.008747
4.750000E-9	0.009544
4.800000E-9	0.010425
4.850000E-9	0.011278
4.900000E-9	0.012175
4.950000E-9	0.013281
5.000000E-9	0.014397
5.050000E-9	0.015659
5.100000E-9	0.017025
5.150000E-9	0.018541
5.200000E-9	0.020141
5.250000E-9	0.021794
5.300000E-9	0.023525
5.350000E-9	0.024972
5.400000E-9	0.026169
5.450000E-9	0.027141
5.500000E-9	0.027606
5.550000E-9	0.027634
5.600000E-9	0.027181
5.650000E-9	0.026300
5.700000E-9	0.024866
5.750000E-9	0.023341
5.800000E-9	0.021666
5.850000E-9	0.019941
5.900000E-9	0.018219
5.950000E-9	0.016881
6.000000E-9	0.015884
6.050000E-9	0.015234
6.100000E-9	0.014900
6.150000E-9	0.014897
6.200000E-9	0.015256
6.250000E-9	0.015853
6.300000E-9	0.016431
6.350000E-9	0.017034
6.400000E-9	0.017450
6.450000E-9	0.017634
6.500000E-9	0.017594
6.550000E-9	0.017266
6.600000E-9	0.016575
6.650000E-9	0.015613
6.700000E-9	0.014381
6.750000E-9	0.013128
6.800000E-9	0.011797
6.850000E-9	0.010741
6.900000E-9	0.009575
6.950000E-9	0.009006
7.000000E-9	0.008534
7.050000E-9	0.008503
7.100000E-9	0.008800
7.150000E-9	0.009328
7.200000E-9	0.009941
7.250000E-9	0.010800
7.300000E-9	0.011453
7.350000E-9	0.012041
7.400000E-9	0.012247
7.450000E-9	0.012209
7.500000E-9	0.011916
7.550000E-9	0.011244
7.600000E-9	0.010366
7.650000E-9	0.009344
7.700000E-9	0.008059
7.750000E-9	0.006947
7.800000E-9	0.006031
7.850000E-9	0.005275
7.900000E-9	0.004888
7.950000E-9	0.004703
8.000000E-9	0.004913
8.050000E-9	0.005359
8.100000E-9	0.006153
8.150000E-9	0.006944
8.200000E-9	0.007741
8.250000E-9	0.008566
8.300000E-9	0.009109
8.350000E-9	0.009294
8.400000E-9	0.009150
8.450000E-9	0.008784
8.500000E-9	0.008059
8.550000E-9	0.007184
8.600000E-9	0.006097
8.650000E-9	0.004966
8.700000E-9	0.003978
8.750000E-9	0.003175
8.800000E-9	0.002572
8.850000E-9	0.002278
8.900000E-9	0.002131
8.950000E-9	0.002488
9.000000E-9	0.003109
9.050000E-9	0.003938
9.100000E-9	0.004884
9.150000E-9	0.005806
9.200000E-9	0.006591
9.250000E-9	0.007159
9.300000E-9	0.007563
9.350000E-9	0.007603
9.400000E-9	0.007294
9.450000E-9	0.006650
9.500000E-9	0.005803
9.550000E-9	0.004694
9.600000E-9	0.003619
9.650000E-9	0.002662
9.700000E-9	0.001750
9.750000E-9	0.001350
9.800000E-9	0.001200
9.850000E-9	0.001491
9.900000E-9	0.002044
9.950000E-9	0.002800
1.000000E-8	0.003609
1.005000E-8	0.004581
1.010000E-8	0.005513
1.015000E-8	0.006253
1.020000E-8	0.006688
1.025000E-8	0.006938
1.030000E-8	0.006775
1.035000E-8	0.006316
1.040000E-8	0.005519
1.045000E-8	0.004725
1.050000E-8	0.003613
1.055000E-8	0.002694
1.060000E-8	0.001813
1.065000E-8	0.001134
1.070000E-8	0.000744
1.075000E-8	0.000647
1.080000E-8	0.000869
1.085000E-8	0.001500
1.090000E-8	0.002331
1.095000E-8	0.003259
1.100000E-8	0.004144
1.105000E-8	0.004978
1.110000E-8	0.005559
1.115000E-8	0.006041
1.120000E-8	0.006053
1.125000E-8	0.005734
1.130000E-8	0.005091
1.135000E-8	0.004356
1.140000E-8	0.003428
1.145000E-8	0.002409
1.150000E-8	0.001494
1.155000E-8	0.000756
1.160000E-8	0.000272
1.165000E-8	0.000113
1.170000E-8	0.000113
1.175000E-8	0.000628
1.180000E-8	0.001253
1.185000E-8	0.002006
1.190000E-8	0.002791
1.195000E-8	0.003700
1.200000E-8	0.004375
1.205000E-8	0.004938
1.210000E-8	0.005038
1.215000E-8	0.005100
1.220000E-8	0.004697
1.225000E-8	0.004141
1.230000E-8	0.003438
1.235000E-8	0.002550
1.240000E-8	0.001619
1.245000E-8	0.000781
1.250000E-8	0.000213
1.255000E-8	-0.000125
1.260000E-8	-0.000200
1.265000E-8	0.000169
1.270000E-8	0.000594
1.275000E-8	0.001313
1.280000E-8	0.002213
1.285000E-8	0.003250
1.290000E-8	0.003953
1.295000E-8	0.004597
1.300000E-8	0.005072
1.305000E-8	0.005116
1.310000E-8	0.005003
1.315000E-8	0.004728
1.320000E-8	0.004038
1.325000E-8	0.003275
1.330000E-8	0.002369
1.335000E-8	0.001616
1.340000E-8	0.001000
1.345000E-8	0.000425
1.350000E-8	0.000141
1.355000E-8	0.000263
1.360000E-8	0.000469
1.365000E-8	0.000991
1.370000E-8	0.001606
1.375000E-8	0.002409
1.380000E-8	0.003219
1.385000E-8	0.003997
1.390000E-8	0.004591
1.395000E-8	0.005009
1.400000E-8	0.005044
1.405000E-8	0.004812
1.410000E-8	0.004203
1.415000E-8	0.003516
1.420000E-8	0.002653
1.425000E-8	0.001853
1.430000E-8	0.001200
1.435000E-8	0.000547
1.440000E-8	0.000188
1.445000E-8	9.375000E-6
1.450000E-8	0.000184
1.455000E-8	0.000519
1.460000E-8	0.001006
1.465000E-8	0.001603
1.470000E-8	0.002391
1.475000E-8	0.003078
1.480000E-8	0.003663
1.485000E-8	0.004100
1.490000E-8	0.004300
1.495000E-8	0.004338
1.500000E-8	0.004081
1.505000E-8	0.003500
1.510000E-8	0.002928
1.515000E-8	0.002222
1.520000E-8	0.001494
1.525000E-8	0.000863
1.530000E-8	0.000325
1.535000E-8	2.500000E-5
1.540000E-8	-8.750000E-5
1.545000E-8	0.000225
1.550000E-8	0.000700
1.555000E-8	0.001275
1.560000E-8	0.001984
1.565000E-8	0.002719
1.570000E-8	0.003288
1.575000E-8	0.003969
1.580000E-8	0.004281
1.585000E-8	0.004550
1.590000E-8	0.004541
1.595000E-8	0.004116
1.600000E-8	0.003584
1.605000E-8	0.003025
1.610000E-8	0.002278
1.615000E-8	0.001609
1.620000E-8	0.000991
1.625000E-8	0.000566
1.630000E-8	0.000328
1.635000E-8	0.000425
1.640000E-8	0.000706
1.645000E-8	0.001256
1.650000E-8	0.001937
1.655000E-8	0.002662
1.660000E-8	0.003322
1.665000E-8	0.004075
1.670000E-8	0.004572
1.675000E-8	0.004791
1.680000E-8	0.004788
1.685000E-8	0.004613
1.690000E-8	0.004119
1.695000E-8	0.003488
1.700000E-8	0.002641
1.705000E-8	0.001869
1.710000E-8	0.001150
1.715000E-8	0.000609
1.720000E-8	0.000194
1.725000E-8	-1.875000E-5
1.730000E-8	2.500000E-5
1.735000E-8	0.000403
1.740000E-8	0.000897
1.745000E-8	0.001528
1.750000E-8	0.002147
1.755000E-8	0.002863
1.760000E-8	0.003447
1.765000E-8	0.003775
1.770000E-8	0.004031
1.775000E-8	0.004013
1.780000E-8	0.003706
1.785000E-8	0.003300
1.790000E-8	0.002797
1.795000E-8	0.002166
1.800000E-8	0.001431
1.805000E-8	0.000834
1.810000E-8	0.000366
1.815000E-8	0.000253
1.820000E-8	0.000172
1.825000E-8	0.000391
1.830000E-8	0.000869
1.835000E-8	0.001419
1.840000E-8	0.001956
1.845000E-8	0.002556
1.850000E-8	0.003275
1.855000E-8	0.003716
1.860000E-8	0.003981
1.865000E-8	0.004031
1.870000E-8	0.003978
1.875000E-8	0.003688
1.880000E-8	0.003056
1.885000E-8	0.002459
1.890000E-8	0.001734
1.895000E-8	0.001153
1.900000E-8	0.000684
1.905000E-8	0.000391
1.910000E-8	0.000328
1.915000E-8	0.000416
1.920000E-8	0.000691
1.925000E-8	0.001247
1.930000E-8	0.001753
1.935000E-8	0.002319
1.940000E-8	0.002934
1.945000E-8	0.003469
1.950000E-8	0.003938
1.955000E-8	0.004150
1.960000E-8	0.004159
1.965000E-8	0.004034
1.970000E-8	0.003550
1.975000E-8	0.003147
1.980000E-8	0.002538
1.985000E-8	0.001903
1.990000E-8	0.001197
1.995000E-8	0.000772
2.000000E-8	0.000400
2.005000E-8	0.000209
2.010000E-8	0.000313
2.015000E-8	0.000622
2.020000E-8	0.000991
2.025000E-8	0.001559
2.030000E-8	0.002363
2.035000E-8	0.002959
2.040000E-8	0.003606
2.045000E-8	0.003969
2.050000E-8	0.004266
2.055000E-8	0.004300
2.060000E-8	0.004000
2.065000E-8	0.003459
2.070000E-8	0.002819
2.075000E-8	0.002087
2.080000E-8	0.001459
2.085000E-8	0.000834
2.090000E-8	0.000394
2.095000E-8	3.125000E-5
2.100000E-8	-5.625000E-5
2.105000E-8	0.000184
2.110000E-8	0.000469
2.115000E-8	0.000994
2.120000E-8	0.001641
2.125000E-8	0.002381
2.130000E-8	0.002769
2.135000E-8	0.003181
2.140000E-8	0.003494
2.145000E-8	0.003528
2.150000E-8	0.003347
2.155000E-8	0.002903
2.160000E-8	0.002384
2.165000E-8	0.001766
2.170000E-8	0.001175
2.175000E-8	0.000716
2.180000E-8	0.000366
2.185000E-8	0.000172
2.190000E-8	0.000144
2.195000E-8	0.000156
2.200000E-8	0.000603
2.205000E-8	0.001012
2.210000E-8	0.001616
2.215000E-8	0.002166
2.220000E-8	0.002619
2.225000E-8	0.003175
2.230000E-8	0.003509
2.235000E-8	0.003747
2.240000E-8	0.003706
2.245000E-8	0.003522
2.250000E-8	0.003175
2.255000E-8	0.002753
2.260000E-8	0.002231
2.265000E-8	0.001828
2.270000E-8	0.001294
2.275000E-8	0.000906
2.280000E-8	0.000697
2.285000E-8	0.000556
2.290000E-8	0.000672
2.295000E-8	0.001009
2.300000E-8	0.001394
2.305000E-8	0.001950
2.310000E-8	0.002503
2.315000E-8	0.003100
2.320000E-8	0.003463
2.325000E-8	0.003681
2.330000E-8	0.003800
2.335000E-8	0.003678
2.340000E-8	0.003272
2.345000E-8	0.002800
2.350000E-8	0.002278
2.355000E-8	0.001734
2.360000E-8	0.001178
2.365000E-8	0.000725
2.370000E-8	0.000181
2.375000E-8	-4.687500E-5
2.380000E-8	7.500000E-5
2.385000E-8	0.000228
2.390000E-8	0.000644
2.395000E-8	0.001175
2.400000E-8	0.001703
2.405000E-8	0.002288
2.410000E-8	0.002813
2.415000E-8	0.003162
2.420000E-8	0.003381
2.425000E-8	0.003475
2.430000E-8	0.003256
2.435000E-8	0.002913
2.440000E-8	0.002594
2.445000E-8	0.002113
2.450000E-8	0.001666
2.455000E-8	0.001231
2.460000E-8	0.000859
2.465000E-8	0.000606
2.470000E-8	0.000619
2.475000E-8	0.000681
2.480000E-8	0.000888
2.485000E-8	0.001275
2.490000E-8	0.001794
2.495000E-8	0.002288
2.500000E-8	0.002838
2.505000E-8	0.003266
2.510000E-8	0.003481
2.515000E-8	0.003641
2.520000E-8	0.003584
2.525000E-8	0.003516
2.530000E-8	0.003087
2.535000E-8	0.002769
2.540000E-8	0.002181
2.545000E-8	0.001822
2.550000E-8	0.001303
2.555000E-8	0.001056
2.560000E-8	0.000791
2.565000E-8	0.000828
2.570000E-8	0.000925
2.575000E-8	0.001153
2.580000E-8	0.001453
2.585000E-8	0.001981
2.590000E-8	0.002359
2.595000E-8	0.002950
2.600000E-8	0.003403
2.605000E-8	0.003575
2.610000E-8	0.003622
2.615000E-8	0.003550
2.620000E-8	0.003338
2.625000E-8	0.002963
2.630000E-8	0.002406
2.635000E-8	0.001891
2.640000E-8	0.001313
2.645000E-8	0.000969
2.650000E-8	0.000563
2.655000E-8	0.000463
2.660000E-8	0.000519
2.665000E-8	0.000775
2.670000E-8	0.001063
2.675000E-8	0.001500
2.680000E-8	0.002034
2.685000E-8	0.002541
2.690000E-8	0.003003
2.695000E-8	0.003278
2.700000E-8	0.003388
2.705000E-8	0.003431
2.710000E-8	0.003409
2.715000E-8	0.003084
2.720000E-8	0.002584
2.725000E-8	0.002156
2.730000E-8	0.001653
2.735000E-8	0.001222
2.740000E-8	0.000844
2.745000E-8	0.000653
2.750000E-8	0.000641
2.755000E-8	0.000669
2.760000E-8	0.000919
2.765000E-8	0.001275
2.770000E-8	0.001687
2.775000E-8	0.002056
2.780000E-8	0.002491
2.785000E-8	0.002934
2.790000E-8	0.003209
2.795000E-8	0.003431
2.800000E-8	0.003325
2.805000E-8	0.003131
2.810000E-8	0.002828
2.815000E-8	0.002519
2.820000E-8	0.002141
2.825000E-8	0.001681
2.830000E-8	0.001159
2.835000E-8	0.000909
2.840000E-8	0.000691
2.845000E-8	0.000650
2.850000E-8	0.000709
2.855000E-8	0.001125
2.860000E-8	0.001497
2.865000E-8	0.002019
2.870000E-8	0.002450
2.875000E-8	0.002959
2.880000E-8	0.003278
2.885000E-8	0.003469
2.890000E-8	0.003519
2.895000E-8	0.003531
2.900000E-8	0.003316
2.905000E-8	0.002884
2.910000E-8	0.002544
2.915000E-8	0.001941
2.920000E-8	0.001400
2.925000E-8	0.000969
2.930000E-8	0.000769
2.935000E-8	0.000581
2.940000E-8	0.000625
2.945000E-8	0.000784
2.950000E-8	0.000981
2.955000E-8	0.001419
2.960000E-8	0.001856
2.965000E-8	0.002328
2.970000E-8	0.002619
2.975000E-8	0.003022
2.980000E-8	0.003216
2.985000E-8	0.003134
2.990000E-8	0.003066
2.995000E-8	0.002809
3.000000E-8	0.002509
3.005000E-8	0.002156
3.010000E-8	0.001759
3.015000E-8	0.001472
3.020000E-8	0.001134
3.025000E-8	0.001019
3.030000E-8	0.000972
3.035000E-8	0.000875
3.040000E-8	0.001134
3.045000E-8	0.001484
3.050000E-8	0.001781
3.055000E-8	0.002178
3.060000E-8	0.002528
3.065000E-8	0.002794
3.070000E-8	0.002869
3.075000E-8	0.002909
3.080000E-8	0.002884
3.085000E-8	0.002847
3.090000E-8	0.002591
3.095000E-8	0.002244
3.100000E-8	0.001963
3.105000E-8	0.001597
3.110000E-8	0.001250
3.115000E-8	0.001100
3.120000E-8	0.001047
3.125000E-8	0.000822
3.130000E-8	0.000966
3.135000E-8	0.001103
3.140000E-8	0.001391
3.145000E-8	0.001644
3.150000E-8	0.002094
3.155000E-8	0.002609
3.160000E-8	0.002822
3.165000E-8	0.003119
3.170000E-8	0.003066
3.175000E-8	0.003056
3.180000E-8	0.002872
3.185000E-8	0.002503
3.190000E-8	0.002097
3.195000E-8	0.001753
3.200000E-8	0.001325
3.205000E-8	0.001059
3.210000E-8	0.000869
3.215000E-8	0.000800
3.220000E-8	0.000691
3.225000E-8	0.001000
3.230000E-8	0.001281
3.235000E-8	0.001669
3.240000E-8	0.002034
3.245000E-8	0.002313
3.250000E-8	0.002572
3.255000E-8	0.002791
3.260000E-8	0.002866
3.265000E-8	0.002809
3.270000E-8	0.002659
3.275000E-8	0.002491
3.280000E-8	0.002166
3.285000E-8	0.001816
3.290000E-8	0.001441
3.295000E-8	0.001125
3.300000E-8	0.000884
3.305000E-8	0.000744
3.310000E-8	0.000744
3.315000E-8	0.000803
3.320000E-8	0.000900
3.325000E-8	0.001059
3.330000E-8	0.001456
3.335000E-8	0.001719
3.340000E-8	0.002166
3.345000E-8	0.002512
3.350000E-8	0.002859
3.355000E-8	0.003075
3.360000E-8	0.003038
3.365000E-8	0.003019
3.370000E-8	0.002878
3.375000E-8	0.002694
3.380000E-8	0.002341
3.385000E-8	0.001988
3.390000E-8	0.001706
3.395000E-8	0.001353
3.400000E-8	0.001222
3.405000E-8	0.000988
3.410000E-8	0.001009
3.415000E-8	0.001191
3.420000E-8	0.001338
3.425000E-8	0.001547
3.430000E-8	0.002059
3.435000E-8	0.002434
3.440000E-8	0.002641
3.445000E-8	0.002938
3.450000E-8	0.002988
3.455000E-8	0.002947
3.460000E-8	0.002803
3.465000E-8	0.002606
3.470000E-8	0.002437
3.475000E-8	0.002094
3.480000E-8	0.001769
3.485000E-8	0.001481
3.490000E-8	0.001219
3.495000E-8	0.001150
3.500000E-8	0.001200
3.505000E-8	0.001278
3.510000E-8	0.001434
3.515000E-8	0.001913
3.520000E-8	0.002059
3.525000E-8	0.002453
3.530000E-8	0.002613
3.535000E-8	0.002841
3.540000E-8	0.002863
3.545000E-8	0.002950
3.550000E-8	0.002809
3.555000E-8	0.002678
3.560000E-8	0.002328
3.565000E-8	0.002153
3.570000E-8	0.001803
3.575000E-8	0.001494
3.580000E-8	0.001219
3.585000E-8	0.001041
3.590000E-8	0.000956
3.595000E-8	0.001094
3.600000E-8	0.001216
3.605000E-8	0.001375
3.610000E-8	0.001541
3.615000E-8	0.001838
3.620000E-8	0.002275
3.625000E-8	0.002569
3.630000E-8	0.002625
3.635000E-8	0.002822
3.640000E-8	0.002834
3.645000E-8	0.002766
3.650000E-8	0.002569
3.655000E-8	0.002384
3.660000E-8	0.001972
3.665000E-8	0.001612
3.670000E-8	0.001347
3.675000E-8	0.001166
3.680000E-8	0.001028
3.685000E-8	0.000856
3.690000E-8	0.000894
3.695000E-8	0.001075
3.700000E-8	0.001341
3.705000E-8	0.001575
3.710000E-8	0.001963
3.715000E-8	0.002209
3.720000E-8	0.002441
3.725000E-8	0.002709
3.730000E-8	0.002806
3.735000E-8	0.002891
3.740000E-8	0.002728
3.745000E-8	0.002516
3.750000E-8	0.002241
3.755000E-8	0.002003
3.760000E-8	0.001697
3.765000E-8	0.001375
3.770000E-8	0.001216
3.775000E-8	0.001112
3.780000E-8	0.001053
3.785000E-8	0.001172
3.790000E-8	0.001334
3.795000E-8	0.001591
3.800000E-8	0.001891
3.805000E-8	0.002278
3.810000E-8	0.002503
3.815000E-8	0.002784
3.820000E-8	0.003056
3.825000E-8	0.003084
3.830000E-8	0.003009
3.835000E-8	0.002838
3.840000E-8	0.002459
3.845000E-8	0.002072
3.850000E-8	0.001781
3.855000E-8	0.001413
3.860000E-8	0.001166
3.865000E-8	0.000988
3.870000E-8	0.001006
3.875000E-8	0.000963
3.880000E-8	0.000981
3.885000E-8	0.001325
3.890000E-8	0.001650
3.895000E-8	0.001959
3.900000E-8	0.002259
3.905000E-8	0.002509
3.910000E-8	0.002753
3.915000E-8	0.002878
3.920000E-8	0.002769
3.925000E-8	0.002675
3.930000E-8	0.002481
3.935000E-8	0.002188
3.940000E-8	0.001800
3.945000E-8	0.001544
3.950000E-8	0.001319
3.955000E-8	0.001119
3.960000E-8	0.000959
3.965000E-8	0.001094
3.970000E-8	0.001200
3.975000E-8	0.001403
3.980000E-8	0.001513
3.985000E-8	0.001934
3.990000E-8	0.002222
3.995000E-8	0.002563
4.000000E-8	0.002781
4.005000E-8	0.002941
4.010000E-8	0.003009
4.015000E-8	0.002925
4.020000E-8	0.002741
4.025000E-8	0.002512
4.030000E-8	0.002172
4.035000E-8	0.001950
4.040000E-8	0.001516
4.045000E-8	0.001247
4.050000E-8	0.000947
4.055000E-8	0.000894
4.060000E-8	0.000797
4.065000E-8	0.000844
4.070000E-8	0.001009
4.075000E-8	0.001325
4.080000E-8	0.001609
4.085000E-8	0.002022
4.090000E-8	0.002194
4.095000E-8	0.002531
4.100000E-8	0.002750
4.105000E-8	0.002931
4.110000E-8	0.002838
4.115000E-8	0.002650
4.120000E-8	0.002425
4.125000E-8	0.002313
4.130000E-8	0.002012
4.135000E-8	0.001716
4.140000E-8	0.001584
4.145000E-8	0.001372
4.150000E-8	0.001366
4.155000E-8	0.001413
4.160000E-8	0.001494
4.165000E-8	0.001713
4.170000E-8	0.001872
4.175000E-8	0.002213
4.180000E-8	0.002363
4.185000E-8	0.002484
4.190000E-8	0.002569
4.195000E-8	0.002747
4.200000E-8	0.002709
4.205000E-8	0.002697
4.210000E-8	0.002425
4.215000E-8	0.002172
4.220000E-8	0.001900
4.225000E-8	0.001497
4.230000E-8	0.001084
4.235000E-8	0.000916
4.240000E-8	0.000688
4.245000E-8	0.000566
4.250000E-8	0.000513
4.255000E-8	0.000734
4.260000E-8	0.000975
4.265000E-8	0.001269
4.270000E-8	0.001463
4.275000E-8	0.001672
4.280000E-8	0.001950
4.285000E-8	0.002225
4.290000E-8	0.002431
4.295000E-8	0.002350
4.300000E-8	0.002269
4.305000E-8	0.002103
4.310000E-8	0.001934
4.315000E-8	0.001663
4.320000E-8	0.001416
4.325000E-8	0.001150
4.330000E-8	0.001041
4.335000E-8	0.000828
4.340000E-8	0.000909
4.345000E-8	0.001044
4.350000E-8	0.001316
4.355000E-8	0.001588
4.360000E-8	0.001909
4.365000E-8	0.002222
4.370000E-8	0.002494
4.375000E-8	0.002666
4.380000E-8	0.002816
4.385000E-8	0.002819
4.390000E-8	0.002775
4.395000E-8	0.002544
4.400000E-8	0.002319
4.405000E-8	0.002056
4.410000E-8	0.001653
4.415000E-8	0.001447
4.420000E-8	0.001275
4.425000E-8	0.001166
4.430000E-8	0.001134
4.435000E-8	0.001163
4.440000E-8	0.001331
4.445000E-8	0.001550
4.450000E-8	0.001694
4.455000E-8	0.001963
4.460000E-8	0.002209
4.465000E-8	0.002388
4.470000E-8	0.002475
4.475000E-8	0.002469
4.480000E-8	0.002481
4.485000E-8	0.002522
4.490000E-8	0.002459
4.495000E-8	0.002403
4.500000E-8	0.002097
4.505000E-8	0.002006
4.510000E-8	0.001766
4.515000E-8	0.001584
4.520000E-8	0.001319
4.525000E-8	0.001269
4.530000E-8	0.001319
4.535000E-8	0.001403
4.540000E-8	0.001500
4.545000E-8	0.001856
4.550000E-8	0.002069
4.555000E-8	0.002356
4.560000E-8	0.002525
4.565000E-8	0.002759
4.570000E-8	0.002953
4.575000E-8	0.003006
4.580000E-8	0.002803
4.585000E-8	0.002659
4.590000E-8	0.002422
4.595000E-8	0.002191
4.600000E-8	0.001656
4.605000E-8	0.001544
4.610000E-8	0.001378
4.615000E-8	0.001147
4.620000E-8	0.001088
4.625000E-8	0.001209
4.630000E-8	0.001422
4.635000E-8	0.001738
4.640000E-8	0.002022
4.645000E-8	0.002216
4.650000E-8	0.002547
4.655000E-8	0.002744
4.660000E-8	0.002813
4.665000E-8	0.002919
4.670000E-8	0.002906
4.675000E-8	0.002756
4.680000E-8	0.002494
4.685000E-8	0.002313
4.690000E-8	0.002103
4.695000E-8	0.001906
4.700000E-8	0.001672
4.705000E-8	0.001491
4.710000E-8	0.001488
4.715000E-8	0.001563
4.720000E-8	0.001634
4.725000E-8	0.001659
4.730000E-8	0.001709
4.735000E-8	0.002047
4.740000E-8	0.002266
4.745000E-8	0.002291
4.750000E-8	0.002509
4.755000E-8	0.002478
4.760000E-8	0.002509
4.765000E-8	0.002391
4.770000E-8	0.002175
4.775000E-8	0.001975
4.780000E-8	0.001716
4.785000E-8	0.001572
4.790000E-8	0.001347
4.795000E-8	0.001219
4.800000E-8	0.001291
4.805000E-8	0.001394
4.810000E-8	0.001497
4.815000E-8	0.001634
4.820000E-8	0.001634
4.825000E-8	0.001991
4.830000E-8	0.002269
4.835000E-8	0.002613
4.840000E-8	0.002763
4.845000E-8	0.002756
4.850000E-8	0.002816
4.855000E-8	0.002763
4.860000E-8	0.002597
4.865000E-8	0.002425
4.870000E-8	0.002172
4.875000E-8	0.002031
4.880000E-8	0.001744
4.885000E-8	0.001569
4.890000E-8	0.001353
4.895000E-8	0.001234
4.900000E-8	0.001253
4.905000E-8	0.001241
4.910000E-8	0.001269
4.915000E-8	0.001584
4.920000E-8	0.001578
4.925000E-8	0.001850
4.930000E-8	0.002006
4.935000E-8	0.002319
4.940000E-8	0.002525
4.945000E-8	0.002600
4.950000E-8	0.002678
4.955000E-8	0.002534
4.960000E-8	0.002334
4.965000E-8	0.002194
4.970000E-8	0.001988
4.975000E-8	0.001925
4.980000E-8	0.001728
4.985000E-8	0.001697
4.990000E-8	0.001500
4.995000E-8	0.001525
5.000000E-8	0.001519
5.005000E-8	0.001559
5.010000E-8	0.001831
5.015000E-8	0.001966
5.020000E-8	0.002150
5.025000E-8	0.002378
5.030000E-8	0.002581
5.035000E-8	0.002631
5.040000E-8	0.002666
5.045000E-8	0.002581
5.050000E-8	0.002403
5.055000E-8	0.002322
5.060000E-8	0.002028
5.065000E-8	0.001847
5.070000E-8	0.001534
5.075000E-8	0.001419
5.080000E-8	0.001291
5.085000E-8	0.001181
5.090000E-8	0.001300
5.095000E-8	0.001437
5.100000E-8	0.001525
5.105000E-8	0.001741
5.110000E-8	0.001850
5.115000E-8	0.002078
5.120000E-8	0.002222
5.125000E-8	0.002356
5.130000E-8	0.002334
5.135000E-8	0.002331
5.140000E-8	0.002281
5.145000E-8	0.002188
5.150000E-8	0.001981
5.155000E-8	0.001891
5.160000E-8	0.001728
5.165000E-8	0.001547
5.170000E-8	0.001484
5.175000E-8	0.001584
5.180000E-8	0.001606
5.185000E-8	0.001675
5.190000E-8	0.001891
5.195000E-8	0.002156
5.200000E-8	0.002297
5.205000E-8	0.002456
5.210000E-8	0.002509
5.215000E-8	0.002650
5.220000E-8	0.002641
5.225000E-8	0.002631
5.230000E-8	0.002516
5.235000E-8	0.002344
5.240000E-8	0.002134
5.245000E-8	0.001984
5.250000E-8	0.001766
5.255000E-8	0.001566
5.260000E-8	0.001406
5.265000E-8	0.001391
5.270000E-8	0.001381
5.275000E-8	0.001266
5.280000E-8	0.001284
5.285000E-8	0.001538
5.290000E-8	0.001672
5.295000E-8	0.001922
5.300000E-8	0.002156
5.305000E-8	0.002297
5.310000E-8	0.002488
5.315000E-8	0.002559
5.320000E-8	0.002569
5.325000E-8	0.002584
5.330000E-8	0.002344
5.335000E-8	0.002147
5.340000E-8	0.001888
5.345000E-8	0.001588
5.350000E-8	0.001331
5.355000E-8	0.001253
5.360000E-8	0.001066
5.365000E-8	0.001147
5.370000E-8	0.001269
5.375000E-8	0.001388
5.380000E-8	0.001566
5.385000E-8	0.001744
5.390000E-8	0.002063
5.395000E-8	0.002209
5.400000E-8	0.002325
5.405000E-8	0.002409
5.410000E-8	0.002437
5.415000E-8	0.002394
5.420000E-8	0.002269
5.425000E-8	0.002172
5.430000E-8	0.001897
5.435000E-8	0.001803
5.440000E-8	0.001603
5.445000E-8	0.001497
5.450000E-8	0.001500
5.455000E-8	0.001478
5.460000E-8	0.001531
5.465000E-8	0.001647
5.470000E-8	0.001822
5.475000E-8	0.001919
5.480000E-8	0.002050
5.485000E-8	0.002159
5.490000E-8	0.002275
5.495000E-8	0.002416
5.500000E-8	0.002469
5.505000E-8	0.002431
5.510000E-8	0.002441
5.515000E-8	0.002406
5.520000E-8	0.002150
5.525000E-8	0.001925
5.530000E-8	0.001709
5.535000E-8	0.001675
5.540000E-8	0.001563
5.545000E-8	0.001466
5.550000E-8	0.001463
5.555000E-8	0.001500
5.560000E-8	0.001500
5.565000E-8	0.001716
5.570000E-8	0.001828
5.575000E-8	0.002125
5.580000E-8	0.002191
5.585000E-8	0.002388
5.590000E-8	0.002397
5.595000E-8	0.002416
5.600000E-8	0.002341
5.605000E-8	0.002288
5.610000E-8	0.002113
5.615000E-8	0.001903
5.620000E-8	0.001775
5.625000E-8	0.001625
5.630000E-8	0.001469
5.635000E-8	0.001391
5.640000E-8	0.001334
5.645000E-8	0.001353
5.650000E-8	0.001513
5.655000E-8	0.001591
5.660000E-8	0.001722
5.665000E-8	0.002144
5.670000E-8	0.002113
5.675000E-8	0.002181
5.680000E-8	0.002206
5.685000E-8	0.002347
5.690000E-8	0.002297
5.695000E-8	0.002291
5.700000E-8	0.002119
5.705000E-8	0.001981
5.710000E-8	0.001919
5.715000E-8	0.001781
5.720000E-8	0.001463
5.725000E-8	0.001362
5.730000E-8	0.001247
5.735000E-8	0.001222
5.740000E-8	0.001309
5.745000E-8	0.001369
5.750000E-8	0.001384
5.755000E-8	0.001569
5.760000E-8	0.001784
5.765000E-8	0.002156
5.770000E-8	0.002319
5.775000E-8	0.002459
5.780000E-8	0.002416
5.785000E-8	0.002466
5.790000E-8	0.002350
5.795000E-8	0.002206
5.800000E-8	0.002009
5.805000E-8	0.001797
5.810000E-8	0.001584
5.815000E-8	0.001456
5.820000E-8	0.001278
5.825000E-8	0.001244
5.830000E-8	0.001313
5.835000E-8	0.001466
5.840000E-8	0.001559
5.845000E-8	0.001722
5.850000E-8	0.001834
5.855000E-8	0.002056
5.860000E-8	0.002162
5.865000E-8	0.002281
5.870000E-8	0.002431
5.875000E-8	0.002381
5.880000E-8	0.002313
5.885000E-8	0.002197
5.890000E-8	0.001994
5.895000E-8	0.001828
5.900000E-8	0.001584
5.905000E-8	0.001538
5.910000E-8	0.001338
5.915000E-8	0.001344
5.920000E-8	0.001278
5.925000E-8	0.001341
5.930000E-8	0.001494
5.935000E-8	0.001584
5.940000E-8	0.001669
5.945000E-8	0.001750
5.950000E-8	0.001831
5.955000E-8	0.001909
5.960000E-8	0.002000
5.965000E-8	0.002169
5.970000E-8	0.002106
5.975000E-8	0.002169
5.980000E-8	0.001988
5.985000E-8	0.001888
5.990000E-8	0.001888
5.995000E-8	0.001838
6.000000E-8	0.001731
6.005000E-8	0.001628
6.010000E-8	0.001644
6.015000E-8	0.001731
6.020000E-8	0.001791
6.025000E-8	0.001956
6.030000E-8	0.002028
6.035000E-8	0.002084
6.040000E-8	0.002203
6.045000E-8	0.002319
6.050000E-8	0.002478
6.055000E-8	0.002569
6.060000E-8	0.002666
6.065000E-8	0.002644
6.070000E-8	0.002587
6.075000E-8	0.002506
6.080000E-8	0.002394
6.085000E-8	0.002266
6.090000E-8	0.002006
6.095000E-8	0.001872
6.100000E-8	0.001653
6.105000E-8	0.001641
6.110000E-8	0.001719
6.115000E-8	0.001781
6.120000E-8	0.001813
6.125000E-8	0.001900
6.130000E-8	0.002066
6.135000E-8	0.002184
6.140000E-8	0.002200
6.145000E-8	0.002228
6.150000E-8	0.002091
6.155000E-8	0.002141
6.160000E-8	0.002016
6.165000E-8	0.001925
6.170000E-8	0.001775
6.175000E-8	0.001678
6.180000E-8	0.001503
6.185000E-8	0.001434
6.190000E-8	0.001375
6.195000E-8	0.001288
6.200000E-8	0.001313
6.205000E-8	0.001519
6.210000E-8	0.001525
6.215000E-8	0.001641
6.220000E-8	0.001850
6.225000E-8	0.002012
6.230000E-8	0.002159
6.235000E-8	0.002269
6.240000E-8	0.002372
6.245000E-8	0.002494
6.250000E-8	0.002550
6.255000E-8	0.002528
6.260000E-8	0.002400
6.265000E-8	0.002347
6.270000E-8	0.002134
6.275000E-8	0.002038
6.280000E-8	0.001819
6.285000E-8	0.001697
6.290000E-8	0.001616
6.295000E-8	0.001534
6.300000E-8	0.001466
6.305000E-8	0.001616
6.310000E-8	0.001597
6.315000E-8	0.001756
6.320000E-8	0.001794
6.325000E-8	0.001931
6.330000E-8	0.002056
6.335000E-8	0.002041
6.340000E-8	0.002184
6.345000E-8	0.002250
6.350000E-8	0.002294
6.355000E-8	0.002334
6.360000E-8	0.002291
6.365000E-8	0.002247
6.370000E-8	0.001981
6.375000E-8	0.002028
6.380000E-8	0.001872
6.385000E-8	0.001800
6.390000E-8	0.001631
6.395000E-8	0.001741
6.400000E-8	0.001822
6.405000E-8	0.001878
6.410000E-8	0.001894
6.415000E-8	0.002094
6.420000E-8	0.002200
6.425000E-8	0.002316
6.430000E-8	0.002444
6.435000E-8	0.002538
6.440000E-8	0.002575
6.445000E-8	0.002400
6.450000E-8	0.002266
6.455000E-8	0.002241
6.460000E-8	0.002125
6.465000E-8	0.002038
6.470000E-8	0.001900
6.475000E-8	0.001784
6.480000E-8	0.001675
6.485000E-8	0.001666
6.490000E-8	0.001638
6.495000E-8	0.001828
6.500000E-8	0.001919
6.505000E-8	0.002069
6.510000E-8	0.002081
6.515000E-8	0.002253
6.520000E-8	0.002259
6.525000E-8	0.002297
6.530000E-8	0.002209
6.535000E-8	0.002244
6.540000E-8	0.002206
6.545000E-8	0.002091
6.550000E-8	0.001875
6.555000E-8	0.001800
6.560000E-8	0.001647
6.565000E-8	0.001422
6.570000E-8	0.001350
6.575000E-8	0.001375
6.580000E-8	0.001394
6.585000E-8	0.001622
6.590000E-8	0.001756
6.595000E-8	0.001822
6.600000E-8	0.002050
6.605000E-8	0.002169
6.610000E-8	0.002241
6.615000E-8	0.002413
6.620000E-8	0.002394
6.625000E-8	0.002500
6.630000E-8	0.002425
6.635000E-8	0.002272
6.640000E-8	0.002191
6.645000E-8	0.001966
6.650000E-8	0.001691
6.655000E-8	0.001513
6.660000E-8	0.001397
6.665000E-8	0.001372
6.670000E-8	0.001422
6.675000E-8	0.001409
6.680000E-8	0.001422
6.685000E-8	0.001616
6.690000E-8	0.001744
6.695000E-8	0.001909
6.700000E-8	0.002003
6.705000E-8	0.002203
6.710000E-8	0.002272
6.715000E-8	0.002288
6.720000E-8	0.002175
6.725000E-8	0.002188
6.730000E-8	0.002128
6.735000E-8	0.002119
6.740000E-8	0.001928
6.745000E-8	0.001806
6.750000E-8	0.001591
6.755000E-8	0.001572
6.760000E-8	0.001488
6.765000E-8	0.001472
6.770000E-8	0.001538
6.775000E-8	0.001544
6.780000E-8	0.001650
6.785000E-8	0.001744
6.790000E-8	0.001863
6.795000E-8	0.001872
6.800000E-8	0.001897
6.805000E-8	0.001847
6.810000E-8	0.001897
6.815000E-8	0.001909
6.820000E-8	0.001822
6.825000E-8	0.001738
6.830000E-8	0.001731
6.835000E-8	0.001738
6.840000E-8	0.001634
6.845000E-8	0.001547
6.850000E-8	0.001459
6.855000E-8	0.001431
6.860000E-8	0.001484
6.865000E-8	0.001569
6.870000E-8	0.001709
6.875000E-8	0.001872
6.880000E-8	0.001937
6.885000E-8	0.002087
6.890000E-8	0.002194
6.895000E-8	0.002259
6.900000E-8	0.002222
6.905000E-8	0.002241
6.910000E-8	0.002166
6.915000E-8	0.002156
6.920000E-8	0.002009
6.925000E-8	0.001916
6.930000E-8	0.001841
6.935000E-8	0.001734
6.940000E-8	0.001653
6.945000E-8	0.001644
6.950000E-8	0.001706
6.955000E-8	0.001716
6.960000E-8	0.001612
6.965000E-8	0.001697
6.970000E-8	0.001738
6.975000E-8	0.001847
6.980000E-8	0.001994
6.985000E-8	0.001988
6.990000E-8	0.002103
6.995000E-8	0.002109
7.000000E-8	0.002012
7.005000E-8	0.002084
7.010000E-8	0.002128
7.015000E-8	0.001984
7.020000E-8	0.001909
7.025000E-8	0.001869
7.030000E-8	0.001713
7.035000E-8	0.001791
7.040000E-8	0.001716
7.045000E-8	0.001766
7.050000E-8	0.001791
7.055000E-8	0.001856
7.060000E-8	0.001894
7.065000E-8	0.002012
7.070000E-8	0.002100
7.075000E-8	0.002197
7.080000E-8	0.002266
7.085000E-8	0.002322
7.090000E-8	0.002431
7.095000E-8	0.002363
7.100000E-8	0.002231
7.105000E-8	0.002097
7.110000E-8	0.001959
7.115000E-8	0.001859
7.120000E-8	0.001750
7.125000E-8	0.001725
7.130000E-8	0.001644
7.135000E-8	0.001650
7.140000E-8	0.001763
7.145000E-8	0.001800
7.150000E-8	0.001859
7.155000E-8	0.002075
7.160000E-8	0.002169
7.165000E-8	0.002294
7.170000E-8	0.002266
7.175000E-8	0.002378
7.180000E-8	0.002363
7.185000E-8	0.002369
7.190000E-8	0.002347
7.195000E-8	0.002272
7.200000E-8	0.002144
7.205000E-8	0.002056
7.210000E-8	0.001963
7.215000E-8	0.001809
7.220000E-8	0.001675
7.225000E-8	0.001706
7.230000E-8	0.001734
7.235000E-8	0.001850
7.240000E-8	0.001834
7.245000E-8	0.002022
7.250000E-8	0.001988
7.255000E-8	0.002209
7.260000E-8	0.002219
7.265000E-8	0.002331
7.270000E-8	0.002300
7.275000E-8	0.002319
7.280000E-8	0.002325
7.285000E-8	0.002366
7.290000E-8	0.002300
7.295000E-8	0.002153
7.300000E-8	0.002106
7.305000E-8	0.001997
7.310000E-8	0.001866
7.315000E-8	0.001763
7.320000E-8	0.001669
7.325000E-8	0.001581
7.330000E-8	0.001513
7.335000E-8	0.001563
7.340000E-8	0.001622
7.345000E-8	0.001825
7.350000E-8	0.001894
7.355000E-8	0.002094
7.360000E-8	0.002284
7.365000E-8	0.002341
7.370000E-8	0.002341
7.375000E-8	0.002341
7.380000E-8	0.002259
7.385000E-8	0.002188
7.390000E-8	0.002053
7.395000E-8	0.001822
7.400000E-8	0.001584
7.405000E-8	0.001653
7.410000E-8	0.001606
7.415000E-8	0.001516
7.420000E-8	0.001559
7.425000E-8	0.001666
7.430000E-8	0.001738
7.435000E-8	0.001969
7.440000E-8	0.002053
7.445000E-8	0.002288
7.450000E-8	0.002378
7.455000E-8	0.002472
7.460000E-8	0.002419
7.465000E-8	0.002356
7.470000E-8	0.002334
7.475000E-8	0.002259
7.480000E-8	0.002091
7.485000E-8	0.002000
7.490000E-8	0.001847
7.495000E-8	0.001834
7.500000E-8	0.001706
7.505000E-8	0.001859
7.510000E-8	0.001819
7.515000E-8	0.001828
7.520000E-8	0.001772
7.525000E-8	0.001975
7.530000E-8	0.001984
7.535000E-8	0.002066
7.540000E-8	0.002038
7.545000E-8	0.002128
7.550000E-8	0.002191
7.555000E-8	0.002175
7.560000E-8	0.002128
7.565000E-8	0.002141
7.570000E-8	0.002034
7.575000E-8	0.002087
7.580000E-8	0.001953
7.585000E-8	0.001944
7.590000E-8	0.001728
7.595000E-8	0.001644
7.600000E-8	0.001706
7.605000E-8	0.001612
7.610000E-8	0.001681
7.615000E-8	0.001666
7.620000E-8	0.001731
7.625000E-8	0.001728
7.630000E-8	0.001884
7.635000E-8	0.001878
7.640000E-8	0.001972
7.645000E-8	0.002081
7.650000E-8	0.001997
7.655000E-8	0.002109
7.660000E-8	0.002087
7.665000E-8	0.002116
7.670000E-8	0.002094
7.675000E-8	0.001997
7.680000E-8	0.001937
7.685000E-8	0.001863
7.690000E-8	0.001806
7.695000E-8	0.001753
7.700000E-8	0.001803
7.705000E-8	0.001759
7.710000E-8	0.001741
7.715000E-8	0.001806
7.720000E-8	0.001950
7.725000E-8	0.002000
7.730000E-8	0.001994
7.735000E-8	0.001875
7.740000E-8	0.001941
7.745000E-8	0.001947
7.750000E-8	0.001950
7.755000E-8	0.001903
7.760000E-8	0.001728
7.765000E-8	0.001753
7.770000E-8	0.001716
7.775000E-8	0.001747
7.780000E-8	0.001741
7.785000E-8	0.001788
7.790000E-8	0.001878
7.795000E-8	0.001988
7.800000E-8	0.002075
7.805000E-8	0.002216
7.810000E-8	0.002159
7.815000E-8	0.002247
7.820000E-8	0.002203
7.825000E-8	0.002175
7.830000E-8	0.002213
7.835000E-8	0.002119
7.840000E-8	0.002116
7.845000E-8	0.001969
7.850000E-8	0.001759
7.855000E-8	0.001759
7.860000E-8	0.001713
7.865000E-8	0.001728
7.870000E-8	0.001716
7.875000E-8	0.001756
7.880000E-8	0.001756
7.885000E-8	0.001822
7.890000E-8	0.001866
7.895000E-8	0.002041
7.900000E-8	0.002153
7.905000E-8	0.002241
7.910000E-8	0.002216
7.915000E-8	0.002244
7.920000E-8	0.002294
7.925000E-8	0.002244
7.930000E-8	0.002053
7.935000E-8	0.002050
7.940000E-8	0.001972
7.945000E-8	0.002044
7.950000E-8	0.002003
7.955000E-8	0.001925
7.960000E-8	0.001913
7.965000E-8	0.001766
7.970000E-8	0.001666
7.975000E-8	0.001719
7.980000E-8	0.001734
7.985000E-8	0.001831
7.990000E-8	0.001828
7.995000E-8	0.001884
8.000000E-8	0.001981
8.005000E-8	0.002156
8.010000E-8	0.002128
8.015000E-8	0.002213
8.020000E-8	0.002122
8.025000E-8	0.002206
8.030000E-8	0.002203
8.035000E-8	0.002153
8.040000E-8	0.002116
8.045000E-8	0.002053
8.050000E-8	0.001853
8.055000E-8	0.001797
8.060000E-8	0.001650
8.065000E-8	0.001681
8.070000E-8	0.001634
8.075000E-8	0.001659
8.080000E-8	0.001569
8.085000E-8	0.001663
8.090000E-8	0.001772
8.095000E-8	0.001953
8.100000E-8	0.002012
8.105000E-8	0.002097
8.110000E-8	0.002159
8.115000E-8	0.002272
8.120000E-8	0.002363
8.125000E-8	0.002347
8.130000E-8	0.002263
8.135000E-8	0.002159
8.140000E-8	0.002103
8.145000E-8	0.002100
8.150000E-8	0.001972
8.155000E-8	0.001928
8.160000E-8	0.001797
8.165000E-8	0.001788
8.170000E-8	0.001728
8.175000E-8	0.001744
8.180000E-8	0.001728
8.185000E-8	0.001797
8.190000E-8	0.001822
8.195000E-8	0.001866
8.200000E-8	0.002009
8.205000E-8	0.002031
8.210000E-8	0.001872
8.215000E-8	0.001781
8.220000E-8	0.001806
8.225000E-8	0.001631
8.230000E-8	0.001581
8.235000E-8	0.001603
8.240000E-8	0.001494
8.245000E-8	0.001472
8.250000E-8	0.001463
8.255000E-8	0.001631
8.260000E-8	0.001647
8.265000E-8	0.001791
8.270000E-8	0.001925
8.275000E-8	0.002078
8.280000E-8	0.002153
8.285000E-8	0.002272
8.290000E-8	0.002181
8.295000E-8	0.002222
8.300000E-8	0.002138
8.305000E-8	0.002038
8.310000E-8	0.001928
8.315000E-8	0.001888
8.320000E-8	0.001778
8.325000E-8	0.001666
8.330000E-8	0.001663
8.335000E-8	0.001678
8.340000E-8	0.001641
8.345000E-8	0.001841
8.350000E-8	0.001844
8.355000E-8	0.001928
8.360000E-8	0.001956
8.365000E-8	0.002006
8.370000E-8	0.002041
8.375000E-8	0.001994
8.380000E-8	0.001966
8.385000E-8	0.001972
8.390000E-8	0.001838
8.395000E-8	0.001800
8.400000E-8	0.001675
8.405000E-8	0.001753
8.410000E-8	0.001731
8.415000E-8	0.001728
8.420000E-8	0.001784
8.425000E-8	0.001781
8.430000E-8	0.001916
8.435000E-8	0.001888
8.440000E-8	0.001941
8.445000E-8	0.001900
8.450000E-8	0.001931
8.455000E-8	0.001866
8.460000E-8	0.001988
8.465000E-8	0.002078
8.470000E-8	0.002047
8.475000E-8	0.002072
8.480000E-8	0.001963
8.485000E-8	0.001966
8.490000E-8	0.001869
8.495000E-8	0.001803
8.500000E-8	0.001819
8.505000E-8	0.001722
8.510000E-8	0.001722
8.515000E-8	0.001722
8.520000E-8	0.001731
8.525000E-8	0.001819
8.530000E-8	0.001844
8.535000E-8	0.001891
8.540000E-8	0.001919
8.545000E-8	0.001997
8.550000E-8	0.002034
8.555000E-8	0.002069
8.560000E-8	0.002147
8.565000E-8	0.002103
8.570000E-8	0.002003
8.575000E-8	0.001994
8.580000E-8	0.001931
8.585000E-8	0.002006
8.590000E-8	0.001900
8.595000E-8	0.001953
8.600000E-8	0.001969
8.605000E-8	0.001809
8.610000E-8	0.001772
8.615000E-8	0.001841
8.620000E-8	0.001913
8.625000E-8	0.002016
8.630000E-8	0.002044
8.635000E-8	0.002069
8.640000E-8	0.002044
8.645000E-8	0.002012
8.650000E-8	0.002159
8.655000E-8	0.002050
8.660000E-8	0.002012
8.665000E-8	0.001853
8.670000E-8	0.001822
8.675000E-8	0.001781
8.680000E-8	0.001841
8.685000E-8	0.001909
8.690000E-8	0.001759
8.695000E-8	0.001838
8.700000E-8	0.001756
8.705000E-8	0.001869
8.710000E-8	0.001878
8.715000E-8	0.001881
8.720000E-8	0.001894
8.725000E-8	0.001919
8.730000E-8	0.001872
8.735000E-8	0.001925
8.740000E-8	0.001841
8.745000E-8	0.001875
8.750000E-8	0.001850
8.755000E-8	0.001822
8.760000E-8	0.001850
8.765000E-8	0.001800
8.770000E-8	0.001797
8.775000E-8	0.001916
8.780000E-8	0.001859
8.785000E-8	0.001844
8.790000E-8	0.001656
8.795000E-8	0.001619
8.800000E-8	0.001563
8.805000E-8	0.001672
8.810000E-8	0.001650
8.815000E-8	0.001706
8.820000E-8	0.001738
8.825000E-8	0.001763
8.830000E-8	0.001813
8.835000E-8	0.001878
8.840000E-8	0.001925
8.845000E-8	0.001937
8.850000E-8	0.001878
8.855000E-8	0.001903
8.860000E-8	0.001903
8.865000E-8	0.001822
8.870000E-8	0.001778
8.875000E-8	0.001831
8.880000E-8	0.001728
8.885000E-8	0.001844
8.890000E-8	0.001797
8.895000E-8	0.001819
8.900000E-8	0.001753
8.905000E-8	0.001941
8.910000E-8	0.001875
8.915000E-8	0.002019
8.920000E-8	0.002141
8.925000E-8	0.002159
8.930000E-8	0.002147
8.935000E-8	0.002281
8.940000E-8	0.002253
8.945000E-8	0.002356
8.950000E-8	0.002263
8.955000E-8	0.002278
8.960000E-8	0.002225
8.965000E-8	0.002178
8.970000E-8	0.002128
8.975000E-8	0.002034
8.980000E-8	0.001784
8.985000E-8	0.001872
8.990000E-8	0.001700
8.995000E-8	0.001581
9.000000E-8	0.001525
9.005000E-8	0.001500
9.010000E-8	0.001634
9.015000E-8	0.001766
9.020000E-8	0.001763
9.025000E-8	0.001875
9.030000E-8	0.001884
9.035000E-8	0.001944
9.040000E-8	0.001969
9.045000E-8	0.001991
9.050000E-8	0.001913
9.055000E-8	0.001894
9.060000E-8	0.001937
9.065000E-8	0.001869
9.070000E-8	0.001763
9.075000E-8	0.001631
9.080000E-8	0.001591
9.085000E-8	0.001578
9.090000E-8	0.001475
9.095000E-8	0.001475
9.100000E-8	0.001597
9.105000E-8	0.001722
9.110000E-8	0.001697
9.115000E-8	0.001756
9.120000E-8	0.001747
9.125000E-8	0.001866
9.130000E-8	0.001888
9.135000E-8	0.002050
9.140000E-8	0.002019
9.145000E-8	0.002109
9.150000E-8	0.002097
9.155000E-8	0.002184
9.160000E-8	0.002059
9.165000E-8	0.001981
9.170000E-8	0.001959
9.175000E-8	0.001878
9.180000E-8	0.001806
9.185000E-8	0.001791
9.190000E-8	0.001806
9.195000E-8	0.001828
9.200000E-8	0.001788
9.205000E-8	0.001834
9.210000E-8	0.001841
9.215000E-8	0.001950
9.220000E-8	0.001819
9.225000E-8	0.001869
9.230000E-8	0.001897
9.235000E-8	0.001878
9.240000E-8	0.001850
9.245000E-8	0.001894
9.250000E-8	0.001913
9.255000E-8	0.001906
9.260000E-8	0.001841
9.265000E-8	0.001909
9.270000E-8	0.001913
9.275000E-8	0.002003
9.280000E-8	0.001928
9.285000E-8	0.002169
9.290000E-8	0.002141
9.295000E-8	0.002134
9.300000E-8	0.002209
9.305000E-8	0.002113
9.310000E-8	0.002119
9.315000E-8	0.002044
9.320000E-8	0.001931
9.325000E-8	0.001916
9.330000E-8	0.001800
9.335000E-8	0.001819
9.340000E-8	0.001766
9.345000E-8	0.001866
9.350000E-8	0.001687
9.355000E-8	0.001778
9.360000E-8	0.001747
9.365000E-8	0.001803
9.370000E-8	0.001831
9.375000E-8	0.001934
9.380000E-8	0.001966
9.385000E-8	0.001975
9.390000E-8	0.001950
9.395000E-8	0.001888
9.400000E-8	0.001838
9.405000E-8	0.001850
9.410000E-8	0.001800
9.415000E-8	0.001741
9.420000E-8	0.001700
9.425000E-8	0.001650
9.430000E-8	0.001631
9.435000E-8	0.001559
9.440000E-8	0.001622
9.445000E-8	0.001675
9.450000E-8	0.001653
9.455000E-8	0.001725
9.460000E-8	0.001691
9.465000E-8	0.001713
9.470000E-8	0.001747
9.475000E-8	0.001844
9.480000E-8	0.001863
9.485000E-8	0.001872
9.490000E-8	0.001850
9.495000E-8	0.001847
9.500000E-8	0.001856
9.505000E-8	0.001903
9.510000E-8	0.001894
9.515000E-8	0.001922
9.520000E-8	0.001872
9.525000E-8	0.001881
9.530000E-8	0.001878
9.535000E-8	0.001825
9.540000E-8	0.001703
9.545000E-8	0.001666
9.550000E-8	0.001781
9.555000E-8	0.001825
9.560000E-8	0.001841
9.565000E-8	0.001959
9.570000E-8	0.001981
9.575000E-8	0.002012
9.580000E-8	0.001956
9.585000E-8	0.002000
9.590000E-8	0.001963
9.595000E-8	0.002078
9.600000E-8	0.002031
9.605000E-8	0.002094
9.610000E-8	0.002128
9.615000E-8	0.002197
9.620000E-8	0.002250
9.625000E-8	0.002203
9.630000E-8	0.002259
9.635000E-8	0.002244
9.640000E-8	0.002291
9.645000E-8	0.002147
9.650000E-8	0.002075
9.655000E-8	0.001972
9.660000E-8	0.001891
9.665000E-8	0.001937
9.670000E-8	0.001947
9.675000E-8	0.002012
9.680000E-8	0.001934
9.685000E-8	0.001975
9.690000E-8	0.002009
9.695000E-8	0.001959
9.700000E-8	0.002066
9.705000E-8	0.002078
9.710000E-8	0.002097
9.715000E-8	0.002041
9.720000E-8	0.002022
9.725000E-8	0.002056
9.730000E-8	0.001956
9.735000E-8	0.002094
9.740000E-8	0.002075
9.745000E-8	0.002050
9.750000E-8	0.002003
9.755000E-8	0.001963
9.760000E-8	0.001966
9.765000E-8	0.002016
9.770000E-8	0.002000
9.775000E-8	0.002028
9.780000E-8	0.001966
9.785000E-8	0.001941
9.790000E-8	0.001853
9.795000E-8	0.001937
9.800000E-8	0.001825
9.805000E-8	0.001872
9.810000E-8	0.001759
9.815000E-8	0.001838
9.820000E-8	0.001866
9.825000E-8	0.001950
9.830000E-8	0.001878
9.835000E-8	0.001894
9.840000E-8	0.001903
9.845000E-8	0.001913
9.850000E-8	0.001922
9.855000E-8	0.002044
9.860000E-8	0.002028
9.865000E-8	0.002084
9.870000E-8	0.002128
9.875000E-8	0.002166
9.880000E-8	0.002162
9.885000E-8	0.002184
9.890000E-8	0.002063
9.895000E-8	0.002116
9.900000E-8	0.001916
9.905000E-8	0.002000
9.910000E-8	0.002019
9.915000E-8	0.001937
9.920000E-8	0.001722
9.925000E-8	0.001831
9.930000E-8	0.001766
9.935000E-8	0.001934
9.940000E-8	0.001850
9.945000E-8	0.001919
9.950000E-8	0.001894
9.955000E-8	0.001828
9.960000E-8	0.001953
9.965000E-8	0.002034
9.970000E-8	0.001997
9.975000E-8	0.001994
9.980000E-8	0.001975
9.985000E-8	0.001959
9.990000E-8	0.001859
9.995000E-8	0.001872
