LabVIEW Measurement	
Writer_Version	2
Reader_Version	2
Separator	Tab
Decimal_Separator	.
Multi_Headings	No
X_Columns	Multi
Time_Pref	Relative
Operator	TG lab
Date	2015/03/06
Time	18:59:35.5502705574035644531
***End_of_Header***	
	
Channels	1	
Samples	2000	
Date	2015/03/06	
Time	18:59:35.5502705574035644531	
X_Dimension	Time	
X0	0.0000000000000000E+0	
Delta_X	5.000000E-11	
***End_of_Header***		
X_Value	Untitled	Comment
0.000000	0.002341
5.000000E-11	0.002413
1.000000E-10	0.002328
1.500000E-10	0.002391
2.000000E-10	0.002409
2.500000E-10	0.002413
3.000000E-10	0.002356
3.500000E-10	0.002306
4.000000E-10	0.002319
4.500000E-10	0.002353
5.000000E-10	0.002303
5.500000E-10	0.002431
6.000000E-10	0.002463
6.500000E-10	0.002481
7.000000E-10	0.002434
7.500000E-10	0.002378
8.000000E-10	0.002259
8.500000E-10	0.002228
9.000000E-10	0.002025
9.500000E-10	0.001953
1.000000E-9	0.001831
1.050000E-9	0.001844
1.100000E-9	0.001950
1.150000E-9	0.001991
1.200000E-9	0.002028
1.250000E-9	0.002075
1.300000E-9	0.002100
1.350000E-9	0.002194
1.400000E-9	0.002213
1.450000E-9	0.002275
1.500000E-9	0.002188
1.550000E-9	0.002200
1.600000E-9	0.002162
1.650000E-9	0.002125
1.700000E-9	0.002003
1.750000E-9	0.001931
1.800000E-9	0.001719
1.850000E-9	0.001813
1.900000E-9	0.001772
1.950000E-9	0.001838
2.000000E-9	0.001684
2.050000E-9	0.001825
2.100000E-9	0.001863
2.150000E-9	0.001969
2.200000E-9	0.001881
2.250000E-9	0.002075
2.300000E-9	0.002053
2.350000E-9	0.002153
2.400000E-9	0.002000
2.450000E-9	0.001909
2.500000E-9	0.001806
2.550000E-9	0.001756
2.600000E-9	0.001628
2.650000E-9	0.001581
2.700000E-9	0.001344
2.750000E-9	0.001341
2.800000E-9	0.001372
2.850000E-9	0.001362
2.900000E-9	0.001341
2.950000E-9	0.001334
3.000000E-9	0.001388
3.050000E-9	0.001447
3.100000E-9	0.001481
3.150000E-9	0.001666
3.200000E-9	0.001625
3.250000E-9	0.001669
3.300000E-9	0.001575
3.350000E-9	0.001600
3.400000E-9	0.001544
3.450000E-9	0.001406
3.500000E-9	0.001372
3.550000E-9	0.001431
3.600000E-9	0.001456
3.650000E-9	0.001263
3.700000E-9	0.001300
3.750000E-9	0.001437
3.800000E-9	0.001431
3.850000E-9	0.001553
3.900000E-9	0.001575
3.950000E-9	0.001638
4.000000E-9	0.001631
4.050000E-9	0.001694
4.100000E-9	0.001581
4.150000E-9	0.001694
4.200000E-9	0.001572
4.250000E-9	0.001634
4.300000E-9	0.001600
4.350000E-9	0.001588
4.400000E-9	0.001638
4.450000E-9	0.001697
4.500000E-9	0.001538
4.550000E-9	0.001619
4.600000E-9	0.001538
4.650000E-9	0.001303
4.700000E-9	0.001109
4.750000E-9	0.000750
4.800000E-9	0.000125
4.850000E-9	-0.000450
4.900000E-9	-0.001478
4.950000E-9	-0.002728
5.000000E-9	-0.004288
5.050000E-9	-0.006019
5.100000E-9	-0.007997
5.150000E-9	-0.010169
5.200000E-9	-0.012688
5.250000E-9	-0.015238
5.300000E-9	-0.017753
5.350000E-9	-0.020200
5.400000E-9	-0.022319
5.450000E-9	-0.024166
5.500000E-9	-0.025838
5.550000E-9	-0.026950
5.600000E-9	-0.027728
5.650000E-9	-0.028125
5.700000E-9	-0.028216
5.750000E-9	-0.027794
5.800000E-9	-0.027131
5.850000E-9	-0.026266
5.900000E-9	-0.025059
5.950000E-9	-0.023559
6.000000E-9	-0.022038
6.050000E-9	-0.020387
6.100000E-9	-0.018822
6.150000E-9	-0.017338
6.200000E-9	-0.016094
6.250000E-9	-0.015103
6.300000E-9	-0.014472
6.350000E-9	-0.014175
6.400000E-9	-0.014069
6.450000E-9	-0.014216
6.500000E-9	-0.014750
6.550000E-9	-0.015359
6.600000E-9	-0.016181
6.650000E-9	-0.016897
6.700000E-9	-0.017628
6.750000E-9	-0.018119
6.800000E-9	-0.018641
6.850000E-9	-0.018875
6.900000E-9	-0.019022
6.950000E-9	-0.018944
7.000000E-9	-0.018594
7.050000E-9	-0.017988
7.100000E-9	-0.017125
7.150000E-9	-0.016037
7.200000E-9	-0.014819
7.250000E-9	-0.013437
7.300000E-9	-0.012178
7.350000E-9	-0.010794
7.400000E-9	-0.009700
7.450000E-9	-0.008681
7.500000E-9	-0.007897
7.550000E-9	-0.007350
7.600000E-9	-0.007153
7.650000E-9	-0.007122
7.700000E-9	-0.007434
7.750000E-9	-0.007906
7.800000E-9	-0.008716
7.850000E-9	-0.009359
7.900000E-9	-0.010006
7.950000E-9	-0.010772
8.000000E-9	-0.011631
8.050000E-9	-0.011987
8.100000E-9	-0.012538
8.150000E-9	-0.012684
8.200000E-9	-0.012741
8.250000E-9	-0.012609
8.300000E-9	-0.012078
8.350000E-9	-0.011403
8.400000E-9	-0.010631
8.450000E-9	-0.009419
8.500000E-9	-0.008375
8.550000E-9	-0.007084
8.600000E-9	-0.006000
8.650000E-9	-0.004759
8.700000E-9	-0.003816
8.750000E-9	-0.003009
8.800000E-9	-0.002572
8.850000E-9	-0.002247
8.900000E-9	-0.002244
8.950000E-9	-0.002422
9.000000E-9	-0.002919
9.050000E-9	-0.003522
9.100000E-9	-0.004363
9.150000E-9	-0.005181
9.200000E-9	-0.006231
9.250000E-9	-0.007056
9.300000E-9	-0.007950
9.350000E-9	-0.008388
9.400000E-9	-0.009000
9.450000E-9	-0.009097
9.500000E-9	-0.009072
9.550000E-9	-0.008816
9.600000E-9	-0.008313
9.650000E-9	-0.007478
9.700000E-9	-0.006591
9.750000E-9	-0.005475
9.800000E-9	-0.004278
9.850000E-9	-0.003100
9.900000E-9	-0.001984
9.950000E-9	-0.001022
1.000000E-8	-0.000209
1.005000E-8	0.000391
1.010000E-8	0.000584
1.015000E-8	0.000700
1.020000E-8	0.000375
1.025000E-8	3.125000E-6
1.030000E-8	-0.000791
1.035000E-8	-0.001619
1.040000E-8	-0.002497
1.045000E-8	-0.003341
1.050000E-8	-0.004347
1.055000E-8	-0.005119
1.060000E-8	-0.005931
1.065000E-8	-0.006306
1.070000E-8	-0.006556
1.075000E-8	-0.006641
1.080000E-8	-0.006534
1.085000E-8	-0.005966
1.090000E-8	-0.005359
1.095000E-8	-0.004391
1.100000E-8	-0.003534
1.105000E-8	-0.002516
1.110000E-8	-0.001306
1.115000E-8	-0.000237
1.120000E-8	0.000594
1.125000E-8	0.001388
1.130000E-8	0.001944
1.135000E-8	0.002381
1.140000E-8	0.002416
1.145000E-8	0.002200
1.150000E-8	0.001784
1.155000E-8	0.001041
1.160000E-8	0.000103
1.165000E-8	-0.000866
1.170000E-8	-0.001828
1.175000E-8	-0.002875
1.180000E-8	-0.003847
1.185000E-8	-0.004606
1.190000E-8	-0.005194
1.195000E-8	-0.005466
1.200000E-8	-0.005572
1.205000E-8	-0.005222
1.210000E-8	-0.004844
1.215000E-8	-0.004059
1.220000E-8	-0.003087
1.225000E-8	-0.002019
1.230000E-8	-0.001044
1.235000E-8	6.250000E-5
1.240000E-8	0.001097
1.245000E-8	0.001991
1.250000E-8	0.002697
1.255000E-8	0.003166
1.260000E-8	0.003313
1.265000E-8	0.003322
1.270000E-8	0.002884
1.275000E-8	0.002541
1.280000E-8	0.001859
1.285000E-8	0.001050
1.290000E-8	0.000128
1.295000E-8	-0.000797
1.300000E-8	-0.001713
1.305000E-8	-0.002512
1.310000E-8	-0.003122
1.315000E-8	-0.003497
1.320000E-8	-0.003781
1.325000E-8	-0.003809
1.330000E-8	-0.003763
1.335000E-8	-0.003363
1.340000E-8	-0.002753
1.345000E-8	-0.002150
1.350000E-8	-0.001219
1.355000E-8	-0.000209
1.360000E-8	0.000794
1.365000E-8	0.001716
1.370000E-8	0.002591
1.375000E-8	0.003300
1.380000E-8	0.003744
1.385000E-8	0.004112
1.390000E-8	0.004097
1.395000E-8	0.004009
1.400000E-8	0.003366
1.405000E-8	0.002819
1.410000E-8	0.001966
1.415000E-8	0.001119
1.420000E-8	5.000000E-5
1.425000E-8	-0.000659
1.430000E-8	-0.001769
1.435000E-8	-0.002531
1.440000E-8	-0.003031
1.445000E-8	-0.003313
1.450000E-8	-0.003569
1.455000E-8	-0.003466
1.460000E-8	-0.003150
1.465000E-8	-0.002497
1.470000E-8	-0.001731
1.475000E-8	-0.000694
1.480000E-8	0.000244
1.485000E-8	0.001209
1.490000E-8	0.002119
1.495000E-8	0.002978
1.500000E-8	0.003494
1.505000E-8	0.004084
1.510000E-8	0.004275
1.515000E-8	0.004284
1.520000E-8	0.003981
1.525000E-8	0.003600
1.530000E-8	0.002869
1.535000E-8	0.002159
1.540000E-8	0.001284
1.545000E-8	0.000406
1.550000E-8	-0.000450
1.555000E-8	-0.001178
1.560000E-8	-0.001909
1.565000E-8	-0.002359
1.570000E-8	-0.002662
1.575000E-8	-0.002688
1.580000E-8	-0.002653
1.585000E-8	-0.002334
1.590000E-8	-0.001728
1.595000E-8	-0.000969
1.600000E-8	-0.000234
1.605000E-8	0.000766
1.610000E-8	0.001612
1.615000E-8	0.002538
1.620000E-8	0.003381
1.625000E-8	0.004078
1.630000E-8	0.004463
1.635000E-8	0.004684
1.640000E-8	0.004800
1.645000E-8	0.004584
1.650000E-8	0.004169
1.655000E-8	0.003638
1.660000E-8	0.002869
1.665000E-8	0.002141
1.670000E-8	0.001281
1.675000E-8	0.000588
1.680000E-8	-0.000188
1.685000E-8	-0.000719
1.690000E-8	-0.001288
1.695000E-8	-0.001556
1.700000E-8	-0.001703
1.705000E-8	-0.001516
1.710000E-8	-0.001409
1.715000E-8	-0.000847
1.720000E-8	-0.000206
1.725000E-8	0.000488
1.730000E-8	0.001269
1.735000E-8	0.002181
1.740000E-8	0.002941
1.745000E-8	0.003753
1.750000E-8	0.004331
1.755000E-8	0.004878
1.760000E-8	0.004991
1.765000E-8	0.005178
1.770000E-8	0.005094
1.775000E-8	0.004722
1.780000E-8	0.004172
1.785000E-8	0.003559
1.790000E-8	0.002634
1.795000E-8	0.001709
1.800000E-8	0.000878
1.805000E-8	4.375000E-5
1.810000E-8	-0.000750
1.815000E-8	-0.001331
1.820000E-8	-0.001666
1.825000E-8	-0.001878
1.830000E-8	-0.001828
1.835000E-8	-0.001647
1.840000E-8	-0.001259
1.845000E-8	-0.000491
1.850000E-8	0.000128
1.855000E-8	0.000897
1.860000E-8	0.001687
1.865000E-8	0.002694
1.870000E-8	0.003222
1.875000E-8	0.003953
1.880000E-8	0.004391
1.885000E-8	0.004759
1.890000E-8	0.004788
1.895000E-8	0.004831
1.900000E-8	0.004444
1.905000E-8	0.003953
1.910000E-8	0.003309
1.915000E-8	0.002772
1.920000E-8	0.001928
1.925000E-8	0.001256
1.930000E-8	0.000334
1.935000E-8	-0.000234
1.940000E-8	-0.000737
1.945000E-8	-0.000956
1.950000E-8	-0.001241
1.955000E-8	-0.001191
1.960000E-8	-0.000991
1.965000E-8	-0.000600
1.970000E-8	-9.062500E-5
1.975000E-8	0.000659
1.980000E-8	0.001303
1.985000E-8	0.002081
1.990000E-8	0.002806
1.995000E-8	0.003434
2.000000E-8	0.004106
2.005000E-8	0.004456
2.010000E-8	0.004628
2.015000E-8	0.004838
2.020000E-8	0.004703
2.025000E-8	0.004509
2.030000E-8	0.004075
2.035000E-8	0.003397
2.040000E-8	0.002847
2.045000E-8	0.002188
2.050000E-8	0.001269
2.055000E-8	0.000516
2.060000E-8	-0.000191
2.065000E-8	-0.000800
2.070000E-8	-0.001225
2.075000E-8	-0.001478
2.080000E-8	-0.001525
2.085000E-8	-0.001250
2.090000E-8	-0.000819
2.095000E-8	-0.000272
2.100000E-8	0.000356
2.105000E-8	0.001134
2.110000E-8	0.001956
2.115000E-8	0.002737
2.120000E-8	0.003334
2.125000E-8	0.003953
2.130000E-8	0.004284
2.135000E-8	0.004684
2.140000E-8	0.004662
2.145000E-8	0.004541
2.150000E-8	0.004359
2.155000E-8	0.004081
2.160000E-8	0.003525
2.165000E-8	0.002981
2.170000E-8	0.002309
2.175000E-8	0.001591
2.180000E-8	0.000900
2.185000E-8	0.000278
2.190000E-8	-0.000197
2.195000E-8	-0.000537
2.200000E-8	-0.000809
2.205000E-8	-0.000797
2.210000E-8	-0.000728
2.215000E-8	-0.000497
2.220000E-8	-8.437500E-5
2.225000E-8	0.000597
2.230000E-8	0.001231
2.235000E-8	0.002150
2.240000E-8	0.002838
2.245000E-8	0.003625
2.250000E-8	0.004300
2.255000E-8	0.004741
2.260000E-8	0.005103
2.265000E-8	0.005194
2.270000E-8	0.005172
2.275000E-8	0.005038
2.280000E-8	0.004556
2.285000E-8	0.004025
2.290000E-8	0.003372
2.295000E-8	0.002694
2.300000E-8	0.001975
2.305000E-8	0.001253
2.310000E-8	0.000463
2.315000E-8	-2.187500E-5
2.320000E-8	-0.000388
2.325000E-8	-0.000628
2.330000E-8	-0.000750
2.335000E-8	-0.000647
2.340000E-8	-0.000431
2.345000E-8	6.875000E-5
2.350000E-8	0.000534
2.355000E-8	0.001297
2.360000E-8	0.001919
2.365000E-8	0.002594
2.370000E-8	0.003384
2.375000E-8	0.003966
2.380000E-8	0.004347
2.385000E-8	0.004725
2.390000E-8	0.004906
2.395000E-8	0.004803
2.400000E-8	0.004544
2.405000E-8	0.004203
2.410000E-8	0.003753
2.415000E-8	0.003084
2.420000E-8	0.002344
2.425000E-8	0.001666
2.430000E-8	0.001044
2.435000E-8	0.000469
2.440000E-8	-6.250000E-5
2.445000E-8	-0.000306
2.450000E-8	-0.000516
2.455000E-8	-0.000563
2.460000E-8	-0.000397
2.465000E-8	-0.000191
2.470000E-8	0.000353
2.475000E-8	0.000913
2.480000E-8	0.001453
2.485000E-8	0.002200
2.490000E-8	0.002884
2.495000E-8	0.003606
2.500000E-8	0.003962
2.505000E-8	0.004522
2.510000E-8	0.004778
2.515000E-8	0.004884
2.520000E-8	0.004938
2.525000E-8	0.004800
2.530000E-8	0.004438
2.535000E-8	0.004075
2.540000E-8	0.003453
2.545000E-8	0.002816
2.550000E-8	0.002141
2.555000E-8	0.001478
2.560000E-8	0.000959
2.565000E-8	0.000388
2.570000E-8	-9.375000E-5
2.575000E-8	-0.000287
2.580000E-8	-0.000431
2.585000E-8	-0.000266
2.590000E-8	-0.000116
2.595000E-8	0.000291
2.600000E-8	0.000741
2.605000E-8	0.001369
2.610000E-8	0.001872
2.615000E-8	0.002684
2.620000E-8	0.003219
2.625000E-8	0.003906
2.630000E-8	0.004281
2.635000E-8	0.004662
2.640000E-8	0.004816
2.645000E-8	0.004872
2.650000E-8	0.004703
2.655000E-8	0.004431
2.660000E-8	0.003956
2.665000E-8	0.003575
2.670000E-8	0.002994
2.675000E-8	0.002347
2.680000E-8	0.001722
2.685000E-8	0.001219
2.690000E-8	0.000566
2.695000E-8	0.000222
2.700000E-8	-0.000122
2.705000E-8	-0.000109
2.710000E-8	-8.750000E-5
2.715000E-8	2.812500E-5
2.720000E-8	0.000237
2.725000E-8	0.000634
2.730000E-8	0.001156
2.735000E-8	0.001784
2.740000E-8	0.002413
2.745000E-8	0.003106
2.750000E-8	0.003631
2.755000E-8	0.004087
2.760000E-8	0.004456
2.765000E-8	0.004706
2.770000E-8	0.004825
2.775000E-8	0.004722
2.780000E-8	0.004428
2.785000E-8	0.004066
2.790000E-8	0.003419
2.795000E-8	0.002959
2.800000E-8	0.002266
2.805000E-8	0.001594
2.810000E-8	0.000953
2.815000E-8	0.000522
2.820000E-8	5.937500E-5
2.825000E-8	-0.000134
2.830000E-8	-0.000281
2.835000E-8	-0.000100
2.840000E-8	0.000156
2.845000E-8	0.000478
2.850000E-8	0.000934
2.855000E-8	0.001528
2.860000E-8	0.002094
2.865000E-8	0.002794
2.870000E-8	0.003381
2.875000E-8	0.003878
2.880000E-8	0.004256
2.885000E-8	0.004581
2.890000E-8	0.004681
2.895000E-8	0.004769
2.900000E-8	0.004541
2.905000E-8	0.004256
2.910000E-8	0.003853
2.915000E-8	0.003322
2.920000E-8	0.002841
2.925000E-8	0.002206
2.930000E-8	0.001678
2.935000E-8	0.001225
2.940000E-8	0.000706
2.945000E-8	0.000513
2.950000E-8	0.000253
2.955000E-8	0.000181
2.960000E-8	8.437500E-5
2.965000E-8	0.000269
2.970000E-8	0.000463
2.975000E-8	0.000891
2.980000E-8	0.001275
2.985000E-8	0.001741
2.990000E-8	0.002281
2.995000E-8	0.002866
3.000000E-8	0.003119
3.005000E-8	0.003644
3.010000E-8	0.003956
3.015000E-8	0.004153
3.020000E-8	0.004172
3.025000E-8	0.004178
3.030000E-8	0.003950
3.035000E-8	0.003591
3.040000E-8	0.003219
3.045000E-8	0.002841
3.050000E-8	0.002084
3.055000E-8	0.001694
3.060000E-8	0.001097
3.065000E-8	0.000734
3.070000E-8	0.000403
3.075000E-8	0.000275
3.080000E-8	0.000153
3.085000E-8	0.000241
3.090000E-8	0.000475
3.095000E-8	0.000806
3.100000E-8	0.001022
3.105000E-8	0.001603
3.110000E-8	0.001969
3.115000E-8	0.002478
3.120000E-8	0.002847
3.125000E-8	0.003350
3.130000E-8	0.003644
3.135000E-8	0.003972
3.140000E-8	0.004166
3.145000E-8	0.004419
3.150000E-8	0.004188
3.155000E-8	0.004116
3.160000E-8	0.003681
3.165000E-8	0.003400
3.170000E-8	0.002872
3.175000E-8	0.002272
3.180000E-8	0.001612
3.185000E-8	0.001091
3.190000E-8	0.000659
3.195000E-8	0.000369
3.200000E-8	0.000100
3.205000E-8	3.125000E-5
3.210000E-8	2.812500E-5
3.215000E-8	0.000216
3.220000E-8	0.000359
3.225000E-8	0.000875
3.230000E-8	0.001309
3.235000E-8	0.001803
3.240000E-8	0.002244
3.245000E-8	0.002806
3.250000E-8	0.003397
3.255000E-8	0.003863
3.260000E-8	0.004038
3.265000E-8	0.004372
3.270000E-8	0.004363
3.275000E-8	0.004338
3.280000E-8	0.003997
3.285000E-8	0.003688
3.290000E-8	0.003325
3.295000E-8	0.002819
3.300000E-8	0.002209
3.305000E-8	0.001731
3.310000E-8	0.001200
3.315000E-8	0.000750
3.320000E-8	0.000394
3.325000E-8	0.000172
3.330000E-8	4.062500E-5
3.335000E-8	0.000156
3.340000E-8	0.000313
3.345000E-8	0.000575
3.350000E-8	0.000978
3.355000E-8	0.001525
3.360000E-8	0.002003
3.365000E-8	0.002600
3.370000E-8	0.003041
3.375000E-8	0.003381
3.380000E-8	0.003788
3.385000E-8	0.004081
3.390000E-8	0.004188
3.395000E-8	0.004269
3.400000E-8	0.004306
3.405000E-8	0.004178
3.410000E-8	0.003781
3.415000E-8	0.003416
3.420000E-8	0.002919
3.425000E-8	0.002478
3.430000E-8	0.001959
3.435000E-8	0.001625
3.440000E-8	0.001169
3.445000E-8	0.000831
3.450000E-8	0.000491
3.455000E-8	0.000294
3.460000E-8	0.000247
3.465000E-8	0.000456
3.470000E-8	0.000678
3.475000E-8	0.000975
3.480000E-8	0.001331
3.485000E-8	0.001834
3.490000E-8	0.002284
3.495000E-8	0.002681
3.500000E-8	0.003147
3.505000E-8	0.003694
3.510000E-8	0.003828
3.515000E-8	0.003997
3.520000E-8	0.004109
3.525000E-8	0.004041
3.530000E-8	0.003806
3.535000E-8	0.003700
3.540000E-8	0.003250
3.545000E-8	0.003016
3.550000E-8	0.002525
3.555000E-8	0.002100
3.560000E-8	0.001741
3.565000E-8	0.001456
3.570000E-8	0.001138
3.575000E-8	0.000916
3.580000E-8	0.000678
3.585000E-8	0.000697
3.590000E-8	0.000694
3.595000E-8	0.000828
3.600000E-8	0.001034
3.605000E-8	0.001322
3.610000E-8	0.001612
3.615000E-8	0.002041
3.620000E-8	0.002512
3.625000E-8	0.003087
3.630000E-8	0.003406
3.635000E-8	0.003769
3.640000E-8	0.003922
3.645000E-8	0.004116
3.650000E-8	0.004091
3.655000E-8	0.004081
3.660000E-8	0.003834
3.665000E-8	0.003566
3.670000E-8	0.003241
3.675000E-8	0.002881
3.680000E-8	0.002375
3.685000E-8	0.002003
3.690000E-8	0.001563
3.695000E-8	0.001150
3.700000E-8	0.000797
3.705000E-8	0.000494
3.710000E-8	0.000322
3.715000E-8	0.000384
3.720000E-8	0.000444
3.725000E-8	0.000731
3.730000E-8	0.001050
3.735000E-8	0.001550
3.740000E-8	0.001869
3.745000E-8	0.002472
3.750000E-8	0.002894
3.755000E-8	0.003325
3.760000E-8	0.003666
3.765000E-8	0.003934
3.770000E-8	0.004019
3.775000E-8	0.004119
3.780000E-8	0.004138
3.785000E-8	0.004053
3.790000E-8	0.003750
3.795000E-8	0.003444
3.800000E-8	0.002978
3.805000E-8	0.002609
3.810000E-8	0.002128
3.815000E-8	0.001656
3.820000E-8	0.001347
3.825000E-8	0.001003
3.830000E-8	0.000638
3.835000E-8	0.000550
3.840000E-8	0.000469
3.845000E-8	0.000531
3.850000E-8	0.000713
3.855000E-8	0.000934
3.860000E-8	0.001284
3.865000E-8	0.001788
3.870000E-8	0.002134
3.875000E-8	0.002606
3.880000E-8	0.002994
3.885000E-8	0.003413
3.890000E-8	0.003563
3.895000E-8	0.003881
3.900000E-8	0.004141
3.905000E-8	0.004003
3.910000E-8	0.003769
3.915000E-8	0.003541
3.920000E-8	0.003084
3.925000E-8	0.002809
3.930000E-8	0.002369
3.935000E-8	0.001991
3.940000E-8	0.001528
3.945000E-8	0.001347
3.950000E-8	0.001081
3.955000E-8	0.000850
3.960000E-8	0.000709
3.965000E-8	0.000656
3.970000E-8	0.000672
3.975000E-8	0.001006
3.980000E-8	0.001191
3.985000E-8	0.001506
3.990000E-8	0.001753
3.995000E-8	0.002000
4.000000E-8	0.002353
4.005000E-8	0.002841
4.010000E-8	0.003166
4.015000E-8	0.003478
4.020000E-8	0.003625
4.025000E-8	0.003634
4.030000E-8	0.003603
4.035000E-8	0.003559
4.040000E-8	0.003353
4.045000E-8	0.003138
4.050000E-8	0.002737
4.055000E-8	0.002400
4.060000E-8	0.001978
4.065000E-8	0.001697
4.070000E-8	0.001313
4.075000E-8	0.001091
4.080000E-8	0.000884
4.085000E-8	0.000825
4.090000E-8	0.000881
4.095000E-8	0.000994
4.100000E-8	0.001206
4.105000E-8	0.001550
4.110000E-8	0.001891
4.115000E-8	0.002359
4.120000E-8	0.002728
4.125000E-8	0.003138
4.130000E-8	0.003488
4.135000E-8	0.003828
4.140000E-8	0.003975
4.145000E-8	0.004075
4.150000E-8	0.004078
4.155000E-8	0.004097
4.160000E-8	0.003947
4.165000E-8	0.003831
4.170000E-8	0.003400
4.175000E-8	0.002994
4.180000E-8	0.002566
4.185000E-8	0.002316
4.190000E-8	0.001991
4.195000E-8	0.001700
4.200000E-8	0.001434
4.205000E-8	0.001184
4.210000E-8	0.000984
4.215000E-8	0.000859
4.220000E-8	0.000791
4.225000E-8	0.000900
4.230000E-8	0.001022
4.235000E-8	0.001278
4.240000E-8	0.001606
4.245000E-8	0.002091
4.250000E-8	0.002397
4.255000E-8	0.002828
4.260000E-8	0.003078
4.265000E-8	0.003403
4.270000E-8	0.003491
4.275000E-8	0.003663
4.280000E-8	0.003566
4.285000E-8	0.003541
4.290000E-8	0.003281
4.295000E-8	0.003019
4.300000E-8	0.002678
4.305000E-8	0.002478
4.310000E-8	0.002175
4.315000E-8	0.001897
4.320000E-8	0.001588
4.325000E-8	0.001356
4.330000E-8	0.001163
4.335000E-8	0.001138
4.340000E-8	0.001122
4.345000E-8	0.001138
4.350000E-8	0.001284
4.355000E-8	0.001500
4.360000E-8	0.001838
4.365000E-8	0.002278
4.370000E-8	0.002544
4.375000E-8	0.002922
4.380000E-8	0.003084
4.385000E-8	0.003366
4.390000E-8	0.003578
4.395000E-8	0.003803
4.400000E-8	0.003822
4.405000E-8	0.003806
4.410000E-8	0.003634
4.415000E-8	0.003519
4.420000E-8	0.003197
4.425000E-8	0.003000
4.430000E-8	0.002709
4.435000E-8	0.002413
4.440000E-8	0.001947
4.445000E-8	0.001703
4.450000E-8	0.001334
4.455000E-8	0.001166
4.460000E-8	0.000859
4.465000E-8	0.000772
4.470000E-8	0.000716
4.475000E-8	0.000838
4.480000E-8	0.000906
4.485000E-8	0.001138
4.490000E-8	0.001375
4.495000E-8	0.001719
4.500000E-8	0.002153
4.505000E-8	0.002631
4.510000E-8	0.002884
4.515000E-8	0.003300
4.520000E-8	0.003406
4.525000E-8	0.003719
4.530000E-8	0.003775
4.535000E-8	0.003791
4.540000E-8	0.003597
4.545000E-8	0.003331
4.550000E-8	0.002969
4.555000E-8	0.002650
4.560000E-8	0.002200
4.565000E-8	0.001888
4.570000E-8	0.001553
4.575000E-8	0.001263
4.580000E-8	0.001084
4.585000E-8	0.000844
4.590000E-8	0.000766
4.595000E-8	0.000756
4.600000E-8	0.000913
4.605000E-8	0.001225
4.610000E-8	0.001350
4.615000E-8	0.001722
4.620000E-8	0.002038
4.625000E-8	0.002391
4.630000E-8	0.002731
4.635000E-8	0.003097
4.640000E-8	0.003238
4.645000E-8	0.003494
4.650000E-8	0.003700
4.655000E-8	0.003641
4.660000E-8	0.003569
4.665000E-8	0.003391
4.670000E-8	0.003231
4.675000E-8	0.003159
4.680000E-8	0.002850
4.685000E-8	0.002503
4.690000E-8	0.002147
4.695000E-8	0.001944
4.700000E-8	0.001722
4.705000E-8	0.001531
4.710000E-8	0.001388
4.715000E-8	0.001319
4.720000E-8	0.001238
4.725000E-8	0.001366
4.730000E-8	0.001475
4.735000E-8	0.001578
4.740000E-8	0.001713
4.745000E-8	0.002016
4.750000E-8	0.002219
4.755000E-8	0.002613
4.760000E-8	0.002866
4.765000E-8	0.003053
4.770000E-8	0.003272
4.775000E-8	0.003581
4.780000E-8	0.003600
4.785000E-8	0.003597
4.790000E-8	0.003591
4.795000E-8	0.003441
4.800000E-8	0.003181
4.805000E-8	0.002859
4.810000E-8	0.002450
4.815000E-8	0.002128
4.820000E-8	0.001806
4.825000E-8	0.001481
4.830000E-8	0.001231
4.835000E-8	0.001091
4.840000E-8	0.000903
4.845000E-8	0.000944
4.850000E-8	0.001006
4.855000E-8	0.001263
4.860000E-8	0.001444
4.865000E-8	0.001888
4.870000E-8	0.002038
4.875000E-8	0.002344
4.880000E-8	0.002575
4.885000E-8	0.002825
4.890000E-8	0.002988
4.895000E-8	0.003181
4.900000E-8	0.003247
4.905000E-8	0.003275
4.910000E-8	0.003300
4.915000E-8	0.003294
4.920000E-8	0.003344
4.925000E-8	0.003156
4.930000E-8	0.002875
4.935000E-8	0.002769
4.940000E-8	0.002413
4.945000E-8	0.002162
4.950000E-8	0.001922
4.955000E-8	0.001728
4.960000E-8	0.001441
4.965000E-8	0.001472
4.970000E-8	0.001316
4.975000E-8	0.001319
4.980000E-8	0.001456
4.985000E-8	0.001519
4.990000E-8	0.001756
4.995000E-8	0.001991
5.000000E-8	0.002234
5.005000E-8	0.002600
5.010000E-8	0.002816
5.015000E-8	0.003091
5.020000E-8	0.003241
5.025000E-8	0.003363
5.030000E-8	0.003453
5.035000E-8	0.003394
5.040000E-8	0.003181
5.045000E-8	0.002963
5.050000E-8	0.002675
5.055000E-8	0.002413
5.060000E-8	0.001969
5.065000E-8	0.001747
5.070000E-8	0.001394
5.075000E-8	0.001216
5.080000E-8	0.000884
5.085000E-8	0.000866
5.090000E-8	0.000769
5.095000E-8	0.000891
5.100000E-8	0.001050
5.105000E-8	0.001253
5.110000E-8	0.001456
5.115000E-8	0.001666
5.120000E-8	0.001847
5.125000E-8	0.002219
5.130000E-8	0.002463
5.135000E-8	0.002728
5.140000E-8	0.002922
5.145000E-8	0.003116
5.150000E-8	0.003188
5.155000E-8	0.003341
5.160000E-8	0.003338
5.165000E-8	0.003272
5.170000E-8	0.003169
5.175000E-8	0.003050
5.180000E-8	0.002863
5.185000E-8	0.002709
5.190000E-8	0.002403
5.195000E-8	0.002162
5.200000E-8	0.001891
5.205000E-8	0.001697
5.210000E-8	0.001506
5.215000E-8	0.001437
5.220000E-8	0.001253
5.225000E-8	0.001406
5.230000E-8	0.001506
5.235000E-8	0.001781
5.240000E-8	0.001994
5.245000E-8	0.002300
5.250000E-8	0.002522
5.255000E-8	0.002669
5.260000E-8	0.002856
5.265000E-8	0.003053
5.270000E-8	0.003275
5.275000E-8	0.003384
5.280000E-8	0.003388
5.285000E-8	0.003497
5.290000E-8	0.003266
5.295000E-8	0.003256
5.300000E-8	0.002984
5.305000E-8	0.002713
5.310000E-8	0.002456
5.315000E-8	0.002247
5.320000E-8	0.001850
5.325000E-8	0.001544
5.330000E-8	0.001331
5.335000E-8	0.001225
5.340000E-8	0.001069
5.345000E-8	0.000953
5.350000E-8	0.001050
5.355000E-8	0.001241
5.360000E-8	0.001391
5.365000E-8	0.001778
5.370000E-8	0.002016
5.375000E-8	0.002350
5.380000E-8	0.002512
5.385000E-8	0.002791
5.390000E-8	0.003019
5.395000E-8	0.003191
5.400000E-8	0.003256
5.405000E-8	0.003334
5.410000E-8	0.003369
5.415000E-8	0.003284
5.420000E-8	0.003119
5.425000E-8	0.003012
5.430000E-8	0.002725
5.435000E-8	0.002606
5.440000E-8	0.002344
5.445000E-8	0.002203
5.450000E-8	0.001950
5.455000E-8	0.001750
5.460000E-8	0.001491
5.465000E-8	0.001491
5.470000E-8	0.001359
5.475000E-8	0.001400
5.480000E-8	0.001472
5.485000E-8	0.001612
5.490000E-8	0.001694
5.495000E-8	0.001916
5.500000E-8	0.002056
5.505000E-8	0.002313
5.510000E-8	0.002609
5.515000E-8	0.002813
5.520000E-8	0.002916
5.525000E-8	0.003084
5.530000E-8	0.003200
5.535000E-8	0.003272
5.540000E-8	0.003306
5.545000E-8	0.003328
5.550000E-8	0.003300
5.555000E-8	0.003031
5.560000E-8	0.002716
5.565000E-8	0.002541
5.570000E-8	0.002216
5.575000E-8	0.002122
5.580000E-8	0.001819
5.585000E-8	0.001672
5.590000E-8	0.001625
5.595000E-8	0.001603
5.600000E-8	0.001450
5.605000E-8	0.001588
5.610000E-8	0.001675
5.615000E-8	0.001931
5.620000E-8	0.002041
5.625000E-8	0.002200
5.630000E-8	0.002237
5.635000E-8	0.002541
5.640000E-8	0.002772
5.645000E-8	0.002900
5.650000E-8	0.002944
5.655000E-8	0.002972
5.660000E-8	0.002994
5.665000E-8	0.002947
5.670000E-8	0.002959
5.675000E-8	0.003006
5.680000E-8	0.002869
5.685000E-8	0.002809
5.690000E-8	0.002550
5.695000E-8	0.002628
5.700000E-8	0.002353
5.705000E-8	0.002131
5.710000E-8	0.001919
5.715000E-8	0.001884
5.720000E-8	0.001769
5.725000E-8	0.001713
5.730000E-8	0.001703
5.735000E-8	0.001800
5.740000E-8	0.001687
5.745000E-8	0.001963
5.750000E-8	0.002184
5.755000E-8	0.002500
5.760000E-8	0.002788
5.765000E-8	0.003184
5.770000E-8	0.003369
5.775000E-8	0.003569
5.780000E-8	0.003597
5.785000E-8	0.003741
5.790000E-8	0.003663
5.795000E-8	0.003500
5.800000E-8	0.003288
5.805000E-8	0.003100
5.810000E-8	0.002716
5.815000E-8	0.002437
5.820000E-8	0.002075
5.825000E-8	0.001931
5.830000E-8	0.001716
5.835000E-8	0.001628
5.840000E-8	0.001484
5.845000E-8	0.001478
5.850000E-8	0.001525
5.855000E-8	0.001675
5.860000E-8	0.001888
5.865000E-8	0.002056
5.870000E-8	0.002256
5.875000E-8	0.002444
5.880000E-8	0.002684
5.885000E-8	0.002878
5.890000E-8	0.003063
5.895000E-8	0.003294
5.900000E-8	0.003356
5.905000E-8	0.003341
5.910000E-8	0.003281
5.915000E-8	0.003203
5.920000E-8	0.003050
5.925000E-8	0.002956
5.930000E-8	0.002669
5.935000E-8	0.002494
5.940000E-8	0.002275
5.945000E-8	0.002087
5.950000E-8	0.001738
5.955000E-8	0.001672
5.960000E-8	0.001594
5.965000E-8	0.001478
5.970000E-8	0.001325
5.975000E-8	0.001488
5.980000E-8	0.001466
5.985000E-8	0.001672
5.990000E-8	0.001747
5.995000E-8	0.002000
6.000000E-8	0.002209
6.005000E-8	0.002475
6.010000E-8	0.002753
6.015000E-8	0.003022
6.020000E-8	0.003100
6.025000E-8	0.003259
6.030000E-8	0.003400
6.035000E-8	0.003512
6.040000E-8	0.003438
6.045000E-8	0.003394
6.050000E-8	0.003244
6.055000E-8	0.003059
6.060000E-8	0.002722
6.065000E-8	0.002613
6.070000E-8	0.002294
6.075000E-8	0.002072
6.080000E-8	0.001819
6.085000E-8	0.001606
6.090000E-8	0.001341
6.095000E-8	0.001297
6.100000E-8	0.001263
6.105000E-8	0.001403
6.110000E-8	0.001563
6.115000E-8	0.001681
6.120000E-8	0.001913
6.125000E-8	0.002069
6.130000E-8	0.002181
6.135000E-8	0.002425
6.140000E-8	0.002747
6.145000E-8	0.002888
6.150000E-8	0.002978
6.155000E-8	0.003066
6.160000E-8	0.003063
6.165000E-8	0.003113
6.170000E-8	0.003050
6.175000E-8	0.003041
6.180000E-8	0.002847
6.185000E-8	0.002741
6.190000E-8	0.002497
6.195000E-8	0.002347
6.200000E-8	0.002209
6.205000E-8	0.002156
6.210000E-8	0.001866
6.215000E-8	0.001753
6.220000E-8	0.001678
6.225000E-8	0.001753
6.230000E-8	0.001622
6.235000E-8	0.001822
6.240000E-8	0.001800
6.245000E-8	0.001881
6.250000E-8	0.002063
6.255000E-8	0.002234
6.260000E-8	0.002413
6.265000E-8	0.002622
6.270000E-8	0.002775
6.275000E-8	0.003016
6.280000E-8	0.003134
6.285000E-8	0.003147
6.290000E-8	0.003191
6.295000E-8	0.003263
6.300000E-8	0.003159
6.305000E-8	0.003025
6.310000E-8	0.002825
6.315000E-8	0.002766
6.320000E-8	0.002453
6.325000E-8	0.002200
6.330000E-8	0.002053
6.335000E-8	0.001822
6.340000E-8	0.001747
6.345000E-8	0.001694
6.350000E-8	0.001609
6.355000E-8	0.001741
6.360000E-8	0.001747
6.365000E-8	0.001913
6.370000E-8	0.001931
6.375000E-8	0.002266
6.380000E-8	0.002484
6.385000E-8	0.002747
6.390000E-8	0.002850
6.395000E-8	0.003006
6.400000E-8	0.003119
6.405000E-8	0.003266
6.410000E-8	0.003297
6.415000E-8	0.003209
6.420000E-8	0.003206
6.425000E-8	0.003084
6.430000E-8	0.002850
6.435000E-8	0.002613
6.440000E-8	0.002347
6.445000E-8	0.002197
6.450000E-8	0.002006
6.455000E-8	0.001906
6.460000E-8	0.001597
6.465000E-8	0.001503
6.470000E-8	0.001444
6.475000E-8	0.001419
6.480000E-8	0.001406
6.485000E-8	0.001644
6.490000E-8	0.001903
6.495000E-8	0.002006
6.500000E-8	0.002244
6.505000E-8	0.002512
6.510000E-8	0.002603
6.515000E-8	0.002806
6.520000E-8	0.002922
6.525000E-8	0.003016
6.530000E-8	0.003072
6.535000E-8	0.003134
6.540000E-8	0.003153
6.545000E-8	0.003106
6.550000E-8	0.002922
6.555000E-8	0.002775
6.560000E-8	0.002606
6.565000E-8	0.002534
6.570000E-8	0.002366
6.575000E-8	0.002188
6.580000E-8	0.001925
6.585000E-8	0.001859
6.590000E-8	0.001659
6.595000E-8	0.001672
6.600000E-8	0.001619
6.605000E-8	0.001566
6.610000E-8	0.001584
6.615000E-8	0.001687
6.620000E-8	0.001847
6.625000E-8	0.002044
6.630000E-8	0.002347
6.635000E-8	0.002541
6.640000E-8	0.002653
6.645000E-8	0.002856
6.650000E-8	0.002934
6.655000E-8	0.003141
6.660000E-8	0.003087
6.665000E-8	0.003119
6.670000E-8	0.003103
6.675000E-8	0.003063
6.680000E-8	0.002775
6.685000E-8	0.002775
6.690000E-8	0.002534
6.695000E-8	0.002375
6.700000E-8	0.002134
6.705000E-8	0.001975
6.710000E-8	0.001759
6.715000E-8	0.001687
6.720000E-8	0.001522
6.725000E-8	0.001606
6.730000E-8	0.001588
6.735000E-8	0.001566
6.740000E-8	0.001678
6.745000E-8	0.001831
6.750000E-8	0.001959
6.755000E-8	0.002144
6.760000E-8	0.002363
6.765000E-8	0.002559
6.770000E-8	0.002822
6.775000E-8	0.003084
6.780000E-8	0.003053
6.785000E-8	0.003109
6.790000E-8	0.003188
6.795000E-8	0.003256
6.800000E-8	0.003025
6.805000E-8	0.002888
6.810000E-8	0.002756
6.815000E-8	0.002563
6.820000E-8	0.002241
6.825000E-8	0.002131
6.830000E-8	0.001978
6.835000E-8	0.001834
6.840000E-8	0.001713
6.845000E-8	0.001606
6.850000E-8	0.001591
6.855000E-8	0.001697
6.860000E-8	0.001828
6.865000E-8	0.001981
6.870000E-8	0.002009
6.875000E-8	0.002134
6.880000E-8	0.002263
6.885000E-8	0.002406
6.890000E-8	0.002463
6.895000E-8	0.002609
6.900000E-8	0.002713
6.905000E-8	0.002903
6.910000E-8	0.002984
6.915000E-8	0.003100
6.920000E-8	0.003100
6.925000E-8	0.003228
6.930000E-8	0.003087
6.935000E-8	0.003009
6.940000E-8	0.002813
6.945000E-8	0.002644
6.950000E-8	0.002550
6.955000E-8	0.002341
6.960000E-8	0.002131
6.965000E-8	0.002000
6.970000E-8	0.001838
6.975000E-8	0.001825
6.980000E-8	0.001722
6.985000E-8	0.001859
6.990000E-8	0.001944
6.995000E-8	0.002034
7.000000E-8	0.002159
7.005000E-8	0.002234
7.010000E-8	0.002278
7.015000E-8	0.002422
7.020000E-8	0.002522
7.025000E-8	0.002691
7.030000E-8	0.002747
7.035000E-8	0.002841
7.040000E-8	0.002916
7.045000E-8	0.002953
7.050000E-8	0.002953
7.055000E-8	0.002919
7.060000E-8	0.002756
7.065000E-8	0.002728
7.070000E-8	0.002603
7.075000E-8	0.002566
7.080000E-8	0.002341
7.085000E-8	0.002244
7.090000E-8	0.002128
7.095000E-8	0.002075
7.100000E-8	0.002041
7.105000E-8	0.002128
7.110000E-8	0.002078
7.115000E-8	0.002225
7.120000E-8	0.002206
7.125000E-8	0.002350
7.130000E-8	0.002491
7.135000E-8	0.002594
7.140000E-8	0.002534
7.145000E-8	0.002763
7.150000E-8	0.002806
7.155000E-8	0.002853
7.160000E-8	0.002869
7.165000E-8	0.002844
7.170000E-8	0.002741
7.175000E-8	0.002659
7.180000E-8	0.002619
7.185000E-8	0.002597
7.190000E-8	0.002509
7.195000E-8	0.002428
7.200000E-8	0.002366
7.205000E-8	0.002284
7.210000E-8	0.002144
7.215000E-8	0.001975
7.220000E-8	0.001941
7.225000E-8	0.002012
7.230000E-8	0.002028
7.235000E-8	0.002156
7.240000E-8	0.002234
7.245000E-8	0.002406
7.250000E-8	0.002466
7.255000E-8	0.002709
7.260000E-8	0.002737
7.265000E-8	0.002947
7.270000E-8	0.002975
7.275000E-8	0.003084
7.280000E-8	0.003125
7.285000E-8	0.003144
7.290000E-8	0.003012
7.295000E-8	0.002988
7.300000E-8	0.002816
7.305000E-8	0.002806
7.310000E-8	0.002575
7.315000E-8	0.002488
7.320000E-8	0.002378
7.325000E-8	0.002325
7.330000E-8	0.002113
7.335000E-8	0.001991
7.340000E-8	0.001972
7.345000E-8	0.001863
7.350000E-8	0.001922
7.355000E-8	0.001875
7.360000E-8	0.001888
7.365000E-8	0.001875
7.370000E-8	0.001903
7.375000E-8	0.002050
7.380000E-8	0.002063
7.385000E-8	0.002228
7.390000E-8	0.002294
7.395000E-8	0.002547
7.400000E-8	0.002600
7.405000E-8	0.002747
7.410000E-8	0.002841
7.415000E-8	0.002881
7.420000E-8	0.002813
7.425000E-8	0.002913
7.430000E-8	0.002778
7.435000E-8	0.002772
7.440000E-8	0.002572
7.445000E-8	0.002512
7.450000E-8	0.002416
7.455000E-8	0.002194
7.460000E-8	0.002012
7.465000E-8	0.002022
7.470000E-8	0.001950
7.475000E-8	0.002028
7.480000E-8	0.001891
7.485000E-8	0.001981
7.490000E-8	0.001972
7.495000E-8	0.002056
7.500000E-8	0.002150
7.505000E-8	0.002294
7.510000E-8	0.002422
7.515000E-8	0.002641
7.520000E-8	0.002797
7.525000E-8	0.002913
7.530000E-8	0.003066
7.535000E-8	0.003172
7.540000E-8	0.003159
7.545000E-8	0.003316
7.550000E-8	0.003109
7.555000E-8	0.002963
7.560000E-8	0.002775
7.565000E-8	0.002650
7.570000E-8	0.002388
7.575000E-8	0.002203
7.580000E-8	0.001922
7.585000E-8	0.001856
7.590000E-8	0.001644
7.595000E-8	0.001588
7.600000E-8	0.001466
7.605000E-8	0.001422
7.610000E-8	0.001672
7.615000E-8	0.001769
7.620000E-8	0.001894
7.625000E-8	0.001966
7.630000E-8	0.001988
7.635000E-8	0.002203
7.640000E-8	0.002284
7.645000E-8	0.002459
7.650000E-8	0.002444
7.655000E-8	0.002538
7.660000E-8	0.002494
7.665000E-8	0.002531
7.670000E-8	0.002556
7.675000E-8	0.002569
7.680000E-8	0.002475
7.685000E-8	0.002466
7.690000E-8	0.002313
7.695000E-8	0.002278
7.700000E-8	0.002141
7.705000E-8	0.002216
7.710000E-8	0.002016
7.715000E-8	0.002038
7.720000E-8	0.001975
7.725000E-8	0.002141
7.730000E-8	0.002031
7.735000E-8	0.002178
7.740000E-8	0.002181
7.745000E-8	0.002334
7.750000E-8	0.002388
7.755000E-8	0.002497
7.760000E-8	0.002591
7.765000E-8	0.002625
7.770000E-8	0.002656
7.775000E-8	0.002841
7.780000E-8	0.002809
7.785000E-8	0.002791
7.790000E-8	0.002763
7.795000E-8	0.002819
7.800000E-8	0.002819
7.805000E-8	0.002709
7.810000E-8	0.002584
7.815000E-8	0.002494
7.820000E-8	0.002291
7.825000E-8	0.002237
7.830000E-8	0.002100
7.835000E-8	0.001972
7.840000E-8	0.001803
7.845000E-8	0.001866
7.850000E-8	0.001784
7.855000E-8	0.001894
7.860000E-8	0.001869
7.865000E-8	0.001978
7.870000E-8	0.002122
7.875000E-8	0.002319
7.880000E-8	0.002384
7.885000E-8	0.002475
7.890000E-8	0.002522
7.895000E-8	0.002581
7.900000E-8	0.002547
7.905000E-8	0.002597
7.910000E-8	0.002597
7.915000E-8	0.002634
7.920000E-8	0.002628
7.925000E-8	0.002538
7.930000E-8	0.002525
7.935000E-8	0.002553
7.940000E-8	0.002419
7.945000E-8	0.002325
7.950000E-8	0.002250
7.955000E-8	0.002225
7.960000E-8	0.002122
7.965000E-8	0.002084
7.970000E-8	0.001997
7.975000E-8	0.002003
7.980000E-8	0.001856
7.985000E-8	0.001919
7.990000E-8	0.001956
7.995000E-8	0.002103
8.000000E-8	0.002128
8.005000E-8	0.002150
8.010000E-8	0.002300
8.015000E-8	0.002288
8.020000E-8	0.002347
8.025000E-8	0.002538
8.030000E-8	0.002597
8.035000E-8	0.002728
8.040000E-8	0.002713
8.045000E-8	0.002828
8.050000E-8	0.002891
8.055000E-8	0.002922
8.060000E-8	0.002972
8.065000E-8	0.003019
8.070000E-8	0.002925
8.075000E-8	0.002875
8.080000E-8	0.002797
8.085000E-8	0.002716
8.090000E-8	0.002519
8.095000E-8	0.002500
8.100000E-8	0.002391
8.105000E-8	0.002388
8.110000E-8	0.002222
8.115000E-8	0.002213
8.120000E-8	0.002213
8.125000E-8	0.002409
8.130000E-8	0.002459
8.135000E-8	0.002497
8.140000E-8	0.002512
8.145000E-8	0.002622
8.150000E-8	0.002631
8.155000E-8	0.002831
8.160000E-8	0.002819
8.165000E-8	0.002900
8.170000E-8	0.002888
8.175000E-8	0.002934
8.180000E-8	0.002834
8.185000E-8	0.002866
8.190000E-8	0.002800
8.195000E-8	0.002688
8.200000E-8	0.002634
8.205000E-8	0.002488
8.210000E-8	0.002437
8.215000E-8	0.002237
8.220000E-8	0.002159
8.225000E-8	0.001988
8.230000E-8	0.001903
8.235000E-8	0.001884
8.240000E-8	0.001716
8.245000E-8	0.001878
8.250000E-8	0.002075
8.255000E-8	0.002213
8.260000E-8	0.002375
8.265000E-8	0.002659
8.270000E-8	0.002706
8.275000E-8	0.002734
8.280000E-8	0.002819
8.285000E-8	0.002825
8.290000E-8	0.002659
8.295000E-8	0.002694
8.300000E-8	0.002575
8.305000E-8	0.002534
8.310000E-8	0.002444
8.315000E-8	0.002403
8.320000E-8	0.002306
8.325000E-8	0.002119
8.330000E-8	0.002119
8.335000E-8	0.002003
8.340000E-8	0.001875
8.345000E-8	0.001831
8.350000E-8	0.001769
8.355000E-8	0.001781
8.360000E-8	0.001806
8.365000E-8	0.001900
8.370000E-8	0.001916
8.375000E-8	0.002063
8.380000E-8	0.002122
8.385000E-8	0.002278
8.390000E-8	0.002316
8.395000E-8	0.002484
8.400000E-8	0.002428
8.405000E-8	0.002575
8.410000E-8	0.002547
8.415000E-8	0.002716
8.420000E-8	0.002634
8.425000E-8	0.002631
8.430000E-8	0.002606
8.435000E-8	0.002613
8.440000E-8	0.002488
8.445000E-8	0.002319
8.450000E-8	0.002331
8.455000E-8	0.002275
8.460000E-8	0.002100
8.465000E-8	0.002053
8.470000E-8	0.001972
8.475000E-8	0.001872
8.480000E-8	0.001813
8.485000E-8	0.001881
8.490000E-8	0.001844
8.495000E-8	0.001897
8.500000E-8	0.001937
8.505000E-8	0.002181
8.510000E-8	0.002359
8.515000E-8	0.002472
8.520000E-8	0.002594
8.525000E-8	0.002684
8.530000E-8	0.002725
8.535000E-8	0.002872
8.540000E-8	0.002894
8.545000E-8	0.002750
8.550000E-8	0.002669
8.555000E-8	0.002684
8.560000E-8	0.002519
8.565000E-8	0.002572
8.570000E-8	0.002463
8.575000E-8	0.002491
8.580000E-8	0.002391
8.585000E-8	0.002409
8.590000E-8	0.002288
8.595000E-8	0.002338
8.600000E-8	0.002366
8.605000E-8	0.002388
8.610000E-8	0.002356
8.615000E-8	0.002347
8.620000E-8	0.002391
8.625000E-8	0.002431
8.630000E-8	0.002341
8.635000E-8	0.002384
8.640000E-8	0.002528
8.645000E-8	0.002484
8.650000E-8	0.002641
8.655000E-8	0.002678
8.660000E-8	0.002734
8.665000E-8	0.002888
8.670000E-8	0.002906
8.675000E-8	0.002872
8.680000E-8	0.002863
8.685000E-8	0.002788
8.690000E-8	0.002709
8.695000E-8	0.002725
8.700000E-8	0.002503
8.705000E-8	0.002334
8.710000E-8	0.002184
8.715000E-8	0.002169
8.720000E-8	0.002156
8.725000E-8	0.002213
8.730000E-8	0.002197
8.735000E-8	0.002269
8.740000E-8	0.002194
8.745000E-8	0.002347
8.750000E-8	0.002356
8.755000E-8	0.002288
8.760000E-8	0.002253
8.765000E-8	0.002156
8.770000E-8	0.002169
8.775000E-8	0.002084
8.780000E-8	0.002012
8.785000E-8	0.002122
8.790000E-8	0.002178
8.795000E-8	0.002259
8.800000E-8	0.002263
8.805000E-8	0.002400
8.810000E-8	0.002459
8.815000E-8	0.002553
8.820000E-8	0.002563
8.825000E-8	0.002722
8.830000E-8	0.002594
8.835000E-8	0.002553
8.840000E-8	0.002456
8.845000E-8	0.002378
8.850000E-8	0.002234
8.855000E-8	0.002094
8.860000E-8	0.001969
8.865000E-8	0.001981
8.870000E-8	0.002031
8.875000E-8	0.002153
8.880000E-8	0.002206
8.885000E-8	0.002391
8.890000E-8	0.002406
8.895000E-8	0.002606
8.900000E-8	0.002744
8.905000E-8	0.002878
8.910000E-8	0.002869
8.915000E-8	0.002984
8.920000E-8	0.002916
8.925000E-8	0.002913
8.930000E-8	0.002734
8.935000E-8	0.002750
8.940000E-8	0.002625
8.945000E-8	0.002444
8.950000E-8	0.002209
8.955000E-8	0.002197
8.960000E-8	0.002050
8.965000E-8	0.002113
8.970000E-8	0.002066
8.975000E-8	0.001988
8.980000E-8	0.002050
8.985000E-8	0.002116
8.990000E-8	0.002175
8.995000E-8	0.002353
9.000000E-8	0.002403
9.005000E-8	0.002472
9.010000E-8	0.002478
9.015000E-8	0.002550
9.020000E-8	0.002550
9.025000E-8	0.002647
9.030000E-8	0.002597
9.035000E-8	0.002759
9.040000E-8	0.002863
9.045000E-8	0.002981
9.050000E-8	0.002969
9.055000E-8	0.003000
9.060000E-8	0.002950
9.065000E-8	0.002975
9.070000E-8	0.002797
9.075000E-8	0.002659
9.080000E-8	0.002541
9.085000E-8	0.002522
9.090000E-8	0.002369
9.095000E-8	0.002397
9.100000E-8	0.002116
9.105000E-8	0.001975
9.110000E-8	0.001947
9.115000E-8	0.002050
9.120000E-8	0.002081
9.125000E-8	0.002216
9.130000E-8	0.002197
9.135000E-8	0.002331
9.140000E-8	0.002463
9.145000E-8	0.002578
9.150000E-8	0.002628
9.155000E-8	0.002759
9.160000E-8	0.002675
9.165000E-8	0.002688
9.170000E-8	0.002713
9.175000E-8	0.002659
9.180000E-8	0.002650
9.185000E-8	0.002834
9.190000E-8	0.002778
9.195000E-8	0.002734
9.200000E-8	0.002684
9.205000E-8	0.002656
9.210000E-8	0.002516
9.215000E-8	0.002447
9.220000E-8	0.002222
9.225000E-8	0.002228
9.230000E-8	0.002103
9.235000E-8	0.002028
9.240000E-8	0.001900
9.245000E-8	0.001937
9.250000E-8	0.001916
9.255000E-8	0.001963
9.260000E-8	0.001981
9.265000E-8	0.002219
9.270000E-8	0.002297
9.275000E-8	0.002409
9.280000E-8	0.002544
9.285000E-8	0.002734
9.290000E-8	0.002697
9.295000E-8	0.002772
9.300000E-8	0.002747
9.305000E-8	0.002819
9.310000E-8	0.002700
9.315000E-8	0.002706
9.320000E-8	0.002531
9.325000E-8	0.002584
9.330000E-8	0.002528
9.335000E-8	0.002516
9.340000E-8	0.002528
9.345000E-8	0.002525
9.350000E-8	0.002428
9.355000E-8	0.002294
9.360000E-8	0.002288
9.365000E-8	0.002356
9.370000E-8	0.002275
9.375000E-8	0.002250
9.380000E-8	0.002213
9.385000E-8	0.002284
9.390000E-8	0.002281
9.395000E-8	0.002363
9.400000E-8	0.002447
9.405000E-8	0.002422
9.410000E-8	0.002525
9.415000E-8	0.002603
9.420000E-8	0.002547
9.425000E-8	0.002672
9.430000E-8	0.002650
9.435000E-8	0.002763
9.440000E-8	0.002697
9.445000E-8	0.002709
9.450000E-8	0.002547
9.455000E-8	0.002406
9.460000E-8	0.002278
9.465000E-8	0.002256
9.470000E-8	0.002091
9.475000E-8	0.002103
9.480000E-8	0.002100
9.485000E-8	0.002144
9.490000E-8	0.002241
9.495000E-8	0.002306
9.500000E-8	0.002372
9.505000E-8	0.002447
9.510000E-8	0.002456
9.515000E-8	0.002650
9.520000E-8	0.002725
9.525000E-8	0.002775
9.530000E-8	0.002722
9.535000E-8	0.002616
9.540000E-8	0.002475
9.545000E-8	0.002647
9.550000E-8	0.002628
9.555000E-8	0.002697
9.560000E-8	0.002544
9.565000E-8	0.002606
9.570000E-8	0.002519
9.575000E-8	0.002622
9.580000E-8	0.002478
9.585000E-8	0.002406
9.590000E-8	0.002369
9.595000E-8	0.002206
9.600000E-8	0.002044
9.605000E-8	0.002022
9.610000E-8	0.002034
9.615000E-8	0.002209
9.620000E-8	0.002141
9.625000E-8	0.002169
9.630000E-8	0.002275
9.635000E-8	0.002366
9.640000E-8	0.002491
9.645000E-8	0.002531
9.650000E-8	0.002547
9.655000E-8	0.002609
9.660000E-8	0.002525
9.665000E-8	0.002566
9.670000E-8	0.002447
9.675000E-8	0.002419
9.680000E-8	0.002366
9.685000E-8	0.002500
9.690000E-8	0.002566
9.695000E-8	0.002669
9.700000E-8	0.002441
9.705000E-8	0.002556
9.710000E-8	0.002447
9.715000E-8	0.002459
9.720000E-8	0.002344
9.725000E-8	0.002291
9.730000E-8	0.002075
9.735000E-8	0.002031
9.740000E-8	0.002028
9.745000E-8	0.002063
9.750000E-8	0.001897
9.755000E-8	0.001991
9.760000E-8	0.002044
9.765000E-8	0.002309
9.770000E-8	0.002400
9.775000E-8	0.002450
9.780000E-8	0.002472
9.785000E-8	0.002613
9.790000E-8	0.002725
9.795000E-8	0.002834
9.800000E-8	0.002713
9.805000E-8	0.002788
9.810000E-8	0.002700
9.815000E-8	0.002591
9.820000E-8	0.002453
9.825000E-8	0.002419
9.830000E-8	0.002309
9.835000E-8	0.002241
9.840000E-8	0.002241
9.845000E-8	0.002281
9.850000E-8	0.002228
9.855000E-8	0.002169
9.860000E-8	0.002038
9.865000E-8	0.001966
9.870000E-8	0.001953
9.875000E-8	0.002103
9.880000E-8	0.001953
9.885000E-8	0.002162
9.890000E-8	0.002172
9.895000E-8	0.002281
9.900000E-8	0.002353
9.905000E-8	0.002500
9.910000E-8	0.002659
9.915000E-8	0.002797
9.920000E-8	0.002900
9.925000E-8	0.003009
9.930000E-8	0.003038
9.935000E-8	0.003031
9.940000E-8	0.002903
9.945000E-8	0.002816
9.950000E-8	0.002631
9.955000E-8	0.002506
9.960000E-8	0.002259
9.965000E-8	0.002153
9.970000E-8	0.001978
9.975000E-8	0.001913
9.980000E-8	0.001809
9.985000E-8	0.001831
9.990000E-8	0.001778
9.995000E-8	0.001972
