LabVIEW Measurement	
Writer_Version	2
Reader_Version	2
Separator	Tab
Decimal_Separator	.
Multi_Headings	No
X_Columns	Multi
Time_Pref	Relative
Operator	TG lab
Date	2015/03/06
Time	19:30:08.3040981292724609375
***End_of_Header***	
	
Channels	1	
Samples	2000	
Date	2015/03/06	
Time	19:30:08.3040981292724609375	
X_Dimension	Time	
X0	0.0000000000000000E+0	
Delta_X	5.000000E-11	
***End_of_Header***		
X_Value	Untitled	Comment
0.000000	0.002722
5.000000E-11	0.002825
1.000000E-10	0.002741
1.500000E-10	0.002903
2.000000E-10	0.002841
2.500000E-10	0.002806
3.000000E-10	0.002766
3.500000E-10	0.002847
4.000000E-10	0.002828
4.500000E-10	0.002759
5.000000E-10	0.002816
5.500000E-10	0.002878
6.000000E-10	0.002753
6.500000E-10	0.002753
7.000000E-10	0.002778
7.500000E-10	0.002747
8.000000E-10	0.002684
8.500000E-10	0.002706
9.000000E-10	0.002731
9.500000E-10	0.002759
1.000000E-9	0.002800
1.050000E-9	0.002919
1.100000E-9	0.002991
1.150000E-9	0.003059
1.200000E-9	0.003053
1.250000E-9	0.003106
1.300000E-9	0.003066
1.350000E-9	0.003153
1.400000E-9	0.003228
1.450000E-9	0.003222
1.500000E-9	0.003125
1.550000E-9	0.003184
1.600000E-9	0.003225
1.650000E-9	0.003281
1.700000E-9	0.003266
1.750000E-9	0.003375
1.800000E-9	0.003391
1.850000E-9	0.003372
1.900000E-9	0.003391
1.950000E-9	0.003528
2.000000E-9	0.003453
2.050000E-9	0.003425
2.100000E-9	0.003456
2.150000E-9	0.003525
2.200000E-9	0.003522
2.250000E-9	0.003556
2.300000E-9	0.003534
2.350000E-9	0.003463
2.400000E-9	0.003481
2.450000E-9	0.003578
2.500000E-9	0.003659
2.550000E-9	0.003738
2.600000E-9	0.003791
2.650000E-9	0.003956
2.700000E-9	0.004003
2.750000E-9	0.003966
2.800000E-9	0.004025
2.850000E-9	0.003953
2.900000E-9	0.003900
2.950000E-9	0.003953
3.000000E-9	0.003897
3.050000E-9	0.003931
3.100000E-9	0.003872
3.150000E-9	0.003781
3.200000E-9	0.003766
3.250000E-9	0.003759
3.300000E-9	0.003747
3.350000E-9	0.003803
3.400000E-9	0.003822
3.450000E-9	0.003909
3.500000E-9	0.003881
3.550000E-9	0.003975
3.600000E-9	0.004084
3.650000E-9	0.004156
3.700000E-9	0.004237
3.750000E-9	0.004247
3.800000E-9	0.004288
3.850000E-9	0.004275
3.900000E-9	0.004169
3.950000E-9	0.004266
4.000000E-9	0.004391
4.050000E-9	0.004381
4.100000E-9	0.004484
4.150000E-9	0.004703
4.200000E-9	0.004866
4.250000E-9	0.005213
4.300000E-9	0.005500
4.350000E-9	0.006006
4.400000E-9	0.006391
4.450000E-9	0.006778
4.500000E-9	0.007322
4.550000E-9	0.007963
4.600000E-9	0.008541
4.650000E-9	0.009397
4.700000E-9	0.010259
4.750000E-9	0.011228
4.800000E-9	0.012369
4.850000E-9	0.013678
4.900000E-9	0.014947
4.950000E-9	0.016528
5.000000E-9	0.018300
5.050000E-9	0.020200
5.100000E-9	0.022063
5.150000E-9	0.024159
5.200000E-9	0.026309
5.250000E-9	0.028309
5.300000E-9	0.030131
5.350000E-9	0.032066
5.400000E-9	0.033634
5.450000E-9	0.034925
5.500000E-9	0.036038
5.550000E-9	0.036741
5.600000E-9	0.037247
5.650000E-9	0.037381
5.700000E-9	0.037184
5.750000E-9	0.036656
5.800000E-9	0.035784
5.850000E-9	0.034734
5.900000E-9	0.033253
5.950000E-9	0.031544
6.000000E-9	0.029578
6.050000E-9	0.027644
6.100000E-9	0.025794
6.150000E-9	0.024100
6.200000E-9	0.022534
6.250000E-9	0.021447
6.300000E-9	0.020619
6.350000E-9	0.020406
6.400000E-9	0.020484
6.450000E-9	0.020872
6.500000E-9	0.021556
6.550000E-9	0.022378
6.600000E-9	0.023206
6.650000E-9	0.024056
6.700000E-9	0.024881
6.750000E-9	0.025516
6.800000E-9	0.025878
6.850000E-9	0.026016
6.900000E-9	0.025884
6.950000E-9	0.025531
7.000000E-9	0.024887
7.050000E-9	0.024222
7.100000E-9	0.023150
7.150000E-9	0.021950
7.200000E-9	0.020619
7.250000E-9	0.019325
7.300000E-9	0.017981
7.350000E-9	0.016697
7.400000E-9	0.015509
7.450000E-9	0.014513
7.500000E-9	0.013666
7.550000E-9	0.013250
7.600000E-9	0.012859
7.650000E-9	0.012919
7.700000E-9	0.013181
7.750000E-9	0.013716
7.800000E-9	0.014313
7.850000E-9	0.015244
7.900000E-9	0.016078
7.950000E-9	0.017088
8.000000E-9	0.017847
8.050000E-9	0.018522
8.100000E-9	0.019009
8.150000E-9	0.019356
8.200000E-9	0.019306
8.250000E-9	0.019031
8.300000E-9	0.018438
8.350000E-9	0.017672
8.400000E-9	0.016588
8.450000E-9	0.015303
8.500000E-9	0.013950
8.550000E-9	0.012566
8.600000E-9	0.011228
8.650000E-9	0.010122
8.700000E-9	0.009103
8.750000E-9	0.008256
8.800000E-9	0.007675
8.850000E-9	0.007466
8.900000E-9	0.007575
8.950000E-9	0.007859
9.000000E-9	0.008325
9.050000E-9	0.009094
9.100000E-9	0.009978
9.150000E-9	0.011075
9.200000E-9	0.011972
9.250000E-9	0.012837
9.300000E-9	0.013738
9.350000E-9	0.014459
9.400000E-9	0.014803
9.450000E-9	0.015059
9.500000E-9	0.014919
9.550000E-9	0.014534
9.600000E-9	0.013706
9.650000E-9	0.012881
9.700000E-9	0.011731
9.750000E-9	0.010616
9.800000E-9	0.009175
9.850000E-9	0.007941
9.900000E-9	0.006753
9.950000E-9	0.005809
1.000000E-8	0.005084
1.005000E-8	0.004572
1.010000E-8	0.004397
1.015000E-8	0.004453
1.020000E-8	0.004794
1.025000E-8	0.005484
1.030000E-8	0.006303
1.035000E-8	0.007303
1.040000E-8	0.008363
1.045000E-8	0.009494
1.050000E-8	0.010506
1.055000E-8	0.011572
1.060000E-8	0.012197
1.065000E-8	0.012688
1.070000E-8	0.012916
1.075000E-8	0.012863
1.080000E-8	0.012425
1.085000E-8	0.011819
1.090000E-8	0.010947
1.095000E-8	0.009909
1.100000E-8	0.008775
1.105000E-8	0.007638
1.110000E-8	0.006619
1.115000E-8	0.005431
1.120000E-8	0.004344
1.125000E-8	0.003634
1.130000E-8	0.003019
1.135000E-8	0.002731
1.140000E-8	0.002653
1.145000E-8	0.003078
1.150000E-8	0.003653
1.155000E-8	0.004494
1.160000E-8	0.005466
1.165000E-8	0.006547
1.170000E-8	0.007563
1.175000E-8	0.008694
1.180000E-8	0.009744
1.185000E-8	0.010497
1.190000E-8	0.011059
1.195000E-8	0.011309
1.200000E-8	0.011262
1.205000E-8	0.010919
1.210000E-8	0.010256
1.215000E-8	0.009297
1.220000E-8	0.008219
1.225000E-8	0.007159
1.230000E-8	0.005956
1.235000E-8	0.004675
1.240000E-8	0.003566
1.245000E-8	0.002678
1.250000E-8	0.001975
1.255000E-8	0.001616
1.260000E-8	0.001391
1.265000E-8	0.001647
1.270000E-8	0.001934
1.275000E-8	0.002613
1.280000E-8	0.003447
1.285000E-8	0.004556
1.290000E-8	0.005588
1.295000E-8	0.006628
1.300000E-8	0.007522
1.305000E-8	0.008369
1.310000E-8	0.009103
1.315000E-8	0.009562
1.320000E-8	0.009856
1.325000E-8	0.009831
1.330000E-8	0.009588
1.335000E-8	0.009022
1.340000E-8	0.008394
1.345000E-8	0.007497
1.350000E-8	0.006647
1.355000E-8	0.005513
1.360000E-8	0.004438
1.365000E-8	0.003397
1.370000E-8	0.002422
1.375000E-8	0.001738
1.380000E-8	0.001103
1.385000E-8	0.000825
1.390000E-8	0.000853
1.395000E-8	0.001256
1.400000E-8	0.001766
1.405000E-8	0.002578
1.410000E-8	0.003522
1.415000E-8	0.004594
1.420000E-8	0.005659
1.425000E-8	0.006728
1.430000E-8	0.007619
1.435000E-8	0.008372
1.440000E-8	0.008800
1.445000E-8	0.009125
1.450000E-8	0.009150
1.455000E-8	0.008834
1.460000E-8	0.008263
1.465000E-8	0.007553
1.470000E-8	0.006544
1.475000E-8	0.005366
1.480000E-8	0.004216
1.485000E-8	0.003091
1.490000E-8	0.001997
1.495000E-8	0.001231
1.500000E-8	0.000544
1.505000E-8	0.000119
1.510000E-8	1.250000E-5
1.515000E-8	0.000234
1.520000E-8	0.000569
1.525000E-8	0.001078
1.530000E-8	0.001819
1.535000E-8	0.002709
1.540000E-8	0.003656
1.545000E-8	0.004687
1.550000E-8	0.005581
1.555000E-8	0.006541
1.560000E-8	0.007288
1.565000E-8	0.007822
1.570000E-8	0.008175
1.575000E-8	0.008344
1.580000E-8	0.008047
1.585000E-8	0.007700
1.590000E-8	0.006903
1.595000E-8	0.006084
1.600000E-8	0.004962
1.605000E-8	0.003838
1.610000E-8	0.002866
1.615000E-8	0.001875
1.620000E-8	0.000947
1.625000E-8	0.000347
1.630000E-8	-9.062500E-5
1.635000E-8	-0.000284
1.640000E-8	-0.000169
1.645000E-8	0.000156
1.650000E-8	0.000756
1.655000E-8	0.001484
1.660000E-8	0.002328
1.665000E-8	0.003253
1.670000E-8	0.004194
1.675000E-8	0.005219
1.680000E-8	0.005994
1.685000E-8	0.006756
1.690000E-8	0.007316
1.695000E-8	0.007553
1.700000E-8	0.007619
1.705000E-8	0.007541
1.710000E-8	0.007009
1.715000E-8	0.006453
1.720000E-8	0.005700
1.725000E-8	0.004744
1.730000E-8	0.003675
1.735000E-8	0.002788
1.740000E-8	0.001728
1.745000E-8	0.000953
1.750000E-8	0.000313
1.755000E-8	-0.000125
1.760000E-8	-0.000341
1.765000E-8	-0.000306
1.770000E-8	-6.875000E-5
1.775000E-8	0.000534
1.780000E-8	0.001238
1.785000E-8	0.002075
1.790000E-8	0.002981
1.795000E-8	0.003869
1.800000E-8	0.004619
1.805000E-8	0.005488
1.810000E-8	0.006019
1.815000E-8	0.006350
1.820000E-8	0.006653
1.825000E-8	0.006709
1.830000E-8	0.006606
1.835000E-8	0.006138
1.840000E-8	0.005534
1.845000E-8	0.004753
1.850000E-8	0.003962
1.855000E-8	0.003091
1.860000E-8	0.002263
1.865000E-8	0.001466
1.870000E-8	0.000734
1.875000E-8	0.000250
1.880000E-8	-0.000131
1.885000E-8	-0.000228
1.890000E-8	-0.000131
1.895000E-8	0.000125
1.900000E-8	0.000556
1.905000E-8	0.001256
1.910000E-8	0.002003
1.915000E-8	0.002778
1.920000E-8	0.003659
1.925000E-8	0.004556
1.930000E-8	0.005294
1.935000E-8	0.005925
1.940000E-8	0.006497
1.945000E-8	0.006797
1.950000E-8	0.006916
1.955000E-8	0.006844
1.960000E-8	0.006494
1.965000E-8	0.005906
1.970000E-8	0.005306
1.975000E-8	0.004650
1.980000E-8	0.003603
1.985000E-8	0.002700
1.990000E-8	0.001838
1.995000E-8	0.001125
2.000000E-8	0.000434
2.005000E-8	-3.125000E-6
2.010000E-8	-0.000400
2.015000E-8	-0.000438
2.020000E-8	-0.000241
2.025000E-8	0.000134
2.030000E-8	0.000678
2.035000E-8	0.001391
2.040000E-8	0.002347
2.045000E-8	0.003334
2.050000E-8	0.004081
2.055000E-8	0.004913
2.060000E-8	0.005606
2.065000E-8	0.006103
2.070000E-8	0.006387
2.075000E-8	0.006497
2.080000E-8	0.006356
2.085000E-8	0.005994
2.090000E-8	0.005438
2.095000E-8	0.004781
2.100000E-8	0.003931
2.105000E-8	0.003131
2.110000E-8	0.002247
2.115000E-8	0.001466
2.120000E-8	0.000791
2.125000E-8	0.000156
2.130000E-8	-0.000309
2.135000E-8	-0.000466
2.140000E-8	-0.000547
2.145000E-8	-0.000347
2.150000E-8	-3.125000E-6
2.155000E-8	0.000694
2.160000E-8	0.001459
2.165000E-8	0.002209
2.170000E-8	0.002975
2.175000E-8	0.003769
2.180000E-8	0.004506
2.185000E-8	0.005203
2.190000E-8	0.005650
2.195000E-8	0.006081
2.200000E-8	0.006112
2.205000E-8	0.006153
2.210000E-8	0.005919
2.215000E-8	0.005544
2.220000E-8	0.004913
2.225000E-8	0.004131
2.230000E-8	0.003263
2.235000E-8	0.002538
2.240000E-8	0.001513
2.245000E-8	0.000694
2.250000E-8	1.562500E-5
2.255000E-8	-0.000412
2.260000E-8	-0.000609
2.265000E-8	-0.000647
2.270000E-8	-0.000494
2.275000E-8	4.687500E-5
2.280000E-8	0.000497
2.285000E-8	0.001213
2.290000E-8	0.002019
2.295000E-8	0.002841
2.300000E-8	0.003656
2.305000E-8	0.004456
2.310000E-8	0.005050
2.315000E-8	0.005450
2.320000E-8	0.005753
2.325000E-8	0.005847
2.330000E-8	0.005738
2.335000E-8	0.005588
2.340000E-8	0.005216
2.345000E-8	0.004706
2.350000E-8	0.004006
2.355000E-8	0.003328
2.360000E-8	0.002600
2.365000E-8	0.001925
2.370000E-8	0.001256
2.375000E-8	0.000644
2.380000E-8	0.000209
2.385000E-8	-0.000222
2.390000E-8	-0.000428
2.395000E-8	-0.000269
2.400000E-8	7.187500E-5
2.405000E-8	0.000403
2.410000E-8	0.000947
2.415000E-8	0.001841
2.420000E-8	0.002638
2.425000E-8	0.003509
2.430000E-8	0.004259
2.435000E-8	0.005028
2.440000E-8	0.005456
2.445000E-8	0.005684
2.450000E-8	0.005834
2.455000E-8	0.005703
2.460000E-8	0.005422
2.465000E-8	0.005009
2.470000E-8	0.004566
2.475000E-8	0.003978
2.480000E-8	0.003297
2.485000E-8	0.002503
2.490000E-8	0.001984
2.495000E-8	0.001384
2.500000E-8	0.000894
2.505000E-8	0.000584
2.510000E-8	0.000353
2.515000E-8	0.000347
2.520000E-8	0.000456
2.525000E-8	0.000691
2.530000E-8	0.001072
2.535000E-8	0.001638
2.540000E-8	0.002334
2.545000E-8	0.002978
2.550000E-8	0.003731
2.555000E-8	0.004297
2.560000E-8	0.004722
2.565000E-8	0.005303
2.570000E-8	0.005459
2.575000E-8	0.005553
2.580000E-8	0.005506
2.585000E-8	0.005391
2.590000E-8	0.004988
2.595000E-8	0.004469
2.600000E-8	0.003878
2.605000E-8	0.003259
2.610000E-8	0.002600
2.615000E-8	0.001969
2.620000E-8	0.001234
2.625000E-8	0.000788
2.630000E-8	0.000359
2.635000E-8	7.500000E-5
2.640000E-8	-0.000113
2.645000E-8	-9.687500E-5
2.650000E-8	0.000141
2.655000E-8	0.000672
2.660000E-8	0.001197
2.665000E-8	0.001878
2.670000E-8	0.002609
2.675000E-8	0.003356
2.680000E-8	0.003962
2.685000E-8	0.004403
2.690000E-8	0.004884
2.695000E-8	0.005316
2.700000E-8	0.005387
2.705000E-8	0.005319
2.710000E-8	0.005013
2.715000E-8	0.004591
2.720000E-8	0.004169
2.725000E-8	0.003553
2.730000E-8	0.002813
2.735000E-8	0.002228
2.740000E-8	0.001641
2.745000E-8	0.001075
2.750000E-8	0.000628
2.755000E-8	0.000391
2.760000E-8	0.000319
2.765000E-8	0.000159
2.770000E-8	0.000309
2.775000E-8	0.000606
2.780000E-8	0.001006
2.785000E-8	0.001503
2.790000E-8	0.002025
2.795000E-8	0.002566
2.800000E-8	0.003228
2.805000E-8	0.003897
2.810000E-8	0.004347
2.815000E-8	0.004791
2.820000E-8	0.005088
2.825000E-8	0.005303
2.830000E-8	0.005347
2.835000E-8	0.005184
2.840000E-8	0.004928
2.845000E-8	0.004547
2.850000E-8	0.004047
2.855000E-8	0.003500
2.860000E-8	0.002691
2.865000E-8	0.002087
2.870000E-8	0.001444
2.875000E-8	0.000947
2.880000E-8	0.000541
2.885000E-8	0.000234
2.890000E-8	0.000125
2.895000E-8	0.000128
2.900000E-8	0.000425
2.905000E-8	0.000731
2.910000E-8	0.001281
2.915000E-8	0.001841
2.920000E-8	0.002431
2.925000E-8	0.003119
2.930000E-8	0.003609
2.935000E-8	0.004188
2.940000E-8	0.004616
2.945000E-8	0.005053
2.950000E-8	0.005209
2.955000E-8	0.005291
2.960000E-8	0.005294
2.965000E-8	0.004863
2.970000E-8	0.004478
2.975000E-8	0.003991
2.980000E-8	0.003325
2.985000E-8	0.002572
2.990000E-8	0.001931
2.995000E-8	0.001416
3.000000E-8	0.000944
3.005000E-8	0.000469
3.010000E-8	0.000184
3.015000E-8	0.000175
3.020000E-8	0.000128
3.025000E-8	0.000422
3.030000E-8	0.000822
3.035000E-8	0.001381
3.040000E-8	0.001903
3.045000E-8	0.002587
3.050000E-8	0.003172
3.055000E-8	0.003725
3.060000E-8	0.004244
3.065000E-8	0.004684
3.070000E-8	0.004894
3.075000E-8	0.005041
3.080000E-8	0.005088
3.085000E-8	0.004947
3.090000E-8	0.004644
3.095000E-8	0.004322
3.100000E-8	0.003831
3.105000E-8	0.003238
3.110000E-8	0.002628
3.115000E-8	0.002022
3.120000E-8	0.001563
3.125000E-8	0.001084
3.130000E-8	0.000731
3.135000E-8	0.000534
3.140000E-8	0.000369
3.145000E-8	0.000353
3.150000E-8	0.000463
3.155000E-8	0.000794
3.160000E-8	0.001294
3.165000E-8	0.001772
3.170000E-8	0.002359
3.175000E-8	0.002934
3.180000E-8	0.003478
3.185000E-8	0.003988
3.190000E-8	0.004463
3.195000E-8	0.004863
3.200000E-8	0.004981
3.205000E-8	0.005138
3.210000E-8	0.005075
3.215000E-8	0.004822
3.220000E-8	0.004528
3.225000E-8	0.004034
3.230000E-8	0.003438
3.235000E-8	0.002916
3.240000E-8	0.002419
3.245000E-8	0.001847
3.250000E-8	0.001281
3.255000E-8	0.000831
3.260000E-8	0.000603
3.265000E-8	0.000556
3.270000E-8	0.000403
3.275000E-8	0.000531
3.280000E-8	0.000788
3.285000E-8	0.001278
3.290000E-8	0.001566
3.295000E-8	0.002116
3.300000E-8	0.002700
3.305000E-8	0.003291
3.310000E-8	0.003753
3.315000E-8	0.004003
3.320000E-8	0.004359
3.325000E-8	0.004513
3.330000E-8	0.004647
3.335000E-8	0.004625
3.340000E-8	0.004363
3.345000E-8	0.004163
3.350000E-8	0.003813
3.355000E-8	0.003359
3.360000E-8	0.002928
3.365000E-8	0.002484
3.370000E-8	0.002097
3.375000E-8	0.001741
3.380000E-8	0.001231
3.385000E-8	0.000975
3.390000E-8	0.000825
3.395000E-8	0.000741
3.400000E-8	0.000713
3.405000E-8	0.000931
3.410000E-8	0.001297
3.415000E-8	0.001663
3.420000E-8	0.002078
3.425000E-8	0.002622
3.430000E-8	0.003066
3.435000E-8	0.003713
3.440000E-8	0.004103
3.445000E-8	0.004506
3.450000E-8	0.004744
3.455000E-8	0.004878
3.460000E-8	0.004719
3.465000E-8	0.004647
3.470000E-8	0.004281
3.475000E-8	0.003894
3.480000E-8	0.003313
3.485000E-8	0.002809
3.490000E-8	0.002234
3.495000E-8	0.001794
3.500000E-8	0.001278
3.505000E-8	0.001063
3.510000E-8	0.000838
3.515000E-8	0.000759
3.520000E-8	0.000716
3.525000E-8	0.000966
3.530000E-8	0.001166
3.535000E-8	0.001559
3.540000E-8	0.001934
3.545000E-8	0.002350
3.550000E-8	0.002872
3.555000E-8	0.003316
3.560000E-8	0.003788
3.565000E-8	0.004256
3.570000E-8	0.004516
3.575000E-8	0.004866
3.580000E-8	0.004941
3.585000E-8	0.004997
3.590000E-8	0.004778
3.595000E-8	0.004513
3.600000E-8	0.004056
3.605000E-8	0.003650
3.610000E-8	0.003025
3.615000E-8	0.002591
3.620000E-8	0.001909
3.625000E-8	0.001669
3.630000E-8	0.001303
3.635000E-8	0.001009
3.640000E-8	0.000853
3.645000E-8	0.000816
3.650000E-8	0.000891
3.655000E-8	0.000994
3.660000E-8	0.001278
3.665000E-8	0.001700
3.670000E-8	0.002134
3.675000E-8	0.002628
3.680000E-8	0.003097
3.685000E-8	0.003575
3.690000E-8	0.004013
3.695000E-8	0.004422
3.700000E-8	0.004572
3.705000E-8	0.004728
3.710000E-8	0.004788
3.715000E-8	0.004647
3.720000E-8	0.004313
3.725000E-8	0.003972
3.730000E-8	0.003409
3.735000E-8	0.002947
3.740000E-8	0.002403
3.745000E-8	0.001994
3.750000E-8	0.001500
3.755000E-8	0.001159
3.760000E-8	0.000872
3.765000E-8	0.000703
3.770000E-8	0.000672
3.775000E-8	0.000709
3.780000E-8	0.000925
3.785000E-8	0.001394
3.790000E-8	0.001738
3.795000E-8	0.002331
3.800000E-8	0.002669
3.805000E-8	0.003122
3.810000E-8	0.003556
3.815000E-8	0.004078
3.820000E-8	0.004488
3.825000E-8	0.004753
3.830000E-8	0.004806
3.835000E-8	0.004806
3.840000E-8	0.004687
3.845000E-8	0.004463
3.850000E-8	0.004122
3.855000E-8	0.003731
3.860000E-8	0.003162
3.865000E-8	0.002619
3.870000E-8	0.002053
3.875000E-8	0.001687
3.880000E-8	0.001222
3.885000E-8	0.000919
3.890000E-8	0.000722
3.895000E-8	0.000694
3.900000E-8	0.000769
3.905000E-8	0.000888
3.910000E-8	0.001153
3.915000E-8	0.001578
3.920000E-8	0.001944
3.925000E-8	0.002363
3.930000E-8	0.002816
3.935000E-8	0.003172
3.940000E-8	0.003463
3.945000E-8	0.003684
3.950000E-8	0.003856
3.955000E-8	0.003978
3.960000E-8	0.003897
3.965000E-8	0.003838
3.970000E-8	0.003669
3.975000E-8	0.003397
3.980000E-8	0.003053
3.985000E-8	0.002853
3.990000E-8	0.002344
3.995000E-8	0.002003
4.000000E-8	0.001659
4.005000E-8	0.001313
4.010000E-8	0.001147
4.015000E-8	0.001022
4.020000E-8	0.000806
4.025000E-8	0.000881
4.030000E-8	0.001012
4.035000E-8	0.001263
4.040000E-8	0.001600
4.045000E-8	0.001959
4.050000E-8	0.002372
4.055000E-8	0.002744
4.060000E-8	0.003094
4.065000E-8	0.003484
4.070000E-8	0.003866
4.075000E-8	0.004128
4.080000E-8	0.004128
4.085000E-8	0.004341
4.090000E-8	0.004191
4.095000E-8	0.004038
4.100000E-8	0.003731
4.105000E-8	0.003444
4.110000E-8	0.003022
4.115000E-8	0.002684
4.120000E-8	0.002172
4.125000E-8	0.001894
4.130000E-8	0.001616
4.135000E-8	0.001434
4.140000E-8	0.001231
4.145000E-8	0.001213
4.150000E-8	0.001356
4.155000E-8	0.001591
4.160000E-8	0.001672
4.165000E-8	0.002025
4.170000E-8	0.002297
4.175000E-8	0.002653
4.180000E-8	0.002925
4.185000E-8	0.003313
4.190000E-8	0.003628
4.195000E-8	0.003909
4.200000E-8	0.004047
4.205000E-8	0.004203
4.210000E-8	0.004294
4.215000E-8	0.004356
4.220000E-8	0.004134
4.225000E-8	0.003994
4.230000E-8	0.003653
4.235000E-8	0.003347
4.240000E-8	0.002922
4.245000E-8	0.002478
4.250000E-8	0.002034
4.255000E-8	0.001734
4.260000E-8	0.001297
4.265000E-8	0.001100
4.270000E-8	0.000819
4.275000E-8	0.000897
4.280000E-8	0.000963
4.285000E-8	0.001128
4.290000E-8	0.001325
4.295000E-8	0.001687
4.300000E-8	0.002175
4.305000E-8	0.002613
4.310000E-8	0.002991
4.315000E-8	0.003469
4.320000E-8	0.003816
4.325000E-8	0.003922
4.330000E-8	0.004116
4.335000E-8	0.004225
4.340000E-8	0.004166
4.345000E-8	0.004200
4.350000E-8	0.003922
4.355000E-8	0.003725
4.360000E-8	0.003338
4.365000E-8	0.002909
4.370000E-8	0.002566
4.375000E-8	0.002041
4.380000E-8	0.001759
4.385000E-8	0.001403
4.390000E-8	0.001316
4.395000E-8	0.001241
4.400000E-8	0.001172
4.405000E-8	0.001300
4.410000E-8	0.001488
4.415000E-8	0.001744
4.420000E-8	0.002047
4.425000E-8	0.002528
4.430000E-8	0.002963
4.435000E-8	0.003263
4.440000E-8	0.003578
4.445000E-8	0.003922
4.450000E-8	0.004091
4.455000E-8	0.004097
4.460000E-8	0.004178
4.465000E-8	0.004109
4.470000E-8	0.003913
4.475000E-8	0.003781
4.480000E-8	0.003472
4.485000E-8	0.003113
4.490000E-8	0.002784
4.495000E-8	0.002406
4.500000E-8	0.002072
4.505000E-8	0.001769
4.510000E-8	0.001584
4.515000E-8	0.001350
4.520000E-8	0.001297
4.525000E-8	0.001206
4.530000E-8	0.001256
4.535000E-8	0.001450
4.540000E-8	0.001550
4.545000E-8	0.001888
4.550000E-8	0.002222
4.555000E-8	0.002613
4.560000E-8	0.002856
4.565000E-8	0.003231
4.570000E-8	0.003556
4.575000E-8	0.003938
4.580000E-8	0.004100
4.585000E-8	0.004247
4.590000E-8	0.004100
4.595000E-8	0.004053
4.600000E-8	0.003772
4.605000E-8	0.003538
4.610000E-8	0.003063
4.615000E-8	0.002725
4.620000E-8	0.002331
4.625000E-8	0.002069
4.630000E-8	0.001553
4.635000E-8	0.001300
4.640000E-8	0.001200
4.645000E-8	0.001163
4.650000E-8	0.001147
4.655000E-8	0.001278
4.660000E-8	0.001534
4.665000E-8	0.001800
4.670000E-8	0.002078
4.675000E-8	0.002416
4.680000E-8	0.002741
4.685000E-8	0.003025
4.690000E-8	0.003216
4.695000E-8	0.003553
4.700000E-8	0.003875
4.705000E-8	0.004128
4.710000E-8	0.004219
4.715000E-8	0.004291
4.720000E-8	0.004141
4.725000E-8	0.004059
4.730000E-8	0.003847
4.735000E-8	0.003625
4.740000E-8	0.003169
4.745000E-8	0.002753
4.750000E-8	0.002316
4.755000E-8	0.001950
4.760000E-8	0.001638
4.765000E-8	0.001428
4.770000E-8	0.001375
4.775000E-8	0.001325
4.780000E-8	0.001419
4.785000E-8	0.001500
4.790000E-8	0.001666
4.795000E-8	0.002116
4.800000E-8	0.002359
4.805000E-8	0.002669
4.810000E-8	0.002994
4.815000E-8	0.003328
4.820000E-8	0.003444
4.825000E-8	0.003706
4.830000E-8	0.003897
4.835000E-8	0.003997
4.840000E-8	0.004069
4.845000E-8	0.003903
4.850000E-8	0.003663
4.855000E-8	0.003494
4.860000E-8	0.003109
4.865000E-8	0.002788
4.870000E-8	0.002416
4.875000E-8	0.002128
4.880000E-8	0.001847
4.885000E-8	0.001641
4.890000E-8	0.001391
4.895000E-8	0.001294
4.900000E-8	0.001222
4.905000E-8	0.001288
4.910000E-8	0.001356
4.915000E-8	0.001494
4.920000E-8	0.001781
4.925000E-8	0.001994
4.930000E-8	0.002206
4.935000E-8	0.002591
4.940000E-8	0.002984
4.945000E-8	0.003291
4.950000E-8	0.003572
4.955000E-8	0.003741
4.960000E-8	0.003884
4.965000E-8	0.003866
4.970000E-8	0.003828
4.975000E-8	0.003663
4.980000E-8	0.003500
4.985000E-8	0.003213
4.990000E-8	0.002959
4.995000E-8	0.002706
5.000000E-8	0.002378
5.005000E-8	0.002141
5.010000E-8	0.001828
5.015000E-8	0.001619
5.020000E-8	0.001581
5.025000E-8	0.001506
5.030000E-8	0.001472
5.035000E-8	0.001481
5.040000E-8	0.001622
5.045000E-8	0.001722
5.050000E-8	0.001956
5.055000E-8	0.002194
5.060000E-8	0.002384
5.065000E-8	0.002725
5.070000E-8	0.002959
5.075000E-8	0.003253
5.080000E-8	0.003444
5.085000E-8	0.003638
5.090000E-8	0.003722
5.095000E-8	0.003863
5.100000E-8	0.003694
5.105000E-8	0.003550
5.110000E-8	0.003309
5.115000E-8	0.003156
5.120000E-8	0.002700
5.125000E-8	0.002500
5.130000E-8	0.002178
5.135000E-8	0.001941
5.140000E-8	0.001578
5.145000E-8	0.001513
5.150000E-8	0.001397
5.155000E-8	0.001316
5.160000E-8	0.001441
5.165000E-8	0.001597
5.170000E-8	0.001947
5.175000E-8	0.002184
5.180000E-8	0.002334
5.185000E-8	0.002700
5.190000E-8	0.002972
5.195000E-8	0.003231
5.200000E-8	0.003381
5.205000E-8	0.003681
5.210000E-8	0.003809
5.215000E-8	0.003881
5.220000E-8	0.003844
5.225000E-8	0.003797
5.230000E-8	0.003491
5.235000E-8	0.003253
5.240000E-8	0.002903
5.245000E-8	0.002688
5.250000E-8	0.002478
5.255000E-8	0.002272
5.260000E-8	0.001997
5.265000E-8	0.001709
5.270000E-8	0.001559
5.275000E-8	0.001509
5.280000E-8	0.001628
5.285000E-8	0.001697
5.290000E-8	0.001794
5.295000E-8	0.002047
5.300000E-8	0.002237
5.305000E-8	0.002522
5.310000E-8	0.002909
5.315000E-8	0.003225
5.320000E-8	0.003475
5.325000E-8	0.003603
5.330000E-8	0.003756
5.335000E-8	0.003825
5.340000E-8	0.003750
5.345000E-8	0.003666
5.350000E-8	0.003522
5.355000E-8	0.003372
5.360000E-8	0.003253
5.365000E-8	0.002819
5.370000E-8	0.002575
5.375000E-8	0.002363
5.380000E-8	0.002275
5.385000E-8	0.002072
5.390000E-8	0.001850
5.395000E-8	0.001638
5.400000E-8	0.001553
5.405000E-8	0.001622
5.410000E-8	0.001634
5.415000E-8	0.001931
5.420000E-8	0.001972
5.425000E-8	0.002219
5.430000E-8	0.002441
5.435000E-8	0.002659
5.440000E-8	0.002944
5.445000E-8	0.003219
5.450000E-8	0.003313
5.455000E-8	0.003459
5.460000E-8	0.003584
5.465000E-8	0.003756
5.470000E-8	0.003800
5.475000E-8	0.003709
5.480000E-8	0.003587
5.485000E-8	0.003403
5.490000E-8	0.003175
5.495000E-8	0.002978
5.500000E-8	0.002647
5.505000E-8	0.002400
5.510000E-8	0.002172
5.515000E-8	0.001909
5.520000E-8	0.001675
5.525000E-8	0.001709
5.530000E-8	0.001781
5.535000E-8	0.001956
5.540000E-8	0.002075
5.545000E-8	0.002369
5.550000E-8	0.002613
5.555000E-8	0.002850
5.560000E-8	0.003122
5.565000E-8	0.003406
5.570000E-8	0.003556
5.575000E-8	0.003688
5.580000E-8	0.003641
5.585000E-8	0.003700
5.590000E-8	0.003625
5.595000E-8	0.003472
5.600000E-8	0.003428
5.605000E-8	0.003250
5.610000E-8	0.002947
5.615000E-8	0.002866
5.620000E-8	0.002600
5.625000E-8	0.002263
5.630000E-8	0.001972
5.635000E-8	0.001850
5.640000E-8	0.001584
5.645000E-8	0.001484
5.650000E-8	0.001378
5.655000E-8	0.001397
5.660000E-8	0.001372
5.665000E-8	0.001534
5.670000E-8	0.001619
5.675000E-8	0.001863
5.680000E-8	0.002109
5.685000E-8	0.002488
5.690000E-8	0.002737
5.695000E-8	0.002934
5.700000E-8	0.003181
5.705000E-8	0.003469
5.710000E-8	0.003500
5.715000E-8	0.003694
5.720000E-8	0.003678
5.725000E-8	0.003584
5.730000E-8	0.003534
5.735000E-8	0.003319
5.740000E-8	0.002956
5.745000E-8	0.002734
5.750000E-8	0.002506
5.755000E-8	0.002294
5.760000E-8	0.001897
5.765000E-8	0.001722
5.770000E-8	0.001694
5.775000E-8	0.001691
5.780000E-8	0.001653
5.785000E-8	0.001813
5.790000E-8	0.002059
5.795000E-8	0.002309
5.800000E-8	0.002669
5.805000E-8	0.002975
5.810000E-8	0.003203
5.815000E-8	0.003409
5.820000E-8	0.003578
5.825000E-8	0.003781
5.830000E-8	0.003841
5.835000E-8	0.003838
5.840000E-8	0.003703
5.845000E-8	0.003638
5.850000E-8	0.003291
5.855000E-8	0.003263
5.860000E-8	0.002963
5.865000E-8	0.002797
5.870000E-8	0.002478
5.875000E-8	0.002291
5.880000E-8	0.002188
5.885000E-8	0.002016
5.890000E-8	0.001903
5.895000E-8	0.001781
5.900000E-8	0.001734
5.905000E-8	0.001753
5.910000E-8	0.001769
5.915000E-8	0.001863
5.920000E-8	0.001944
5.925000E-8	0.002159
5.930000E-8	0.002347
5.935000E-8	0.002522
5.940000E-8	0.002716
5.945000E-8	0.002881
5.950000E-8	0.003119
5.955000E-8	0.003372
5.960000E-8	0.003416
5.965000E-8	0.003516
5.970000E-8	0.003444
5.975000E-8	0.003506
5.980000E-8	0.003194
5.985000E-8	0.003119
5.990000E-8	0.002975
5.995000E-8	0.002756
6.000000E-8	0.002534
6.005000E-8	0.002369
6.010000E-8	0.002184
6.015000E-8	0.002006
6.020000E-8	0.001906
6.025000E-8	0.001759
6.030000E-8	0.001775
6.035000E-8	0.001869
6.040000E-8	0.001953
6.045000E-8	0.002172
6.050000E-8	0.002409
6.055000E-8	0.002788
6.060000E-8	0.002947
6.065000E-8	0.003213
6.070000E-8	0.003406
6.075000E-8	0.003606
6.080000E-8	0.003684
6.085000E-8	0.003694
6.090000E-8	0.003644
6.095000E-8	0.003559
6.100000E-8	0.003359
6.105000E-8	0.003234
6.110000E-8	0.003056
6.115000E-8	0.002934
6.120000E-8	0.002784
6.125000E-8	0.002525
6.130000E-8	0.002216
6.135000E-8	0.002012
6.140000E-8	0.001791
6.145000E-8	0.001641
6.150000E-8	0.001575
6.155000E-8	0.001581
6.160000E-8	0.001534
6.165000E-8	0.001628
6.170000E-8	0.001769
6.175000E-8	0.001934
6.180000E-8	0.002191
6.185000E-8	0.002397
6.190000E-8	0.002659
6.195000E-8	0.002934
6.200000E-8	0.003084
6.205000E-8	0.003294
6.210000E-8	0.003322
6.215000E-8	0.003338
6.220000E-8	0.003313
6.225000E-8	0.003206
6.230000E-8	0.003228
6.235000E-8	0.002975
6.240000E-8	0.002822
6.245000E-8	0.002653
6.250000E-8	0.002375
6.255000E-8	0.002200
6.260000E-8	0.001941
6.265000E-8	0.001838
6.270000E-8	0.001672
6.275000E-8	0.001619
6.280000E-8	0.001597
6.285000E-8	0.001684
6.290000E-8	0.001838
6.295000E-8	0.001947
6.300000E-8	0.002081
6.305000E-8	0.002356
6.310000E-8	0.002469
6.315000E-8	0.002719
6.320000E-8	0.002797
6.325000E-8	0.003103
6.330000E-8	0.003319
6.335000E-8	0.003525
6.340000E-8	0.003575
6.345000E-8	0.003675
6.350000E-8	0.003616
6.355000E-8	0.003613
6.360000E-8	0.003375
6.365000E-8	0.003097
6.370000E-8	0.002794
6.375000E-8	0.002531
6.380000E-8	0.002328
6.385000E-8	0.002131
6.390000E-8	0.001778
6.395000E-8	0.001763
6.400000E-8	0.001531
6.405000E-8	0.001569
6.410000E-8	0.001619
6.415000E-8	0.001781
6.420000E-8	0.001888
6.425000E-8	0.002209
6.430000E-8	0.002359
6.435000E-8	0.002628
6.440000E-8	0.002906
6.445000E-8	0.003119
6.450000E-8	0.003288
6.455000E-8	0.003425
6.460000E-8	0.003313
6.465000E-8	0.003547
6.470000E-8	0.003547
6.475000E-8	0.003428
6.480000E-8	0.003419
6.485000E-8	0.003259
6.490000E-8	0.003134
6.495000E-8	0.002947
6.500000E-8	0.002659
6.505000E-8	0.002494
6.510000E-8	0.002350
6.515000E-8	0.002072
6.520000E-8	0.001781
6.525000E-8	0.001778
6.530000E-8	0.001728
6.535000E-8	0.001719
6.540000E-8	0.001706
6.545000E-8	0.001806
6.550000E-8	0.001972
6.555000E-8	0.002138
6.560000E-8	0.002344
6.565000E-8	0.002638
6.570000E-8	0.002822
6.575000E-8	0.003122
6.580000E-8	0.003200
6.585000E-8	0.003303
6.590000E-8	0.003322
6.595000E-8	0.003306
6.600000E-8	0.003209
6.605000E-8	0.003094
6.610000E-8	0.003009
6.615000E-8	0.002844
6.620000E-8	0.002584
6.625000E-8	0.002550
6.630000E-8	0.002338
6.635000E-8	0.002344
6.640000E-8	0.002172
6.645000E-8	0.002081
6.650000E-8	0.002066
6.655000E-8	0.002034
6.660000E-8	0.002087
6.665000E-8	0.002075
6.670000E-8	0.002156
6.675000E-8	0.002303
6.680000E-8	0.002372
6.685000E-8	0.002538
6.690000E-8	0.002653
6.695000E-8	0.002869
6.700000E-8	0.002916
6.705000E-8	0.003131
6.710000E-8	0.003209
6.715000E-8	0.003288
6.720000E-8	0.003384
6.725000E-8	0.003419
6.730000E-8	0.003344
6.735000E-8	0.003338
6.740000E-8	0.003116
6.745000E-8	0.002913
6.750000E-8	0.002688
6.755000E-8	0.002625
6.760000E-8	0.002353
6.765000E-8	0.002175
6.770000E-8	0.001950
6.775000E-8	0.001897
6.780000E-8	0.001834
6.785000E-8	0.001794
6.790000E-8	0.001800
6.795000E-8	0.001944
6.800000E-8	0.001916
6.805000E-8	0.002066
6.810000E-8	0.002278
6.815000E-8	0.002516
6.820000E-8	0.002591
6.825000E-8	0.002672
6.830000E-8	0.002834
6.835000E-8	0.002950
6.840000E-8	0.003019
6.845000E-8	0.003038
6.850000E-8	0.003094
6.855000E-8	0.003134
6.860000E-8	0.002913
6.865000E-8	0.002819
6.870000E-8	0.002597
6.875000E-8	0.002400
6.880000E-8	0.002244
6.885000E-8	0.002134
6.890000E-8	0.001891
6.895000E-8	0.001781
6.900000E-8	0.001703
6.905000E-8	0.001669
6.910000E-8	0.001538
6.915000E-8	0.001669
6.920000E-8	0.001831
6.925000E-8	0.002047
6.930000E-8	0.002259
6.935000E-8	0.002506
6.940000E-8	0.002728
6.945000E-8	0.002953
6.950000E-8	0.003131
6.955000E-8	0.003209
6.960000E-8	0.003272
6.965000E-8	0.003219
6.970000E-8	0.003238
6.975000E-8	0.003256
6.980000E-8	0.003191
6.985000E-8	0.003059
6.990000E-8	0.002881
6.995000E-8	0.002791
7.000000E-8	0.002591
7.005000E-8	0.002444
7.010000E-8	0.002450
7.015000E-8	0.002428
7.020000E-8	0.002300
7.025000E-8	0.002341
7.030000E-8	0.002206
7.035000E-8	0.002125
7.040000E-8	0.002175
7.045000E-8	0.002178
7.050000E-8	0.002244
7.055000E-8	0.002544
7.060000E-8	0.002628
7.065000E-8	0.002747
7.070000E-8	0.002797
7.075000E-8	0.003075
7.080000E-8	0.003116
7.085000E-8	0.003056
7.090000E-8	0.003266
7.095000E-8	0.003294
7.100000E-8	0.003266
7.105000E-8	0.003172
7.110000E-8	0.003091
7.115000E-8	0.003056
7.120000E-8	0.002884
7.125000E-8	0.002772
7.130000E-8	0.002666
7.135000E-8	0.002688
7.140000E-8	0.002547
7.145000E-8	0.002522
7.150000E-8	0.002472
7.155000E-8	0.002481
7.160000E-8	0.002431
7.165000E-8	0.002475
7.170000E-8	0.002656
7.175000E-8	0.002697
7.180000E-8	0.002709
7.185000E-8	0.003053
7.190000E-8	0.003084
7.195000E-8	0.003172
7.200000E-8	0.003369
7.205000E-8	0.003441
7.210000E-8	0.003497
7.215000E-8	0.003531
7.220000E-8	0.003491
7.225000E-8	0.003488
7.230000E-8	0.003266
7.235000E-8	0.003169
7.240000E-8	0.003019
7.245000E-8	0.002741
7.250000E-8	0.002531
7.255000E-8	0.002437
7.260000E-8	0.002288
7.265000E-8	0.002172
7.270000E-8	0.002072
7.275000E-8	0.002138
7.280000E-8	0.002075
7.285000E-8	0.002225
7.290000E-8	0.002131
7.295000E-8	0.002313
7.300000E-8	0.002297
7.305000E-8	0.002491
7.310000E-8	0.002587
7.315000E-8	0.002747
7.320000E-8	0.002859
7.325000E-8	0.002975
7.330000E-8	0.003072
7.335000E-8	0.003184
7.340000E-8	0.003244
7.345000E-8	0.003325
7.350000E-8	0.003372
7.355000E-8	0.003397
7.360000E-8	0.003256
7.365000E-8	0.003131
7.370000E-8	0.002850
7.375000E-8	0.002725
7.380000E-8	0.002603
7.385000E-8	0.002500
7.390000E-8	0.002356
7.395000E-8	0.002194
7.400000E-8	0.002113
7.405000E-8	0.001975
7.410000E-8	0.001919
7.415000E-8	0.001931
7.420000E-8	0.002087
7.425000E-8	0.002222
7.430000E-8	0.002372
7.435000E-8	0.002522
7.440000E-8	0.002791
7.445000E-8	0.002959
7.450000E-8	0.003031
7.455000E-8	0.003225
7.460000E-8	0.003303
7.465000E-8	0.003294
7.470000E-8	0.003184
7.475000E-8	0.003259
7.480000E-8	0.003197
7.485000E-8	0.003091
7.490000E-8	0.002997
7.495000E-8	0.002972
7.500000E-8	0.002925
7.505000E-8	0.002916
7.510000E-8	0.002753
7.515000E-8	0.002803
7.520000E-8	0.002725
7.525000E-8	0.002553
7.530000E-8	0.002266
7.535000E-8	0.002234
7.540000E-8	0.002041
7.545000E-8	0.001903
7.550000E-8	0.001897
7.555000E-8	0.001988
7.560000E-8	0.002119
7.565000E-8	0.002413
7.570000E-8	0.002591
7.575000E-8	0.002819
7.580000E-8	0.003128
7.585000E-8	0.003319
7.590000E-8	0.003444
7.595000E-8	0.003447
7.600000E-8	0.003372
7.605000E-8	0.003281
7.610000E-8	0.003091
7.615000E-8	0.002928
7.620000E-8	0.002791
7.625000E-8	0.002681
7.630000E-8	0.002522
7.635000E-8	0.002472
7.640000E-8	0.002275
7.645000E-8	0.002256
7.650000E-8	0.002156
7.655000E-8	0.002278
7.660000E-8	0.002331
7.665000E-8	0.002372
7.670000E-8	0.002416
7.675000E-8	0.002638
7.680000E-8	0.002731
7.685000E-8	0.002844
7.690000E-8	0.002859
7.695000E-8	0.003031
7.700000E-8	0.003156
7.705000E-8	0.003266
7.710000E-8	0.003272
7.715000E-8	0.003291
7.720000E-8	0.003356
7.725000E-8	0.003375
7.730000E-8	0.003284
7.735000E-8	0.003213
7.740000E-8	0.002941
7.745000E-8	0.002903
7.750000E-8	0.002834
7.755000E-8	0.002631
7.760000E-8	0.002519
7.765000E-8	0.002459
7.770000E-8	0.002437
7.775000E-8	0.002437
7.780000E-8	0.002303
7.785000E-8	0.002331
7.790000E-8	0.002234
7.795000E-8	0.002288
7.800000E-8	0.002353
7.805000E-8	0.002591
7.810000E-8	0.002672
7.815000E-8	0.002822
7.820000E-8	0.002859
7.825000E-8	0.002991
7.830000E-8	0.003081
7.835000E-8	0.003203
7.840000E-8	0.003128
7.845000E-8	0.003028
7.850000E-8	0.003103
7.855000E-8	0.002975
7.860000E-8	0.002922
7.865000E-8	0.002809
7.870000E-8	0.002819
7.875000E-8	0.002744
7.880000E-8	0.002616
7.885000E-8	0.002659
7.890000E-8	0.002653
7.895000E-8	0.002475
7.900000E-8	0.002363
7.905000E-8	0.002391
7.910000E-8	0.002250
7.915000E-8	0.002175
7.920000E-8	0.002113
7.925000E-8	0.002172
7.930000E-8	0.002231
7.935000E-8	0.002234
7.940000E-8	0.002256
7.945000E-8	0.002450
7.950000E-8	0.002544
7.955000E-8	0.002847
7.960000E-8	0.002950
7.965000E-8	0.003063
7.970000E-8	0.003153
7.975000E-8	0.003334
7.980000E-8	0.003347
7.985000E-8	0.003350
7.990000E-8	0.003203
7.995000E-8	0.003053
8.000000E-8	0.003044
8.005000E-8	0.002766
8.010000E-8	0.002594
8.015000E-8	0.002481
8.020000E-8	0.002328
8.025000E-8	0.002197
8.030000E-8	0.002147
8.035000E-8	0.002284
8.040000E-8	0.002272
8.045000E-8	0.002409
8.050000E-8	0.002406
8.055000E-8	0.002531
8.060000E-8	0.002566
8.065000E-8	0.002706
8.070000E-8	0.002794
8.075000E-8	0.003031
8.080000E-8	0.003059
8.085000E-8	0.003184
8.090000E-8	0.003113
8.095000E-8	0.003144
8.100000E-8	0.003144
8.105000E-8	0.003128
8.110000E-8	0.003025
8.115000E-8	0.003000
8.120000E-8	0.002747
8.125000E-8	0.002625
8.130000E-8	0.002566
8.135000E-8	0.002541
8.140000E-8	0.002278
8.145000E-8	0.002234
8.150000E-8	0.002116
8.155000E-8	0.002131
8.160000E-8	0.002156
8.165000E-8	0.002191
8.170000E-8	0.002263
8.175000E-8	0.002425
8.180000E-8	0.002522
8.185000E-8	0.002725
8.190000E-8	0.002809
8.195000E-8	0.002881
8.200000E-8	0.003022
8.205000E-8	0.003159
8.210000E-8	0.003147
8.215000E-8	0.003153
8.220000E-8	0.002984
8.225000E-8	0.003084
8.230000E-8	0.003084
8.235000E-8	0.003044
8.240000E-8	0.002953
8.245000E-8	0.002891
8.250000E-8	0.002828
8.255000E-8	0.002838
8.260000E-8	0.002725
8.265000E-8	0.002675
8.270000E-8	0.002488
8.275000E-8	0.002322
8.280000E-8	0.002197
8.285000E-8	0.002031
8.290000E-8	0.002028
8.295000E-8	0.002009
8.300000E-8	0.002044
8.305000E-8	0.002125
8.310000E-8	0.002241
8.315000E-8	0.002384
8.320000E-8	0.002591
8.325000E-8	0.002831
8.330000E-8	0.003028
8.335000E-8	0.003213
8.340000E-8	0.003272
8.345000E-8	0.003413
8.350000E-8	0.003356
8.355000E-8	0.003278
8.360000E-8	0.003178
8.365000E-8	0.003028
8.370000E-8	0.002928
8.375000E-8	0.002794
8.380000E-8	0.002594
8.385000E-8	0.002547
8.390000E-8	0.002375
8.395000E-8	0.002300
8.400000E-8	0.002400
8.405000E-8	0.002284
8.410000E-8	0.002225
8.415000E-8	0.002247
8.420000E-8	0.002341
8.425000E-8	0.002488
8.430000E-8	0.002488
8.435000E-8	0.002547
8.440000E-8	0.002659
8.445000E-8	0.002825
8.450000E-8	0.002825
8.455000E-8	0.002847
8.460000E-8	0.002866
8.465000E-8	0.002881
8.470000E-8	0.002859
8.475000E-8	0.002953
8.480000E-8	0.002900
8.485000E-8	0.002794
8.490000E-8	0.002722
8.495000E-8	0.002781
8.500000E-8	0.002734
8.505000E-8	0.002713
8.510000E-8	0.002491
8.515000E-8	0.002456
8.520000E-8	0.002450
8.525000E-8	0.002425
8.530000E-8	0.002378
8.535000E-8	0.002372
8.540000E-8	0.002497
8.545000E-8	0.002503
8.550000E-8	0.002481
8.555000E-8	0.002559
8.560000E-8	0.002594
8.565000E-8	0.002716
8.570000E-8	0.002813
8.575000E-8	0.002925
8.580000E-8	0.002744
8.585000E-8	0.002781
8.590000E-8	0.002859
8.595000E-8	0.002878
8.600000E-8	0.002891
8.605000E-8	0.002866
8.610000E-8	0.002675
8.615000E-8	0.002559
8.620000E-8	0.002453
8.625000E-8	0.002369
8.630000E-8	0.002363
8.635000E-8	0.002341
8.640000E-8	0.002391
8.645000E-8	0.002169
8.650000E-8	0.002206
8.655000E-8	0.002231
8.660000E-8	0.002388
8.665000E-8	0.002372
8.670000E-8	0.002359
8.675000E-8	0.002494
8.680000E-8	0.002478
8.685000E-8	0.002619
8.690000E-8	0.002553
8.695000E-8	0.002741
8.700000E-8	0.002800
8.705000E-8	0.002925
8.710000E-8	0.002878
8.715000E-8	0.002903
8.720000E-8	0.002925
8.725000E-8	0.003003
8.730000E-8	0.002994
8.735000E-8	0.003006
8.740000E-8	0.002950
8.745000E-8	0.003022
8.750000E-8	0.002856
8.755000E-8	0.002863
8.760000E-8	0.002806
8.765000E-8	0.002613
8.770000E-8	0.002641
8.775000E-8	0.002647
8.780000E-8	0.002516
8.785000E-8	0.002503
8.790000E-8	0.002469
8.795000E-8	0.002578
8.800000E-8	0.002447
8.805000E-8	0.002528
8.810000E-8	0.002553
8.815000E-8	0.002703
8.820000E-8	0.002759
8.825000E-8	0.002834
8.830000E-8	0.002969
8.835000E-8	0.003128
8.840000E-8	0.003063
8.845000E-8	0.003194
8.850000E-8	0.003172
8.855000E-8	0.003281
8.860000E-8	0.003222
8.865000E-8	0.003075
8.870000E-8	0.002994
8.875000E-8	0.002731
8.880000E-8	0.002788
8.885000E-8	0.002553
8.890000E-8	0.002419
8.895000E-8	0.002422
8.900000E-8	0.002281
8.905000E-8	0.002275
8.910000E-8	0.002225
8.915000E-8	0.002413
8.920000E-8	0.002450
8.925000E-8	0.002472
8.930000E-8	0.002575
8.935000E-8	0.002572
8.940000E-8	0.002631
8.945000E-8	0.002766
8.950000E-8	0.002719
8.955000E-8	0.002797
8.960000E-8	0.002791
8.965000E-8	0.002800
8.970000E-8	0.002934
8.975000E-8	0.002900
8.980000E-8	0.002816
8.985000E-8	0.002903
8.990000E-8	0.002850
8.995000E-8	0.002919
9.000000E-8	0.002881
9.005000E-8	0.002728
9.010000E-8	0.002656
9.015000E-8	0.002644
9.020000E-8	0.002606
9.025000E-8	0.002563
9.030000E-8	0.002403
9.035000E-8	0.002425
9.040000E-8	0.002522
9.045000E-8	0.002450
9.050000E-8	0.002531
9.055000E-8	0.002597
9.060000E-8	0.002463
9.065000E-8	0.002450
9.070000E-8	0.002569
9.075000E-8	0.002672
9.080000E-8	0.002756
9.085000E-8	0.002834
9.090000E-8	0.002966
9.095000E-8	0.002916
9.100000E-8	0.002981
9.105000E-8	0.003094
9.110000E-8	0.002981
9.115000E-8	0.002997
9.120000E-8	0.003028
9.125000E-8	0.002850
9.130000E-8	0.002794
9.135000E-8	0.002737
9.140000E-8	0.002634
9.145000E-8	0.002600
9.150000E-8	0.002544
9.155000E-8	0.002553
9.160000E-8	0.002466
9.165000E-8	0.002447
9.170000E-8	0.002409
9.175000E-8	0.002506
9.180000E-8	0.002466
9.185000E-8	0.002531
9.190000E-8	0.002569
9.195000E-8	0.002497
9.200000E-8	0.002441
9.205000E-8	0.002538
9.210000E-8	0.002581
9.215000E-8	0.002691
9.220000E-8	0.002753
9.225000E-8	0.002803
9.230000E-8	0.002775
9.235000E-8	0.002819
9.240000E-8	0.002691
9.245000E-8	0.002634
9.250000E-8	0.002553
9.255000E-8	0.002503
9.260000E-8	0.002413
9.265000E-8	0.002278
9.270000E-8	0.002219
9.275000E-8	0.002241
9.280000E-8	0.002256
9.285000E-8	0.002272
9.290000E-8	0.002319
9.295000E-8	0.002363
9.300000E-8	0.002416
9.305000E-8	0.002525
9.310000E-8	0.002531
9.315000E-8	0.002628
9.320000E-8	0.002631
9.325000E-8	0.002728
9.330000E-8	0.002831
9.335000E-8	0.002984
9.340000E-8	0.002903
9.345000E-8	0.002994
9.350000E-8	0.002984
9.355000E-8	0.002950
9.360000E-8	0.002941
9.365000E-8	0.002881
9.370000E-8	0.002753
9.375000E-8	0.002697
9.380000E-8	0.002656
9.385000E-8	0.002597
9.390000E-8	0.002575
9.395000E-8	0.002516
9.400000E-8	0.002366
9.405000E-8	0.002488
9.410000E-8	0.002491
9.415000E-8	0.002494
9.420000E-8	0.002534
9.425000E-8	0.002644
9.430000E-8	0.002631
9.435000E-8	0.002647
9.440000E-8	0.002688
9.445000E-8	0.002781
9.450000E-8	0.002797
9.455000E-8	0.002859
9.460000E-8	0.002700
9.465000E-8	0.002763
9.470000E-8	0.002816
9.475000E-8	0.002772
9.480000E-8	0.002719
9.485000E-8	0.002609
9.490000E-8	0.002556
9.495000E-8	0.002478
9.500000E-8	0.002469
9.505000E-8	0.002544
9.510000E-8	0.002600
9.515000E-8	0.002469
9.520000E-8	0.002466
9.525000E-8	0.002466
9.530000E-8	0.002444
9.535000E-8	0.002522
9.540000E-8	0.002509
9.545000E-8	0.002531
9.550000E-8	0.002519
9.555000E-8	0.002569
9.560000E-8	0.002647
9.565000E-8	0.002719
9.570000E-8	0.002778
9.575000E-8	0.002894
9.580000E-8	0.002803
9.585000E-8	0.002825
9.590000E-8	0.002856
9.595000E-8	0.002953
9.600000E-8	0.002813
9.605000E-8	0.002803
9.610000E-8	0.002794
9.615000E-8	0.002781
9.620000E-8	0.002675
9.625000E-8	0.002678
9.630000E-8	0.002619
9.635000E-8	0.002634
9.640000E-8	0.002453
9.645000E-8	0.002531
9.650000E-8	0.002356
9.655000E-8	0.002322
9.660000E-8	0.002297
9.665000E-8	0.002244
9.670000E-8	0.002278
9.675000E-8	0.002313
9.680000E-8	0.002300
9.685000E-8	0.002241
9.690000E-8	0.002294
9.695000E-8	0.002531
9.700000E-8	0.002416
9.705000E-8	0.002556
9.710000E-8	0.002572
9.715000E-8	0.002587
9.720000E-8	0.002603
9.725000E-8	0.002638
9.730000E-8	0.002584
9.735000E-8	0.002678
9.740000E-8	0.002650
9.745000E-8	0.002647
9.750000E-8	0.002578
9.755000E-8	0.002675
9.760000E-8	0.002550
9.765000E-8	0.002534
9.770000E-8	0.002550
9.775000E-8	0.002506
9.780000E-8	0.002538
9.785000E-8	0.002475
9.790000E-8	0.002400
9.795000E-8	0.002363
9.800000E-8	0.002394
9.805000E-8	0.002372
9.810000E-8	0.002366
9.815000E-8	0.002456
9.820000E-8	0.002413
9.825000E-8	0.002603
9.830000E-8	0.002575
9.835000E-8	0.002659
9.840000E-8	0.002697
9.845000E-8	0.002853
9.850000E-8	0.002741
9.855000E-8	0.002638
9.860000E-8	0.002662
9.865000E-8	0.002759
9.870000E-8	0.002691
9.875000E-8	0.002694
9.880000E-8	0.002584
9.885000E-8	0.002659
9.890000E-8	0.002559
9.895000E-8	0.002497
9.900000E-8	0.002512
9.905000E-8	0.002453
9.910000E-8	0.002303
9.915000E-8	0.002341
9.920000E-8	0.002334
9.925000E-8	0.002244
9.930000E-8	0.002144
9.935000E-8	0.002063
9.940000E-8	0.002119
9.945000E-8	0.002253
9.950000E-8	0.002313
9.955000E-8	0.002522
9.960000E-8	0.002700
9.965000E-8	0.002872
9.970000E-8	0.002969
9.975000E-8	0.002991
9.980000E-8	0.002922
9.985000E-8	0.002850
9.990000E-8	0.002775
9.995000E-8	0.002709
