LabVIEW Measurement	
Writer_Version	2
Reader_Version	2
Separator	Tab
Decimal_Separator	.
Multi_Headings	No
X_Columns	Multi
Time_Pref	Relative
Operator	TG lab
Date	2015/03/06
Time	19:45:13.1608529090881347656
***End_of_Header***	
	
Channels	1	
Samples	2000	
Date	2015/03/06	
Time	19:45:13.1608529090881347656	
X_Dimension	Time	
X0	0.0000000000000000E+0	
Delta_X	5.000000E-11	
***End_of_Header***		
X_Value	Untitled	Comment
0.000000	0.001950
5.000000E-11	0.001903
1.000000E-10	0.001897
1.500000E-10	0.002066
2.000000E-10	0.001988
2.500000E-10	0.002025
3.000000E-10	0.001878
3.500000E-10	0.001856
4.000000E-10	0.001797
4.500000E-10	0.001741
5.000000E-10	0.001784
5.500000E-10	0.001844
6.000000E-10	0.001866
6.500000E-10	0.001950
7.000000E-10	0.001891
7.500000E-10	0.001984
8.000000E-10	0.001941
8.500000E-10	0.001863
9.000000E-10	0.001763
9.500000E-10	0.001888
1.000000E-9	0.001778
1.050000E-9	0.001819
1.100000E-9	0.001713
1.150000E-9	0.001566
1.200000E-9	0.001531
1.250000E-9	0.001666
1.300000E-9	0.001578
1.350000E-9	0.001675
1.400000E-9	0.001566
1.450000E-9	0.001569
1.500000E-9	0.001563
1.550000E-9	0.001713
1.600000E-9	0.001675
1.650000E-9	0.001650
1.700000E-9	0.001553
1.750000E-9	0.001481
1.800000E-9	0.001406
1.850000E-9	0.001513
1.900000E-9	0.001478
1.950000E-9	0.001534
2.000000E-9	0.001541
2.050000E-9	0.001656
2.100000E-9	0.001612
2.150000E-9	0.001781
2.200000E-9	0.001694
2.250000E-9	0.001634
2.300000E-9	0.001653
2.350000E-9	0.001634
2.400000E-9	0.001525
2.450000E-9	0.001522
2.500000E-9	0.001350
2.550000E-9	0.001247
2.600000E-9	0.001150
2.650000E-9	0.001147
2.700000E-9	0.001178
2.750000E-9	0.001234
2.800000E-9	0.001259
2.850000E-9	0.001297
2.900000E-9	0.001313
2.950000E-9	0.001375
3.000000E-9	0.001369
3.050000E-9	0.001313
3.100000E-9	0.001269
3.150000E-9	0.001241
3.200000E-9	0.001066
3.250000E-9	0.001028
3.300000E-9	0.000897
3.350000E-9	0.000803
3.400000E-9	0.000831
3.450000E-9	0.000859
3.500000E-9	0.000928
3.550000E-9	0.001109
3.600000E-9	0.001109
3.650000E-9	0.001297
3.700000E-9	0.001216
3.750000E-9	0.001425
3.800000E-9	0.001313
3.850000E-9	0.001331
3.900000E-9	0.001384
3.950000E-9	0.001256
4.000000E-9	0.001163
4.050000E-9	0.001197
4.100000E-9	0.001181
4.150000E-9	0.001288
4.200000E-9	0.001206
4.250000E-9	0.001431
4.300000E-9	0.001513
4.350000E-9	0.001687
4.400000E-9	0.001797
4.450000E-9	0.001969
4.500000E-9	0.002191
4.550000E-9	0.002237
4.600000E-9	0.002328
4.650000E-9	0.002556
4.700000E-9	0.002650
4.750000E-9	0.002819
4.800000E-9	0.002856
4.850000E-9	0.002813
4.900000E-9	0.002628
4.950000E-9	0.002303
5.000000E-9	0.001619
5.050000E-9	0.000647
5.100000E-9	-0.000603
5.150000E-9	-0.002275
5.200000E-9	-0.004334
5.250000E-9	-0.006641
5.300000E-9	-0.009159
5.350000E-9	-0.011666
5.400000E-9	-0.014175
5.450000E-9	-0.016391
5.500000E-9	-0.018400
5.550000E-9	-0.019778
5.600000E-9	-0.020900
5.650000E-9	-0.021413
5.700000E-9	-0.021547
5.750000E-9	-0.021250
5.800000E-9	-0.020647
5.850000E-9	-0.019784
5.900000E-9	-0.018816
5.950000E-9	-0.017653
6.000000E-9	-0.016316
6.050000E-9	-0.015063
6.100000E-9	-0.013862
6.150000E-9	-0.012800
6.200000E-9	-0.011919
6.250000E-9	-0.011372
6.300000E-9	-0.010856
6.350000E-9	-0.010528
6.400000E-9	-0.010638
6.450000E-9	-0.010797
6.500000E-9	-0.011325
6.550000E-9	-0.011822
6.600000E-9	-0.012400
6.650000E-9	-0.012950
6.700000E-9	-0.013522
6.750000E-9	-0.013941
6.800000E-9	-0.014353
6.850000E-9	-0.014550
6.900000E-9	-0.014719
6.950000E-9	-0.014594
7.000000E-9	-0.014256
7.050000E-9	-0.013781
7.100000E-9	-0.013094
7.150000E-9	-0.012241
7.200000E-9	-0.011375
7.250000E-9	-0.010297
7.300000E-9	-0.009406
7.350000E-9	-0.008441
7.400000E-9	-0.007478
7.450000E-9	-0.006694
7.500000E-9	-0.006006
7.550000E-9	-0.005488
7.600000E-9	-0.005347
7.650000E-9	-0.005241
7.700000E-9	-0.005334
7.750000E-9	-0.005569
7.800000E-9	-0.006022
7.850000E-9	-0.006463
7.900000E-9	-0.007009
7.950000E-9	-0.007569
8.000000E-9	-0.008206
8.050000E-9	-0.008569
8.100000E-9	-0.008878
8.150000E-9	-0.009041
8.200000E-9	-0.009078
8.250000E-9	-0.008809
8.300000E-9	-0.008537
8.350000E-9	-0.008038
8.400000E-9	-0.007441
8.450000E-9	-0.006741
8.500000E-9	-0.005950
8.550000E-9	-0.005125
8.600000E-9	-0.004475
8.650000E-9	-0.003647
8.700000E-9	-0.003078
8.750000E-9	-0.002525
8.800000E-9	-0.002278
8.850000E-9	-0.001956
8.900000E-9	-0.001991
8.950000E-9	-0.002184
9.000000E-9	-0.002450
9.050000E-9	-0.003012
9.100000E-9	-0.003703
9.150000E-9	-0.004313
9.200000E-9	-0.004941
9.250000E-9	-0.005566
9.300000E-9	-0.006159
9.350000E-9	-0.006666
9.400000E-9	-0.007084
9.450000E-9	-0.007147
9.500000E-9	-0.007238
9.550000E-9	-0.006991
9.600000E-9	-0.006659
9.650000E-9	-0.006122
9.700000E-9	-0.005531
9.750000E-9	-0.004731
9.800000E-9	-0.003850
9.850000E-9	-0.002925
9.900000E-9	-0.002056
9.950000E-9	-0.001172
1.000000E-8	-0.000619
1.005000E-8	0.000000
1.010000E-8	0.000394
1.015000E-8	0.000403
1.020000E-8	0.000241
1.025000E-8	-2.500000E-5
1.030000E-8	-0.000559
1.035000E-8	-0.001291
1.040000E-8	-0.002012
1.045000E-8	-0.002875
1.050000E-8	-0.003725
1.055000E-8	-0.004372
1.060000E-8	-0.005075
1.065000E-8	-0.005431
1.070000E-8	-0.005747
1.075000E-8	-0.005716
1.080000E-8	-0.005531
1.085000E-8	-0.004962
1.090000E-8	-0.004375
1.095000E-8	-0.003584
1.100000E-8	-0.002797
1.105000E-8	-0.001794
1.110000E-8	-0.000916
1.115000E-8	-4.687500E-5
1.120000E-8	0.000684
1.125000E-8	0.001284
1.130000E-8	0.001722
1.135000E-8	0.001963
1.140000E-8	0.001853
1.145000E-8	0.001687
1.150000E-8	0.001256
1.155000E-8	0.000828
1.160000E-8	6.875000E-5
1.165000E-8	-0.000672
1.170000E-8	-0.001428
1.175000E-8	-0.002294
1.180000E-8	-0.003019
1.185000E-8	-0.003544
1.190000E-8	-0.003950
1.195000E-8	-0.004247
1.200000E-8	-0.004353
1.205000E-8	-0.004297
1.210000E-8	-0.003966
1.215000E-8	-0.003481
1.220000E-8	-0.002988
1.225000E-8	-0.002172
1.230000E-8	-0.001409
1.235000E-8	-0.000622
1.240000E-8	0.000184
1.245000E-8	0.001019
1.250000E-8	0.001616
1.255000E-8	0.002091
1.260000E-8	0.002350
1.265000E-8	0.002434
1.270000E-8	0.002172
1.275000E-8	0.001969
1.280000E-8	0.001384
1.285000E-8	0.000766
1.290000E-8	1.562500E-5
1.295000E-8	-0.000813
1.300000E-8	-0.001572
1.305000E-8	-0.002188
1.310000E-8	-0.002872
1.315000E-8	-0.003363
1.320000E-8	-0.003716
1.325000E-8	-0.003700
1.330000E-8	-0.003691
1.335000E-8	-0.003425
1.340000E-8	-0.002944
1.345000E-8	-0.002072
1.350000E-8	-0.001372
1.355000E-8	-0.000428
1.360000E-8	0.000472
1.365000E-8	0.001425
1.370000E-8	0.002125
1.375000E-8	0.002766
1.380000E-8	0.003128
1.385000E-8	0.003406
1.390000E-8	0.003466
1.395000E-8	0.003297
1.400000E-8	0.002922
1.405000E-8	0.002284
1.410000E-8	0.001684
1.415000E-8	0.001025
1.420000E-8	0.000281
1.425000E-8	-0.000425
1.430000E-8	-0.001041
1.435000E-8	-0.001672
1.440000E-8	-0.002100
1.445000E-8	-0.002281
1.450000E-8	-0.002447
1.455000E-8	-0.002488
1.460000E-8	-0.002256
1.465000E-8	-0.001863
1.470000E-8	-0.001416
1.475000E-8	-0.000656
1.480000E-8	-0.000147
1.485000E-8	0.000694
1.490000E-8	0.001391
1.495000E-8	0.002116
1.500000E-8	0.002650
1.505000E-8	0.003081
1.510000E-8	0.003275
1.515000E-8	0.003450
1.520000E-8	0.003303
1.525000E-8	0.003084
1.530000E-8	0.002509
1.535000E-8	0.002034
1.540000E-8	0.001259
1.545000E-8	0.000656
1.550000E-8	-0.000172
1.555000E-8	-0.000725
1.560000E-8	-0.001291
1.565000E-8	-0.001778
1.570000E-8	-0.002131
1.575000E-8	-0.002156
1.580000E-8	-0.002250
1.585000E-8	-0.001947
1.590000E-8	-0.001584
1.595000E-8	-0.001134
1.600000E-8	-0.000491
1.605000E-8	0.000284
1.610000E-8	0.001016
1.615000E-8	0.001978
1.620000E-8	0.002491
1.625000E-8	0.003256
1.630000E-8	0.003709
1.635000E-8	0.003988
1.640000E-8	0.003962
1.645000E-8	0.004022
1.650000E-8	0.003587
1.655000E-8	0.003172
1.660000E-8	0.002591
1.665000E-8	0.001953
1.670000E-8	0.001197
1.675000E-8	0.000550
1.680000E-8	-0.000178
1.685000E-8	-0.000675
1.690000E-8	-0.001159
1.695000E-8	-0.001456
1.700000E-8	-0.001731
1.705000E-8	-0.001697
1.710000E-8	-0.001463
1.715000E-8	-0.001038
1.720000E-8	-0.000663
1.725000E-8	0.000000
1.730000E-8	0.000581
1.735000E-8	0.001259
1.740000E-8	0.001822
1.745000E-8	0.002488
1.750000E-8	0.002963
1.755000E-8	0.003344
1.760000E-8	0.003609
1.765000E-8	0.003819
1.770000E-8	0.003700
1.775000E-8	0.003641
1.780000E-8	0.003244
1.785000E-8	0.002709
1.790000E-8	0.002134
1.795000E-8	0.001472
1.800000E-8	0.000725
1.805000E-8	0.000188
1.810000E-8	-0.000484
1.815000E-8	-0.000919
1.820000E-8	-0.001256
1.825000E-8	-0.001463
1.830000E-8	-0.001622
1.835000E-8	-0.001544
1.840000E-8	-0.001359
1.845000E-8	-0.000888
1.850000E-8	-0.000422
1.855000E-8	0.000287
1.860000E-8	0.000856
1.865000E-8	0.001697
1.870000E-8	0.002378
1.875000E-8	0.002878
1.880000E-8	0.003456
1.885000E-8	0.003734
1.890000E-8	0.003866
1.895000E-8	0.003891
1.900000E-8	0.003625
1.905000E-8	0.003244
1.910000E-8	0.002731
1.915000E-8	0.002200
1.920000E-8	0.001541
1.925000E-8	0.000909
1.930000E-8	7.500000E-5
1.935000E-8	-0.000294
1.940000E-8	-0.000784
1.945000E-8	-0.000978
1.950000E-8	-0.001063
1.955000E-8	-0.001097
1.960000E-8	-0.000959
1.965000E-8	-0.000600
1.970000E-8	-0.000228
1.975000E-8	0.000297
1.980000E-8	0.000759
1.985000E-8	0.001466
1.990000E-8	0.002006
1.995000E-8	0.002594
2.000000E-8	0.002988
2.005000E-8	0.003512
2.010000E-8	0.003675
2.015000E-8	0.003850
2.020000E-8	0.003794
2.025000E-8	0.003725
2.030000E-8	0.003378
2.035000E-8	0.002916
2.040000E-8	0.002294
2.045000E-8	0.001728
2.050000E-8	0.001088
2.055000E-8	0.000412
2.060000E-8	-0.000228
2.065000E-8	-0.000600
2.070000E-8	-0.001063
2.075000E-8	-0.001366
2.080000E-8	-0.001506
2.085000E-8	-0.001356
2.090000E-8	-0.001028
2.095000E-8	-0.000706
2.100000E-8	-0.000153
2.105000E-8	0.000475
2.110000E-8	0.001119
2.115000E-8	0.001828
2.120000E-8	0.002441
2.125000E-8	0.003009
2.130000E-8	0.003238
2.135000E-8	0.003622
2.140000E-8	0.003641
2.145000E-8	0.003603
2.150000E-8	0.003500
2.155000E-8	0.003244
2.160000E-8	0.002838
2.165000E-8	0.002459
2.170000E-8	0.001969
2.175000E-8	0.001463
2.180000E-8	0.000988
2.185000E-8	0.000553
2.190000E-8	4.062500E-5
2.195000E-8	-0.000263
2.200000E-8	-0.000531
2.205000E-8	-0.000697
2.210000E-8	-0.000616
2.215000E-8	-0.000400
2.220000E-8	-1.250000E-5
2.225000E-8	0.000463
2.230000E-8	0.000806
2.235000E-8	0.001516
2.240000E-8	0.002069
2.245000E-8	0.002684
2.250000E-8	0.003181
2.255000E-8	0.003641
2.260000E-8	0.003872
2.265000E-8	0.004200
2.270000E-8	0.004216
2.275000E-8	0.004181
2.280000E-8	0.003953
2.285000E-8	0.003613
2.290000E-8	0.003116
2.295000E-8	0.002516
2.300000E-8	0.001778
2.305000E-8	0.001278
2.310000E-8	0.000578
2.315000E-8	0.000178
2.320000E-8	-0.000281
2.325000E-8	-0.000453
2.330000E-8	-0.000634
2.335000E-8	-0.000578
2.340000E-8	-0.000344
2.345000E-8	-0.000131
2.350000E-8	0.000178
2.355000E-8	0.000700
2.360000E-8	0.001172
2.365000E-8	0.001706
2.370000E-8	0.002166
2.375000E-8	0.002662
2.380000E-8	0.003081
2.385000E-8	0.003413
2.390000E-8	0.003597
2.395000E-8	0.003638
2.400000E-8	0.003609
2.405000E-8	0.003456
2.410000E-8	0.003166
2.415000E-8	0.002788
2.420000E-8	0.002394
2.425000E-8	0.001797
2.430000E-8	0.001297
2.435000E-8	0.000822
2.440000E-8	0.000319
2.445000E-8	-0.000103
2.450000E-8	-0.000328
2.455000E-8	-0.000509
2.460000E-8	-0.000634
2.465000E-8	-0.000303
2.470000E-8	-0.000222
2.475000E-8	0.000163
2.480000E-8	0.000563
2.485000E-8	0.001147
2.490000E-8	0.001738
2.495000E-8	0.002484
2.500000E-8	0.002959
2.505000E-8	0.003416
2.510000E-8	0.003716
2.515000E-8	0.003866
2.520000E-8	0.003881
2.525000E-8	0.003859
2.530000E-8	0.003553
2.535000E-8	0.003319
2.540000E-8	0.002947
2.545000E-8	0.002441
2.550000E-8	0.001969
2.555000E-8	0.001516
2.560000E-8	0.000934
2.565000E-8	0.000478
2.570000E-8	0.000113
2.575000E-8	-9.687500E-5
2.580000E-8	-0.000228
2.585000E-8	-0.000281
2.590000E-8	-0.000206
2.595000E-8	1.875000E-5
2.600000E-8	0.000166
2.605000E-8	0.000547
2.610000E-8	0.000878
2.615000E-8	0.001463
2.620000E-8	0.001872
2.625000E-8	0.002447
2.630000E-8	0.002684
2.635000E-8	0.003031
2.640000E-8	0.003288
2.645000E-8	0.003400
2.650000E-8	0.003363
2.655000E-8	0.003241
2.660000E-8	0.002934
2.665000E-8	0.002678
2.670000E-8	0.002181
2.675000E-8	0.001719
2.680000E-8	0.001163
2.685000E-8	0.000825
2.690000E-8	0.000391
2.695000E-8	1.250000E-5
2.700000E-8	-0.000194
2.705000E-8	-0.000313
2.710000E-8	-0.000328
2.715000E-8	-8.125000E-5
2.720000E-8	0.000119
2.725000E-8	0.000509
2.730000E-8	0.000956
2.735000E-8	0.001388
2.740000E-8	0.001822
2.745000E-8	0.002300
2.750000E-8	0.002750
2.755000E-8	0.003247
2.760000E-8	0.003413
2.765000E-8	0.003647
2.770000E-8	0.003659
2.775000E-8	0.003678
2.780000E-8	0.003522
2.785000E-8	0.003256
2.790000E-8	0.003012
2.795000E-8	0.002684
2.800000E-8	0.002134
2.805000E-8	0.001691
2.810000E-8	0.001275
2.815000E-8	0.000919
2.820000E-8	0.000484
2.825000E-8	0.000209
2.830000E-8	-7.500000E-5
2.835000E-8	-0.000134
2.840000E-8	-0.000116
2.845000E-8	9.687500E-5
2.850000E-8	0.000350
2.855000E-8	0.000700
2.860000E-8	0.001119
2.865000E-8	0.001612
2.870000E-8	0.002091
2.875000E-8	0.002597
2.880000E-8	0.003009
2.885000E-8	0.003438
2.890000E-8	0.003572
2.895000E-8	0.003647
2.900000E-8	0.003609
2.905000E-8	0.003466
2.910000E-8	0.003219
2.915000E-8	0.002884
2.920000E-8	0.002425
2.925000E-8	0.002091
2.930000E-8	0.001631
2.935000E-8	0.001209
2.940000E-8	0.000866
2.945000E-8	0.000612
2.950000E-8	0.000169
2.955000E-8	-2.500000E-5
2.960000E-8	-0.000103
2.965000E-8	-5.312500E-5
2.970000E-8	5.312500E-5
2.975000E-8	0.000237
2.980000E-8	0.000534
2.985000E-8	0.000884
2.990000E-8	0.001294
2.995000E-8	0.001806
3.000000E-8	0.002247
3.005000E-8	0.002709
3.010000E-8	0.003053
3.015000E-8	0.003400
3.020000E-8	0.003466
3.025000E-8	0.003597
3.030000E-8	0.003472
3.035000E-8	0.003263
3.040000E-8	0.003000
3.045000E-8	0.002722
3.050000E-8	0.002334
3.055000E-8	0.001884
3.060000E-8	0.001469
3.065000E-8	0.000991
3.070000E-8	0.000691
3.075000E-8	0.000516
3.080000E-8	0.000116
3.085000E-8	0.000103
3.090000E-8	7.500000E-5
3.095000E-8	0.000303
3.100000E-8	0.000472
3.105000E-8	0.000709
3.110000E-8	0.001138
3.115000E-8	0.001569
3.120000E-8	0.001816
3.125000E-8	0.002391
3.130000E-8	0.002744
3.135000E-8	0.002975
3.140000E-8	0.003169
3.145000E-8	0.003234
3.150000E-8	0.003209
3.155000E-8	0.003175
3.160000E-8	0.003134
3.165000E-8	0.002963
3.170000E-8	0.002628
3.175000E-8	0.002200
3.180000E-8	0.001866
3.185000E-8	0.001594
3.190000E-8	0.001138
3.195000E-8	0.000891
3.200000E-8	0.000553
3.205000E-8	0.000447
3.210000E-8	0.000341
3.215000E-8	0.000341
3.220000E-8	0.000503
3.225000E-8	0.000763
3.230000E-8	0.000969
3.235000E-8	0.001319
3.240000E-8	0.001653
3.245000E-8	0.001959
3.250000E-8	0.002225
3.255000E-8	0.002597
3.260000E-8	0.002825
3.265000E-8	0.003009
3.270000E-8	0.003028
3.275000E-8	0.003019
3.280000E-8	0.002903
3.285000E-8	0.002800
3.290000E-8	0.002397
3.295000E-8	0.002219
3.300000E-8	0.001941
3.305000E-8	0.001694
3.310000E-8	0.001406
3.315000E-8	0.001131
3.320000E-8	0.000709
3.325000E-8	0.000397
3.330000E-8	0.000234
3.335000E-8	0.000197
3.340000E-8	0.000100
3.345000E-8	0.000184
3.350000E-8	0.000278
3.355000E-8	0.000606
3.360000E-8	0.000806
3.365000E-8	0.001291
3.370000E-8	0.001609
3.375000E-8	0.002081
3.380000E-8	0.002413
3.385000E-8	0.002753
3.390000E-8	0.003041
3.395000E-8	0.003222
3.400000E-8	0.003334
3.405000E-8	0.003347
3.410000E-8	0.003213
3.415000E-8	0.003006
3.420000E-8	0.002725
3.425000E-8	0.002512
3.430000E-8	0.001988
3.435000E-8	0.001625
3.440000E-8	0.001097
3.445000E-8	0.000825
3.450000E-8	0.000559
3.455000E-8	0.000250
3.460000E-8	0.000122
3.465000E-8	0.000209
3.470000E-8	0.000231
3.475000E-8	0.000463
3.480000E-8	0.000612
3.485000E-8	0.000884
3.490000E-8	0.001178
3.495000E-8	0.001516
3.500000E-8	0.001966
3.505000E-8	0.002347
3.510000E-8	0.002597
3.515000E-8	0.002906
3.520000E-8	0.003138
3.525000E-8	0.003378
3.530000E-8	0.003269
3.535000E-8	0.003169
3.540000E-8	0.002866
3.545000E-8	0.002825
3.550000E-8	0.002459
3.555000E-8	0.002094
3.560000E-8	0.001694
3.565000E-8	0.001213
3.570000E-8	0.000916
3.575000E-8	0.000659
3.580000E-8	0.000425
3.585000E-8	0.000294
3.590000E-8	0.000334
3.595000E-8	0.000559
3.600000E-8	0.000609
3.605000E-8	0.000963
3.610000E-8	0.001231
3.615000E-8	0.001481
3.620000E-8	0.001872
3.625000E-8	0.002203
3.630000E-8	0.002372
3.635000E-8	0.002647
3.640000E-8	0.002737
3.645000E-8	0.002791
3.650000E-8	0.002747
3.655000E-8	0.002831
3.660000E-8	0.002750
3.665000E-8	0.002756
3.670000E-8	0.002625
3.675000E-8	0.002469
3.680000E-8	0.002100
3.685000E-8	0.001784
3.690000E-8	0.001437
3.695000E-8	0.001234
3.700000E-8	0.000825
3.705000E-8	0.000625
3.710000E-8	0.000425
3.715000E-8	0.000303
3.720000E-8	0.000278
3.725000E-8	0.000403
3.730000E-8	0.000584
3.735000E-8	0.000925
3.740000E-8	0.001084
3.745000E-8	0.001522
3.750000E-8	0.001947
3.755000E-8	0.002225
3.760000E-8	0.002591
3.765000E-8	0.002869
3.770000E-8	0.002966
3.775000E-8	0.003084
3.780000E-8	0.003003
3.785000E-8	0.003041
3.790000E-8	0.002822
3.795000E-8	0.002622
3.800000E-8	0.002350
3.805000E-8	0.002103
3.810000E-8	0.001747
3.815000E-8	0.001450
3.820000E-8	0.001169
3.825000E-8	0.000956
3.830000E-8	0.000794
3.835000E-8	0.000722
3.840000E-8	0.000503
3.845000E-8	0.000694
3.850000E-8	0.000797
3.855000E-8	0.000941
3.860000E-8	0.001075
3.865000E-8	0.001372
3.870000E-8	0.001622
3.875000E-8	0.002125
3.880000E-8	0.002356
3.885000E-8	0.002659
3.890000E-8	0.002913
3.895000E-8	0.003122
3.900000E-8	0.003100
3.905000E-8	0.003256
3.910000E-8	0.003225
3.915000E-8	0.003056
3.920000E-8	0.002888
3.925000E-8	0.002725
3.930000E-8	0.002309
3.935000E-8	0.001984
3.940000E-8	0.001703
3.945000E-8	0.001444
3.950000E-8	0.001175
3.955000E-8	0.001009
3.960000E-8	0.000763
3.965000E-8	0.000737
3.970000E-8	0.000700
3.975000E-8	0.000841
3.980000E-8	0.000956
3.985000E-8	0.001094
3.990000E-8	0.001431
3.995000E-8	0.001631
4.000000E-8	0.001838
4.005000E-8	0.002197
4.010000E-8	0.002391
4.015000E-8	0.002494
4.020000E-8	0.002619
4.025000E-8	0.002794
4.030000E-8	0.002881
4.035000E-8	0.002863
4.040000E-8	0.002791
4.045000E-8	0.002638
4.050000E-8	0.002456
4.055000E-8	0.002272
4.060000E-8	0.001944
4.065000E-8	0.001684
4.070000E-8	0.001316
4.075000E-8	0.001197
4.080000E-8	0.000897
4.085000E-8	0.000803
4.090000E-8	0.000663
4.095000E-8	0.000672
4.100000E-8	0.000663
4.105000E-8	0.000803
4.110000E-8	0.001012
4.115000E-8	0.001297
4.120000E-8	0.001572
4.125000E-8	0.001863
4.130000E-8	0.002053
4.135000E-8	0.002403
4.140000E-8	0.002559
4.145000E-8	0.002784
4.150000E-8	0.002947
4.155000E-8	0.003097
4.160000E-8	0.002997
4.165000E-8	0.003094
4.170000E-8	0.002897
4.175000E-8	0.002697
4.180000E-8	0.002431
4.185000E-8	0.002166
4.190000E-8	0.001831
4.195000E-8	0.001525
4.200000E-8	0.001275
4.205000E-8	0.001025
4.210000E-8	0.000772
4.215000E-8	0.000691
4.220000E-8	0.000681
4.225000E-8	0.000713
4.230000E-8	0.000681
4.235000E-8	0.000956
4.240000E-8	0.001156
4.245000E-8	0.001447
4.250000E-8	0.001687
4.255000E-8	0.002100
4.260000E-8	0.002359
4.265000E-8	0.002669
4.270000E-8	0.002875
4.275000E-8	0.002894
4.280000E-8	0.003009
4.285000E-8	0.003063
4.290000E-8	0.002875
4.295000E-8	0.002681
4.300000E-8	0.002281
4.305000E-8	0.002091
4.310000E-8	0.001772
4.315000E-8	0.001463
4.320000E-8	0.001178
4.325000E-8	0.000947
4.330000E-8	0.000719
4.335000E-8	0.000638
4.340000E-8	0.000616
4.345000E-8	0.000594
4.350000E-8	0.000706
4.355000E-8	0.000925
4.360000E-8	0.001050
4.365000E-8	0.001203
4.370000E-8	0.001419
4.375000E-8	0.001656
4.380000E-8	0.001919
4.385000E-8	0.002363
4.390000E-8	0.002500
4.395000E-8	0.002700
4.400000E-8	0.002844
4.405000E-8	0.002997
4.410000E-8	0.002906
4.415000E-8	0.002831
4.420000E-8	0.002678
4.425000E-8	0.002491
4.430000E-8	0.002263
4.435000E-8	0.001997
4.440000E-8	0.001647
4.445000E-8	0.001378
4.450000E-8	0.001131
4.455000E-8	0.001050
4.460000E-8	0.000769
4.465000E-8	0.000659
4.470000E-8	0.000534
4.475000E-8	0.000591
4.480000E-8	0.000531
4.485000E-8	0.000737
4.490000E-8	0.001069
4.495000E-8	0.001216
4.500000E-8	0.001394
4.505000E-8	0.001666
4.510000E-8	0.001828
4.515000E-8	0.002097
4.520000E-8	0.002241
4.525000E-8	0.002375
4.530000E-8	0.002434
4.535000E-8	0.002409
4.540000E-8	0.002472
4.545000E-8	0.002556
4.550000E-8	0.002366
4.555000E-8	0.002247
4.560000E-8	0.001994
4.565000E-8	0.001816
4.570000E-8	0.001612
4.575000E-8	0.001278
4.580000E-8	0.000919
4.585000E-8	0.000688
4.590000E-8	0.000531
4.595000E-8	0.000453
4.600000E-8	0.000453
4.605000E-8	0.000503
4.610000E-8	0.000700
4.615000E-8	0.000916
4.620000E-8	0.001094
4.625000E-8	0.001481
4.630000E-8	0.001863
4.635000E-8	0.002275
4.640000E-8	0.002553
4.645000E-8	0.002831
4.650000E-8	0.003012
4.655000E-8	0.003016
4.660000E-8	0.002981
4.665000E-8	0.002797
4.670000E-8	0.002516
4.675000E-8	0.002363
4.680000E-8	0.002006
4.685000E-8	0.001788
4.690000E-8	0.001644
4.695000E-8	0.001378
4.700000E-8	0.001016
4.705000E-8	0.000916
4.710000E-8	0.000797
4.715000E-8	0.000672
4.720000E-8	0.000528
4.725000E-8	0.000550
4.730000E-8	0.000700
4.735000E-8	0.000938
4.740000E-8	0.001094
4.745000E-8	0.001394
4.750000E-8	0.001638
4.755000E-8	0.001925
4.760000E-8	0.002103
4.765000E-8	0.002303
4.770000E-8	0.002325
4.775000E-8	0.002553
4.780000E-8	0.002484
4.785000E-8	0.002578
4.790000E-8	0.002512
4.795000E-8	0.002431
4.800000E-8	0.002431
4.805000E-8	0.002269
4.810000E-8	0.001975
4.815000E-8	0.001806
4.820000E-8	0.001469
4.825000E-8	0.001178
4.830000E-8	0.000888
4.835000E-8	0.000775
4.840000E-8	0.000572
4.845000E-8	0.000541
4.850000E-8	0.000541
4.855000E-8	0.000800
4.860000E-8	0.000884
4.865000E-8	0.001084
4.870000E-8	0.001266
4.875000E-8	0.001616
4.880000E-8	0.001841
4.885000E-8	0.002134
4.890000E-8	0.002384
4.895000E-8	0.002581
4.900000E-8	0.002656
4.905000E-8	0.002769
4.910000E-8	0.002769
4.915000E-8	0.002831
4.920000E-8	0.002634
4.925000E-8	0.002459
4.930000E-8	0.002100
4.935000E-8	0.001997
4.940000E-8	0.001781
4.945000E-8	0.001563
4.950000E-8	0.001469
4.955000E-8	0.001381
4.960000E-8	0.001122
4.965000E-8	0.001028
4.970000E-8	0.000959
4.975000E-8	0.000994
4.980000E-8	0.000944
4.985000E-8	0.001150
4.990000E-8	0.001206
4.995000E-8	0.001378
5.000000E-8	0.001494
5.005000E-8	0.001681
5.010000E-8	0.001784
5.015000E-8	0.002016
5.020000E-8	0.002237
5.025000E-8	0.002328
5.030000E-8	0.002347
5.035000E-8	0.002553
5.040000E-8	0.002516
5.045000E-8	0.002528
5.050000E-8	0.002366
5.055000E-8	0.002284
5.060000E-8	0.002075
5.065000E-8	0.001878
5.070000E-8	0.001550
5.075000E-8	0.001294
5.080000E-8	0.001050
5.085000E-8	0.000791
5.090000E-8	0.000753
5.095000E-8	0.000647
5.100000E-8	0.000709
5.105000E-8	0.000816
5.110000E-8	0.000831
5.115000E-8	0.001141
5.120000E-8	0.001250
5.125000E-8	0.001559
5.130000E-8	0.001713
5.135000E-8	0.002178
5.140000E-8	0.002322
5.145000E-8	0.002547
5.150000E-8	0.002609
5.155000E-8	0.002609
5.160000E-8	0.002628
5.165000E-8	0.002759
5.170000E-8	0.002691
5.175000E-8	0.002669
5.180000E-8	0.002472
5.185000E-8	0.002328
5.190000E-8	0.002097
5.195000E-8	0.001941
5.200000E-8	0.001700
5.205000E-8	0.001516
5.210000E-8	0.001331
5.215000E-8	0.001253
5.220000E-8	0.001103
5.225000E-8	0.001088
5.230000E-8	0.001066
5.235000E-8	0.001125
5.240000E-8	0.001213
5.245000E-8	0.001356
5.250000E-8	0.001506
5.255000E-8	0.001644
5.260000E-8	0.001831
5.265000E-8	0.002113
5.270000E-8	0.002244
5.275000E-8	0.002353
5.280000E-8	0.002413
5.285000E-8	0.002441
5.290000E-8	0.002428
5.295000E-8	0.002403
5.300000E-8	0.002225
5.305000E-8	0.002138
5.310000E-8	0.001875
5.315000E-8	0.001684
5.320000E-8	0.001481
5.325000E-8	0.001300
5.330000E-8	0.001119
5.335000E-8	0.000991
5.340000E-8	0.000997
5.345000E-8	0.001022
5.350000E-8	0.000981
5.355000E-8	0.001022
5.360000E-8	0.001116
5.365000E-8	0.001191
5.370000E-8	0.001259
5.375000E-8	0.001416
5.380000E-8	0.001556
5.385000E-8	0.001750
5.390000E-8	0.001816
5.395000E-8	0.001994
5.400000E-8	0.002087
5.405000E-8	0.002203
5.410000E-8	0.002225
5.415000E-8	0.002419
5.420000E-8	0.002350
5.425000E-8	0.002303
5.430000E-8	0.002403
5.435000E-8	0.002263
5.440000E-8	0.002281
5.445000E-8	0.002025
5.450000E-8	0.001800
5.455000E-8	0.001578
5.460000E-8	0.001291
5.465000E-8	0.001144
5.470000E-8	0.001000
5.475000E-8	0.000931
5.480000E-8	0.000963
5.485000E-8	0.000975
5.490000E-8	0.001038
5.495000E-8	0.001256
5.500000E-8	0.001481
5.505000E-8	0.001684
5.510000E-8	0.001878
5.515000E-8	0.002144
5.520000E-8	0.002241
5.525000E-8	0.002538
5.530000E-8	0.002525
5.535000E-8	0.002597
5.540000E-8	0.002619
5.545000E-8	0.002681
5.550000E-8	0.002581
5.555000E-8	0.002450
5.560000E-8	0.002209
5.565000E-8	0.001928
5.570000E-8	0.001725
5.575000E-8	0.001450
5.580000E-8	0.001091
5.585000E-8	0.000953
5.590000E-8	0.000853
5.595000E-8	0.000694
5.600000E-8	0.000631
5.605000E-8	0.000806
5.610000E-8	0.000819
5.615000E-8	0.001038
5.620000E-8	0.001241
5.625000E-8	0.001538
5.630000E-8	0.001722
5.635000E-8	0.001941
5.640000E-8	0.002113
5.645000E-8	0.002306
5.650000E-8	0.002325
5.655000E-8	0.002353
5.660000E-8	0.002363
5.665000E-8	0.002334
5.670000E-8	0.002281
5.675000E-8	0.002203
5.680000E-8	0.002113
5.685000E-8	0.002022
5.690000E-8	0.001788
5.695000E-8	0.001709
5.700000E-8	0.001416
5.705000E-8	0.001409
5.710000E-8	0.001238
5.715000E-8	0.001203
5.720000E-8	0.001081
5.725000E-8	0.001175
5.730000E-8	0.001181
5.735000E-8	0.001353
5.740000E-8	0.001247
5.745000E-8	0.001378
5.750000E-8	0.001547
5.755000E-8	0.001738
5.760000E-8	0.001913
5.765000E-8	0.002138
5.770000E-8	0.002259
5.775000E-8	0.002403
5.780000E-8	0.002481
5.785000E-8	0.002450
5.790000E-8	0.002512
5.795000E-8	0.002603
5.800000E-8	0.002381
5.805000E-8	0.002197
5.810000E-8	0.002084
5.815000E-8	0.001978
5.820000E-8	0.001713
5.825000E-8	0.001594
5.830000E-8	0.001238
5.835000E-8	0.001144
5.840000E-8	0.000863
5.845000E-8	0.000875
5.850000E-8	0.000725
5.855000E-8	0.000728
5.860000E-8	0.000856
5.865000E-8	0.000966
5.870000E-8	0.001106
5.875000E-8	0.001241
5.880000E-8	0.001409
5.885000E-8	0.001775
5.890000E-8	0.001978
5.895000E-8	0.002247
5.900000E-8	0.002309
5.905000E-8	0.002528
5.910000E-8	0.002644
5.915000E-8	0.002634
5.920000E-8	0.002563
5.925000E-8	0.002578
5.930000E-8	0.002394
5.935000E-8	0.002288
5.940000E-8	0.002141
5.945000E-8	0.001941
5.950000E-8	0.001791
5.955000E-8	0.001681
5.960000E-8	0.001488
5.965000E-8	0.001472
5.970000E-8	0.001231
5.975000E-8	0.001166
5.980000E-8	0.001119
5.985000E-8	0.001206
5.990000E-8	0.001253
5.995000E-8	0.001453
6.000000E-8	0.001544
6.005000E-8	0.001759
6.010000E-8	0.002066
6.015000E-8	0.002359
6.020000E-8	0.002422
6.025000E-8	0.002681
6.030000E-8	0.002788
6.035000E-8	0.002834
6.040000E-8	0.002900
6.045000E-8	0.002766
6.050000E-8	0.002587
6.055000E-8	0.002472
6.060000E-8	0.002325
6.065000E-8	0.002197
6.070000E-8	0.001991
6.075000E-8	0.001844
6.080000E-8	0.001678
6.085000E-8	0.001503
6.090000E-8	0.001428
6.095000E-8	0.001288
6.100000E-8	0.001238
6.105000E-8	0.001291
6.110000E-8	0.001200
6.115000E-8	0.001325
6.120000E-8	0.001328
6.125000E-8	0.001538
6.130000E-8	0.001650
6.135000E-8	0.001816
6.140000E-8	0.001909
6.145000E-8	0.002038
6.150000E-8	0.002138
6.155000E-8	0.002234
6.160000E-8	0.002200
6.165000E-8	0.002281
6.170000E-8	0.002119
6.175000E-8	0.002122
6.180000E-8	0.002012
6.185000E-8	0.001969
6.190000E-8	0.001772
6.195000E-8	0.001797
6.200000E-8	0.001547
6.205000E-8	0.001416
6.210000E-8	0.001328
6.215000E-8	0.001191
6.220000E-8	0.000975
6.225000E-8	0.001034
6.230000E-8	0.000869
6.235000E-8	0.001000
6.240000E-8	0.001038
6.245000E-8	0.001109
6.250000E-8	0.001322
6.255000E-8	0.001475
6.260000E-8	0.001628
6.265000E-8	0.001897
6.270000E-8	0.002000
6.275000E-8	0.002294
6.280000E-8	0.002475
6.285000E-8	0.002519
6.290000E-8	0.002469
6.295000E-8	0.002506
6.300000E-8	0.002378
6.305000E-8	0.002384
6.310000E-8	0.002266
6.315000E-8	0.002284
6.320000E-8	0.002091
6.325000E-8	0.002116
6.330000E-8	0.001859
6.335000E-8	0.001694
6.340000E-8	0.001431
6.345000E-8	0.001272
6.350000E-8	0.001231
6.355000E-8	0.001131
6.360000E-8	0.001134
6.365000E-8	0.001306
6.370000E-8	0.001353
6.375000E-8	0.001472
6.380000E-8	0.001678
6.385000E-8	0.001856
6.390000E-8	0.002022
6.395000E-8	0.002241
6.400000E-8	0.002359
6.405000E-8	0.002509
6.410000E-8	0.002594
6.415000E-8	0.002587
6.420000E-8	0.002613
6.425000E-8	0.002688
6.430000E-8	0.002516
6.435000E-8	0.002278
6.440000E-8	0.002075
6.445000E-8	0.001975
6.450000E-8	0.001678
6.455000E-8	0.001612
6.460000E-8	0.001334
6.465000E-8	0.001341
6.470000E-8	0.001103
6.475000E-8	0.001206
6.480000E-8	0.001056
6.485000E-8	0.001172
6.490000E-8	0.001263
6.495000E-8	0.001366
6.500000E-8	0.001531
6.505000E-8	0.001616
6.510000E-8	0.001634
6.515000E-8	0.001809
6.520000E-8	0.001863
6.525000E-8	0.001891
6.530000E-8	0.001894
6.535000E-8	0.001984
6.540000E-8	0.001975
6.545000E-8	0.002003
6.550000E-8	0.001941
6.555000E-8	0.001975
6.560000E-8	0.001894
6.565000E-8	0.001856
6.570000E-8	0.001772
6.575000E-8	0.001731
6.580000E-8	0.001666
6.585000E-8	0.001656
6.590000E-8	0.001544
6.595000E-8	0.001419
6.600000E-8	0.001350
6.605000E-8	0.001297
6.610000E-8	0.001256
6.615000E-8	0.001413
6.620000E-8	0.001384
6.625000E-8	0.001531
6.630000E-8	0.001606
6.635000E-8	0.001797
6.640000E-8	0.001881
6.645000E-8	0.002119
6.650000E-8	0.002216
6.655000E-8	0.002388
6.660000E-8	0.002413
6.665000E-8	0.002531
6.670000E-8	0.002497
6.675000E-8	0.002475
6.680000E-8	0.002388
6.685000E-8	0.002344
6.690000E-8	0.002231
6.695000E-8	0.002138
6.700000E-8	0.001866
6.705000E-8	0.001788
6.710000E-8	0.001519
6.715000E-8	0.001381
6.720000E-8	0.001225
6.725000E-8	0.001163
6.730000E-8	0.001019
6.735000E-8	0.001003
6.740000E-8	0.001009
6.745000E-8	0.001028
6.750000E-8	0.001153
6.755000E-8	0.001313
6.760000E-8	0.001459
6.765000E-8	0.001734
6.770000E-8	0.001891
6.775000E-8	0.002106
6.780000E-8	0.002206
6.785000E-8	0.002437
6.790000E-8	0.002409
6.795000E-8	0.002409
6.800000E-8	0.002391
6.805000E-8	0.002409
6.810000E-8	0.002269
6.815000E-8	0.002125
6.820000E-8	0.002056
6.825000E-8	0.002025
6.830000E-8	0.001853
6.835000E-8	0.001859
6.840000E-8	0.001700
6.845000E-8	0.001681
6.850000E-8	0.001516
6.855000E-8	0.001612
6.860000E-8	0.001534
6.865000E-8	0.001559
6.870000E-8	0.001494
6.875000E-8	0.001563
6.880000E-8	0.001581
6.885000E-8	0.001750
6.890000E-8	0.001847
6.895000E-8	0.001953
6.900000E-8	0.002016
6.905000E-8	0.002250
6.910000E-8	0.002228
6.915000E-8	0.002222
6.920000E-8	0.002056
6.925000E-8	0.002075
6.930000E-8	0.002103
6.935000E-8	0.002059
6.940000E-8	0.001884
6.945000E-8	0.001722
6.950000E-8	0.001578
6.955000E-8	0.001534
6.960000E-8	0.001450
6.965000E-8	0.001397
6.970000E-8	0.001409
6.975000E-8	0.001447
6.980000E-8	0.001384
6.985000E-8	0.001403
6.990000E-8	0.001428
6.995000E-8	0.001534
7.000000E-8	0.001559
7.005000E-8	0.001609
7.010000E-8	0.001656
7.015000E-8	0.001878
7.020000E-8	0.001909
7.025000E-8	0.002069
7.030000E-8	0.002109
7.035000E-8	0.002141
7.040000E-8	0.002184
7.045000E-8	0.002188
7.050000E-8	0.002059
7.055000E-8	0.002047
7.060000E-8	0.001953
7.065000E-8	0.002012
7.070000E-8	0.001903
7.075000E-8	0.001900
7.080000E-8	0.001763
7.085000E-8	0.001666
7.090000E-8	0.001516
7.095000E-8	0.001409
7.100000E-8	0.001259
7.105000E-8	0.001269
7.110000E-8	0.001141
7.115000E-8	0.001275
7.120000E-8	0.001253
7.125000E-8	0.001413
7.130000E-8	0.001478
7.135000E-8	0.001659
7.140000E-8	0.001750
7.145000E-8	0.002034
7.150000E-8	0.002181
7.155000E-8	0.002419
7.160000E-8	0.002422
7.165000E-8	0.002541
7.170000E-8	0.002522
7.175000E-8	0.002456
7.180000E-8	0.002259
7.185000E-8	0.002219
7.190000E-8	0.002162
7.195000E-8	0.002134
7.200000E-8	0.001894
7.205000E-8	0.001797
7.210000E-8	0.001622
7.215000E-8	0.001384
7.220000E-8	0.001272
7.225000E-8	0.001219
7.230000E-8	0.001153
7.235000E-8	0.001153
7.240000E-8	0.001059
7.245000E-8	0.001197
7.250000E-8	0.001231
7.255000E-8	0.001503
7.260000E-8	0.001547
7.265000E-8	0.001728
7.270000E-8	0.001919
7.275000E-8	0.002016
7.280000E-8	0.002003
7.285000E-8	0.002166
7.290000E-8	0.002097
7.295000E-8	0.002128
7.300000E-8	0.002009
7.305000E-8	0.002078
7.310000E-8	0.001997
7.315000E-8	0.001844
7.320000E-8	0.001784
7.325000E-8	0.001769
7.330000E-8	0.001650
7.335000E-8	0.001684
7.340000E-8	0.001503
7.345000E-8	0.001528
7.350000E-8	0.001481
7.355000E-8	0.001437
7.360000E-8	0.001322
7.365000E-8	0.001356
7.370000E-8	0.001525
7.375000E-8	0.001566
7.380000E-8	0.001600
7.385000E-8	0.001856
7.390000E-8	0.001884
7.395000E-8	0.001972
7.400000E-8	0.002056
7.405000E-8	0.002034
7.410000E-8	0.002084
7.415000E-8	0.002153
7.420000E-8	0.002053
7.425000E-8	0.002069
7.430000E-8	0.002103
7.435000E-8	0.002106
7.440000E-8	0.002053
7.445000E-8	0.001916
7.450000E-8	0.001856
7.455000E-8	0.001884
7.460000E-8	0.001678
7.465000E-8	0.001725
7.470000E-8	0.001600
7.475000E-8	0.001563
7.480000E-8	0.001491
7.485000E-8	0.001628
7.490000E-8	0.001584
7.495000E-8	0.001659
7.500000E-8	0.001597
7.505000E-8	0.001722
7.510000E-8	0.001803
7.515000E-8	0.001941
7.520000E-8	0.002038
7.525000E-8	0.002156
7.530000E-8	0.002153
7.535000E-8	0.002237
7.540000E-8	0.002200
7.545000E-8	0.002247
7.550000E-8	0.002263
7.555000E-8	0.002247
7.560000E-8	0.002181
7.565000E-8	0.002122
7.570000E-8	0.001975
7.575000E-8	0.001847
7.580000E-8	0.001656
7.585000E-8	0.001522
7.590000E-8	0.001425
7.595000E-8	0.001334
7.600000E-8	0.001303
7.605000E-8	0.001134
7.610000E-8	0.001072
7.615000E-8	0.001050
7.620000E-8	0.000988
7.625000E-8	0.001081
7.630000E-8	0.001197
7.635000E-8	0.001303
7.640000E-8	0.001419
7.645000E-8	0.001653
7.650000E-8	0.001678
7.655000E-8	0.001931
7.660000E-8	0.001994
7.665000E-8	0.002034
7.670000E-8	0.002128
7.675000E-8	0.002216
7.680000E-8	0.002197
7.685000E-8	0.002194
7.690000E-8	0.002044
7.695000E-8	0.001922
7.700000E-8	0.001631
7.705000E-8	0.001591
7.710000E-8	0.001466
7.715000E-8	0.001444
7.720000E-8	0.001300
7.725000E-8	0.001272
7.730000E-8	0.001219
7.735000E-8	0.001253
7.740000E-8	0.001228
7.745000E-8	0.001331
7.750000E-8	0.001406
7.755000E-8	0.001534
7.760000E-8	0.001609
7.765000E-8	0.001922
7.770000E-8	0.001984
7.775000E-8	0.002087
7.780000E-8	0.002134
7.785000E-8	0.002150
7.790000E-8	0.002009
7.795000E-8	0.002113
7.800000E-8	0.001988
7.805000E-8	0.002009
7.810000E-8	0.001953
7.815000E-8	0.001875
7.820000E-8	0.001791
7.825000E-8	0.001853
7.830000E-8	0.001772
7.835000E-8	0.001797
7.840000E-8	0.001694
7.845000E-8	0.001594
7.850000E-8	0.001503
7.855000E-8	0.001494
7.860000E-8	0.001456
7.865000E-8	0.001516
7.870000E-8	0.001491
7.875000E-8	0.001553
7.880000E-8	0.001544
7.885000E-8	0.001656
7.890000E-8	0.001622
7.895000E-8	0.001791
7.900000E-8	0.001863
7.905000E-8	0.001894
7.910000E-8	0.001988
7.915000E-8	0.002075
7.920000E-8	0.002094
7.925000E-8	0.002141
7.930000E-8	0.002081
7.935000E-8	0.002147
7.940000E-8	0.002000
7.945000E-8	0.002041
7.950000E-8	0.001753
7.955000E-8	0.001691
7.960000E-8	0.001575
7.965000E-8	0.001509
7.970000E-8	0.001297
7.975000E-8	0.001313
7.980000E-8	0.001275
7.985000E-8	0.001256
7.990000E-8	0.001303
7.995000E-8	0.001425
8.000000E-8	0.001572
8.005000E-8	0.001716
8.010000E-8	0.001703
8.015000E-8	0.001825
8.020000E-8	0.001937
8.025000E-8	0.002119
8.030000E-8	0.002138
8.035000E-8	0.002175
8.040000E-8	0.002091
8.045000E-8	0.002116
8.050000E-8	0.002056
8.055000E-8	0.002072
8.060000E-8	0.001941
8.065000E-8	0.001969
8.070000E-8	0.001956
8.075000E-8	0.002047
8.080000E-8	0.001856
8.085000E-8	0.001872
8.090000E-8	0.001719
8.095000E-8	0.001647
8.100000E-8	0.001522
8.105000E-8	0.001513
8.110000E-8	0.001431
8.115000E-8	0.001484
8.120000E-8	0.001509
8.125000E-8	0.001650
8.130000E-8	0.001675
8.135000E-8	0.001816
8.140000E-8	0.001984
8.145000E-8	0.002097
8.150000E-8	0.002084
8.155000E-8	0.002106
8.160000E-8	0.002041
8.165000E-8	0.002047
8.170000E-8	0.002087
8.175000E-8	0.002084
8.180000E-8	0.001969
8.185000E-8	0.002016
8.190000E-8	0.001956
8.195000E-8	0.001975
8.200000E-8	0.001928
8.205000E-8	0.001944
8.210000E-8	0.001731
8.215000E-8	0.001763
8.220000E-8	0.001609
8.225000E-8	0.001616
8.230000E-8	0.001575
8.235000E-8	0.001559
8.240000E-8	0.001469
8.245000E-8	0.001441
8.250000E-8	0.001419
8.255000E-8	0.001453
8.260000E-8	0.001509
8.265000E-8	0.001681
8.270000E-8	0.001641
8.275000E-8	0.001788
8.280000E-8	0.001903
8.285000E-8	0.001847
8.290000E-8	0.001909
8.295000E-8	0.001959
8.300000E-8	0.001781
8.305000E-8	0.001947
8.310000E-8	0.001891
8.315000E-8	0.001803
8.320000E-8	0.001647
8.325000E-8	0.001666
8.330000E-8	0.001559
8.335000E-8	0.001559
8.340000E-8	0.001516
8.345000E-8	0.001497
8.350000E-8	0.001506
8.355000E-8	0.001725
8.360000E-8	0.001628
8.365000E-8	0.001672
8.370000E-8	0.001625
8.375000E-8	0.001744
8.380000E-8	0.001741
8.385000E-8	0.001706
8.390000E-8	0.001738
8.395000E-8	0.001738
8.400000E-8	0.001728
8.405000E-8	0.001881
8.410000E-8	0.001975
8.415000E-8	0.002025
8.420000E-8	0.002000
8.425000E-8	0.001997
8.430000E-8	0.002031
8.435000E-8	0.002016
8.440000E-8	0.001931
8.445000E-8	0.001853
8.450000E-8	0.001738
8.455000E-8	0.001775
8.460000E-8	0.001597
8.465000E-8	0.001597
8.470000E-8	0.001600
8.475000E-8	0.001547
8.480000E-8	0.001422
8.485000E-8	0.001469
8.490000E-8	0.001409
8.495000E-8	0.001444
8.500000E-8	0.001469
8.505000E-8	0.001591
8.510000E-8	0.001575
8.515000E-8	0.001731
8.520000E-8	0.001856
8.525000E-8	0.001909
8.530000E-8	0.001994
8.535000E-8	0.002078
8.540000E-8	0.001944
8.545000E-8	0.002134
8.550000E-8	0.002016
8.555000E-8	0.002025
8.560000E-8	0.001888
8.565000E-8	0.001866
8.570000E-8	0.001784
8.575000E-8	0.001756
8.580000E-8	0.001719
8.585000E-8	0.001681
8.590000E-8	0.001519
8.595000E-8	0.001666
8.600000E-8	0.001663
8.605000E-8	0.001669
8.610000E-8	0.001488
8.615000E-8	0.001566
8.620000E-8	0.001509
8.625000E-8	0.001547
8.630000E-8	0.001481
8.635000E-8	0.001647
8.640000E-8	0.001594
8.645000E-8	0.001769
8.650000E-8	0.001719
8.655000E-8	0.001856
8.660000E-8	0.001794
8.665000E-8	0.001781
8.670000E-8	0.001881
8.675000E-8	0.001813
8.680000E-8	0.001859
8.685000E-8	0.001838
8.690000E-8	0.001753
8.695000E-8	0.001753
8.700000E-8	0.001538
8.705000E-8	0.001606
8.710000E-8	0.001469
8.715000E-8	0.001434
8.720000E-8	0.001325
8.725000E-8	0.001416
8.730000E-8	0.001306
8.735000E-8	0.001319
8.740000E-8	0.001400
8.745000E-8	0.001503
8.750000E-8	0.001566
8.755000E-8	0.001594
8.760000E-8	0.001550
8.765000E-8	0.001666
8.770000E-8	0.001659
8.775000E-8	0.001781
8.780000E-8	0.001797
8.785000E-8	0.001997
8.790000E-8	0.001947
8.795000E-8	0.002081
8.800000E-8	0.001997
8.805000E-8	0.002003
8.810000E-8	0.001825
8.815000E-8	0.001822
8.820000E-8	0.001794
8.825000E-8	0.001778
8.830000E-8	0.001556
8.835000E-8	0.001516
8.840000E-8	0.001375
8.845000E-8	0.001247
8.850000E-8	0.001150
8.855000E-8	0.001172
8.860000E-8	0.001203
8.865000E-8	0.001300
8.870000E-8	0.001378
8.875000E-8	0.001584
8.880000E-8	0.001581
8.885000E-8	0.001806
8.890000E-8	0.001931
8.895000E-8	0.002087
8.900000E-8	0.002181
8.905000E-8	0.002166
8.910000E-8	0.002097
8.915000E-8	0.002075
8.920000E-8	0.001975
8.925000E-8	0.001991
8.930000E-8	0.001831
8.935000E-8	0.001947
8.940000E-8	0.001869
8.945000E-8	0.001881
8.950000E-8	0.001816
8.955000E-8	0.001878
8.960000E-8	0.001822
8.965000E-8	0.001863
8.970000E-8	0.001841
8.975000E-8	0.001906
8.980000E-8	0.001769
8.985000E-8	0.001813
8.990000E-8	0.001763
8.995000E-8	0.001781
9.000000E-8	0.001719
9.005000E-8	0.001803
9.010000E-8	0.001719
9.015000E-8	0.001906
9.020000E-8	0.001791
9.025000E-8	0.001947
9.030000E-8	0.001894
9.035000E-8	0.002063
9.040000E-8	0.002091
9.045000E-8	0.002050
9.050000E-8	0.002069
9.055000E-8	0.002150
9.060000E-8	0.002016
9.065000E-8	0.002056
9.070000E-8	0.001978
9.075000E-8	0.001931
9.080000E-8	0.001841
9.085000E-8	0.001797
9.090000E-8	0.001653
9.095000E-8	0.001653
9.100000E-8	0.001584
9.105000E-8	0.001475
9.110000E-8	0.001541
9.115000E-8	0.001572
9.120000E-8	0.001569
9.125000E-8	0.001663
9.130000E-8	0.001675
9.135000E-8	0.001775
9.140000E-8	0.001678
9.145000E-8	0.001781
9.150000E-8	0.001781
9.155000E-8	0.001941
9.160000E-8	0.001847
9.165000E-8	0.001819
9.170000E-8	0.001697
9.175000E-8	0.001791
9.180000E-8	0.001828
9.185000E-8	0.001825
9.190000E-8	0.001756
9.195000E-8	0.001738
9.200000E-8	0.001631
9.205000E-8	0.001663
9.210000E-8	0.001500
9.215000E-8	0.001588
9.220000E-8	0.001434
9.225000E-8	0.001466
9.230000E-8	0.001425
9.235000E-8	0.001488
9.240000E-8	0.001372
9.245000E-8	0.001509
9.250000E-8	0.001575
9.255000E-8	0.001575
9.260000E-8	0.001703
9.265000E-8	0.001769
9.270000E-8	0.001747
9.275000E-8	0.001784
9.280000E-8	0.001781
9.285000E-8	0.001828
9.290000E-8	0.001969
9.295000E-8	0.002059
9.300000E-8	0.001944
9.305000E-8	0.001997
9.310000E-8	0.002091
9.315000E-8	0.002034
9.320000E-8	0.001947
9.325000E-8	0.001838
9.330000E-8	0.001669
9.335000E-8	0.001597
9.340000E-8	0.001594
9.345000E-8	0.001650
9.350000E-8	0.001481
9.355000E-8	0.001453
9.360000E-8	0.001494
9.365000E-8	0.001619
9.370000E-8	0.001553
9.375000E-8	0.001634
9.380000E-8	0.001659
9.385000E-8	0.001728
9.390000E-8	0.001700
9.395000E-8	0.001763
9.400000E-8	0.001719
9.405000E-8	0.001781
9.410000E-8	0.001738
9.415000E-8	0.001778
9.420000E-8	0.001538
9.425000E-8	0.001531
9.430000E-8	0.001563
9.435000E-8	0.001584
9.440000E-8	0.001634
9.445000E-8	0.001687
9.450000E-8	0.001819
9.455000E-8	0.001947
9.460000E-8	0.001919
9.465000E-8	0.001984
9.470000E-8	0.002059
9.475000E-8	0.002006
9.480000E-8	0.001834
9.485000E-8	0.001769
9.490000E-8	0.001647
9.495000E-8	0.001559
9.500000E-8	0.001422
9.505000E-8	0.001416
9.510000E-8	0.001513
9.515000E-8	0.001581
9.520000E-8	0.001594
9.525000E-8	0.001747
9.530000E-8	0.001672
9.535000E-8	0.001763
9.540000E-8	0.001825
9.545000E-8	0.001781
9.550000E-8	0.001697
9.555000E-8	0.001725
9.560000E-8	0.001656
9.565000E-8	0.001609
9.570000E-8	0.001687
9.575000E-8	0.001709
9.580000E-8	0.001619
9.585000E-8	0.001628
9.590000E-8	0.001716
9.595000E-8	0.001709
9.600000E-8	0.001669
9.605000E-8	0.001875
9.610000E-8	0.001612
9.615000E-8	0.001647
9.620000E-8	0.001544
9.625000E-8	0.001631
9.630000E-8	0.001506
9.635000E-8	0.001647
9.640000E-8	0.001675
9.645000E-8	0.001678
9.650000E-8	0.001788
9.655000E-8	0.002016
9.660000E-8	0.001838
9.665000E-8	0.001956
9.670000E-8	0.001963
9.675000E-8	0.002159
9.680000E-8	0.002034
9.685000E-8	0.002078
9.690000E-8	0.001994
9.695000E-8	0.002000
9.700000E-8	0.001856
9.705000E-8	0.001731
9.710000E-8	0.001628
9.715000E-8	0.001628
9.720000E-8	0.001472
9.725000E-8	0.001437
9.730000E-8	0.001434
9.735000E-8	0.001416
9.740000E-8	0.001437
9.745000E-8	0.001425
9.750000E-8	0.001422
9.755000E-8	0.001481
9.760000E-8	0.001384
9.765000E-8	0.001544
9.770000E-8	0.001678
9.775000E-8	0.001722
9.780000E-8	0.001797
9.785000E-8	0.001937
9.790000E-8	0.002053
9.795000E-8	0.002009
9.800000E-8	0.002081
9.805000E-8	0.002216
9.810000E-8	0.002066
9.815000E-8	0.002075
9.820000E-8	0.001953
9.825000E-8	0.001972
9.830000E-8	0.001978
9.835000E-8	0.001853
9.840000E-8	0.001703
9.845000E-8	0.001781
9.850000E-8	0.001778
9.855000E-8	0.001759
9.860000E-8	0.001753
9.865000E-8	0.001791
9.870000E-8	0.001847
9.875000E-8	0.001928
9.880000E-8	0.001959
9.885000E-8	0.002063
9.890000E-8	0.001963
9.895000E-8	0.001978
9.900000E-8	0.001937
9.905000E-8	0.001922
9.910000E-8	0.001894
9.915000E-8	0.001956
9.920000E-8	0.001994
9.925000E-8	0.001941
9.930000E-8	0.001934
9.935000E-8	0.001897
9.940000E-8	0.001791
9.945000E-8	0.001781
9.950000E-8	0.001825
9.955000E-8	0.001866
9.960000E-8	0.001831
9.965000E-8	0.001756
9.970000E-8	0.001775
9.975000E-8	0.001794
9.980000E-8	0.001684
9.985000E-8	0.001687
9.990000E-8	0.001544
9.995000E-8	0.001616
