LabVIEW Measurement	
Writer_Version	2
Reader_Version	2
Separator	Tab
Decimal_Separator	.
Multi_Headings	No
X_Columns	Multi
Time_Pref	Relative
Operator	TG lab
Date	2015/03/06
Time	19:47:10.7745800018310546875
***End_of_Header***	
	
Channels	1	
Samples	2000	
Date	1903/12/31	
Time	19:00:00	
X_Dimension	Time	
X0	0.0000000000000000E+0	
Delta_X	5.000000E-11	
***End_of_Header***		
X_Value	Untitled	Comment
0.000000	0.002313
5.000000E-11	0.002384
1.000000E-10	0.002241
1.500000E-10	0.002175
2.000000E-10	0.002141
2.500000E-10	0.002131
3.000000E-10	0.002184
3.500000E-10	0.002188
4.000000E-10	0.002237
4.500000E-10	0.002316
5.000000E-10	0.002391
5.500000E-10	0.002375
6.000000E-10	0.002347
6.500000E-10	0.002369
7.000000E-10	0.002325
7.500000E-10	0.002325
8.000000E-10	0.002291
8.500000E-10	0.002316
9.000000E-10	0.002162
9.500000E-10	0.002188
1.000000E-9	0.002297
1.050000E-9	0.002313
1.100000E-9	0.002353
1.150000E-9	0.002425
1.200000E-9	0.002466
1.250000E-9	0.002388
1.300000E-9	0.002419
1.350000E-9	0.002538
1.400000E-9	0.002494
1.450000E-9	0.002569
1.500000E-9	0.002541
1.550000E-9	0.002556
1.600000E-9	0.002422
1.650000E-9	0.002416
1.700000E-9	0.002441
1.750000E-9	0.002553
1.800000E-9	0.002575
1.850000E-9	0.002538
1.900000E-9	0.002672
1.950000E-9	0.002753
2.000000E-9	0.002816
2.050000E-9	0.002850
2.100000E-9	0.002747
2.150000E-9	0.002797
2.200000E-9	0.002622
2.250000E-9	0.002662
2.300000E-9	0.002656
2.350000E-9	0.002609
2.400000E-9	0.002534
2.450000E-9	0.002566
2.500000E-9	0.002581
2.550000E-9	0.002606
2.600000E-9	0.002622
2.650000E-9	0.002828
2.700000E-9	0.002844
2.750000E-9	0.003012
2.800000E-9	0.003072
2.850000E-9	0.003128
2.900000E-9	0.003156
2.950000E-9	0.003222
3.000000E-9	0.003169
3.050000E-9	0.003038
3.100000E-9	0.002919
3.150000E-9	0.002838
3.200000E-9	0.002922
3.250000E-9	0.002794
3.300000E-9	0.002938
3.350000E-9	0.002931
3.400000E-9	0.002966
3.450000E-9	0.003134
3.500000E-9	0.003209
3.550000E-9	0.003391
3.600000E-9	0.003400
3.650000E-9	0.003469
3.700000E-9	0.003587
3.750000E-9	0.003631
3.800000E-9	0.003681
3.850000E-9	0.003728
3.900000E-9	0.003816
3.950000E-9	0.003775
4.000000E-9	0.003847
4.050000E-9	0.004053
4.100000E-9	0.004181
4.150000E-9	0.004322
4.200000E-9	0.004425
4.250000E-9	0.004750
4.300000E-9	0.005006
4.350000E-9	0.005438
4.400000E-9	0.005881
4.450000E-9	0.006378
4.500000E-9	0.006962
4.550000E-9	0.007697
4.600000E-9	0.008500
4.650000E-9	0.009434
4.700000E-9	0.010400
4.750000E-9	0.011616
4.800000E-9	0.012744
4.850000E-9	0.014181
4.900000E-9	0.015728
4.950000E-9	0.017472
5.000000E-9	0.019338
5.050000E-9	0.021116
5.100000E-9	0.022734
5.150000E-9	0.024253
5.200000E-9	0.025647
5.250000E-9	0.026678
5.300000E-9	0.027309
5.350000E-9	0.027791
5.400000E-9	0.027966
5.450000E-9	0.027919
5.500000E-9	0.027791
5.550000E-9	0.027709
5.600000E-9	0.027566
5.650000E-9	0.027434
5.700000E-9	0.027187
5.750000E-9	0.026916
5.800000E-9	0.026547
5.850000E-9	0.025788
5.900000E-9	0.024953
5.950000E-9	0.023828
6.000000E-9	0.022459
6.050000E-9	0.021125
6.100000E-9	0.019594
6.150000E-9	0.018181
6.200000E-9	0.016987
6.250000E-9	0.016109
6.300000E-9	0.015500
6.350000E-9	0.015275
6.400000E-9	0.015278
6.450000E-9	0.015609
6.500000E-9	0.016166
6.550000E-9	0.016709
6.600000E-9	0.017419
6.650000E-9	0.017900
6.700000E-9	0.018391
6.750000E-9	0.018866
6.800000E-9	0.018988
6.850000E-9	0.019222
6.900000E-9	0.019109
6.950000E-9	0.018822
7.000000E-9	0.018472
7.050000E-9	0.017994
7.100000E-9	0.017328
7.150000E-9	0.016484
7.200000E-9	0.015597
7.250000E-9	0.014628
7.300000E-9	0.013562
7.350000E-9	0.012541
7.400000E-9	0.011728
7.450000E-9	0.010938
7.500000E-9	0.010334
7.550000E-9	0.009872
7.600000E-9	0.009669
7.650000E-9	0.009697
7.700000E-9	0.009963
7.750000E-9	0.010269
7.800000E-9	0.010844
7.850000E-9	0.011453
7.900000E-9	0.012122
7.950000E-9	0.012816
8.000000E-9	0.013562
8.050000E-9	0.014028
8.100000E-9	0.014459
8.150000E-9	0.014688
8.200000E-9	0.014634
8.250000E-9	0.014497
8.300000E-9	0.014009
8.350000E-9	0.013466
8.400000E-9	0.012678
8.450000E-9	0.011741
8.500000E-9	0.010837
8.550000E-9	0.009972
8.600000E-9	0.009072
8.650000E-9	0.008222
8.700000E-9	0.007597
8.750000E-9	0.007031
8.800000E-9	0.006650
8.850000E-9	0.006406
8.900000E-9	0.006378
8.950000E-9	0.006472
9.000000E-9	0.006863
9.050000E-9	0.007306
9.100000E-9	0.007875
9.150000E-9	0.008494
9.200000E-9	0.009116
9.250000E-9	0.009791
9.300000E-9	0.010322
9.350000E-9	0.010722
9.400000E-9	0.011122
9.450000E-9	0.011122
9.500000E-9	0.011109
9.550000E-9	0.010847
9.600000E-9	0.010391
9.650000E-9	0.009694
9.700000E-9	0.008991
9.750000E-9	0.008169
9.800000E-9	0.007272
9.850000E-9	0.006469
9.900000E-9	0.005697
9.950000E-9	0.005134
1.000000E-8	0.004509
1.005000E-8	0.004103
1.010000E-8	0.003913
1.015000E-8	0.003928
1.020000E-8	0.004228
1.025000E-8	0.004619
1.030000E-8	0.005244
1.035000E-8	0.006016
1.040000E-8	0.006653
1.045000E-8	0.007400
1.050000E-8	0.008119
1.055000E-8	0.008728
1.060000E-8	0.009253
1.065000E-8	0.009650
1.070000E-8	0.009919
1.075000E-8	0.009888
1.080000E-8	0.009650
1.085000E-8	0.009419
1.090000E-8	0.008834
1.095000E-8	0.008222
1.100000E-8	0.007347
1.105000E-8	0.006491
1.110000E-8	0.005641
1.115000E-8	0.004703
1.120000E-8	0.003916
1.125000E-8	0.003269
1.130000E-8	0.002847
1.135000E-8	0.002597
1.140000E-8	0.002625
1.145000E-8	0.002813
1.150000E-8	0.003125
1.155000E-8	0.003741
1.160000E-8	0.004325
1.165000E-8	0.005106
1.170000E-8	0.005853
1.175000E-8	0.006566
1.180000E-8	0.007253
1.185000E-8	0.007781
1.190000E-8	0.008231
1.195000E-8	0.008578
1.200000E-8	0.008566
1.205000E-8	0.008484
1.210000E-8	0.008112
1.215000E-8	0.007584
1.220000E-8	0.006947
1.225000E-8	0.006141
1.230000E-8	0.005256
1.235000E-8	0.004428
1.240000E-8	0.003587
1.245000E-8	0.002822
1.250000E-8	0.002219
1.255000E-8	0.001750
1.260000E-8	0.001481
1.265000E-8	0.001344
1.270000E-8	0.001606
1.275000E-8	0.001988
1.280000E-8	0.002541
1.285000E-8	0.003309
1.290000E-8	0.003994
1.295000E-8	0.004772
1.300000E-8	0.005503
1.305000E-8	0.006225
1.310000E-8	0.006847
1.315000E-8	0.007259
1.320000E-8	0.007447
1.325000E-8	0.007428
1.330000E-8	0.007263
1.335000E-8	0.006981
1.340000E-8	0.006447
1.345000E-8	0.005838
1.350000E-8	0.005078
1.355000E-8	0.004231
1.360000E-8	0.003550
1.365000E-8	0.002775
1.370000E-8	0.002247
1.375000E-8	0.001881
1.380000E-8	0.001400
1.385000E-8	0.001241
1.390000E-8	0.001319
1.395000E-8	0.001491
1.400000E-8	0.001763
1.405000E-8	0.002228
1.410000E-8	0.002791
1.415000E-8	0.003597
1.420000E-8	0.004216
1.425000E-8	0.004994
1.430000E-8	0.005666
1.435000E-8	0.006206
1.440000E-8	0.006537
1.445000E-8	0.006772
1.450000E-8	0.006803
1.455000E-8	0.006581
1.460000E-8	0.006237
1.465000E-8	0.005863
1.470000E-8	0.005094
1.475000E-8	0.004453
1.480000E-8	0.003641
1.485000E-8	0.002963
1.490000E-8	0.002234
1.495000E-8	0.001547
1.500000E-8	0.000972
1.505000E-8	0.000619
1.510000E-8	0.000416
1.515000E-8	0.000366
1.520000E-8	0.000450
1.525000E-8	0.000778
1.530000E-8	0.001278
1.535000E-8	0.001991
1.540000E-8	0.002594
1.545000E-8	0.003294
1.550000E-8	0.003884
1.555000E-8	0.004641
1.560000E-8	0.005222
1.565000E-8	0.005691
1.570000E-8	0.005913
1.575000E-8	0.006019
1.580000E-8	0.005928
1.585000E-8	0.005750
1.590000E-8	0.005394
1.595000E-8	0.004894
1.600000E-8	0.004269
1.605000E-8	0.003675
1.610000E-8	0.002953
1.615000E-8	0.002263
1.620000E-8	0.001612
1.625000E-8	0.001222
1.630000E-8	0.000713
1.635000E-8	0.000444
1.640000E-8	0.000444
1.645000E-8	0.000506
1.650000E-8	0.000819
1.655000E-8	0.001241
1.660000E-8	0.001734
1.665000E-8	0.002350
1.670000E-8	0.003078
1.675000E-8	0.003806
1.680000E-8	0.004381
1.685000E-8	0.005063
1.690000E-8	0.005656
1.695000E-8	0.006013
1.700000E-8	0.006069
1.705000E-8	0.006022
1.710000E-8	0.005756
1.715000E-8	0.005359
1.720000E-8	0.004809
1.725000E-8	0.004178
1.730000E-8	0.003516
1.735000E-8	0.002844
1.740000E-8	0.002113
1.745000E-8	0.001472
1.750000E-8	0.001034
1.755000E-8	0.000616
1.760000E-8	0.000266
1.765000E-8	0.000144
1.770000E-8	0.000169
1.775000E-8	0.000366
1.780000E-8	0.000603
1.785000E-8	0.001066
1.790000E-8	0.001728
1.795000E-8	0.002434
1.800000E-8	0.002994
1.805000E-8	0.003719
1.810000E-8	0.004272
1.815000E-8	0.004738
1.820000E-8	0.005044
1.825000E-8	0.005325
1.830000E-8	0.005325
1.835000E-8	0.005128
1.840000E-8	0.004834
1.845000E-8	0.004191
1.850000E-8	0.003622
1.855000E-8	0.003003
1.860000E-8	0.002325
1.865000E-8	0.001744
1.870000E-8	0.000991
1.875000E-8	0.000528
1.880000E-8	0.000106
1.885000E-8	-0.000125
1.890000E-8	-0.000188
1.895000E-8	-9.062500E-5
1.900000E-8	0.000122
1.905000E-8	0.000456
1.910000E-8	0.000941
1.915000E-8	0.001641
1.920000E-8	0.002237
1.925000E-8	0.002953
1.930000E-8	0.003456
1.935000E-8	0.003938
1.940000E-8	0.004391
1.945000E-8	0.004662
1.950000E-8	0.004763
1.955000E-8	0.004916
1.960000E-8	0.004713
1.965000E-8	0.004413
1.970000E-8	0.004094
1.975000E-8	0.003656
1.980000E-8	0.003053
1.985000E-8	0.002619
1.990000E-8	0.002031
1.995000E-8	0.001466
2.000000E-8	0.000919
2.005000E-8	0.000506
2.010000E-8	0.000122
2.015000E-8	0.000000
2.020000E-8	2.812500E-5
2.025000E-8	0.000225
2.030000E-8	0.000497
2.035000E-8	0.001050
2.040000E-8	0.001653
2.045000E-8	0.002131
2.050000E-8	0.002800
2.055000E-8	0.003447
2.060000E-8	0.003838
2.065000E-8	0.004384
2.070000E-8	0.004741
2.075000E-8	0.004834
2.080000E-8	0.004788
2.085000E-8	0.004753
2.090000E-8	0.004581
2.095000E-8	0.004081
2.100000E-8	0.003519
2.105000E-8	0.002884
2.110000E-8	0.002369
2.115000E-8	0.001797
2.120000E-8	0.001141
2.125000E-8	0.000672
2.130000E-8	0.000275
2.135000E-8	-2.500000E-5
2.140000E-8	-0.000197
2.145000E-8	-0.000169
2.150000E-8	0.000125
2.155000E-8	0.000388
2.160000E-8	0.000822
2.165000E-8	0.001278
2.170000E-8	0.001681
2.175000E-8	0.002434
2.180000E-8	0.002916
2.185000E-8	0.003500
2.190000E-8	0.003962
2.195000E-8	0.004469
2.200000E-8	0.004641
2.205000E-8	0.004816
2.210000E-8	0.004697
2.215000E-8	0.004581
2.220000E-8	0.004219
2.225000E-8	0.003644
2.230000E-8	0.003188
2.235000E-8	0.002613
2.240000E-8	0.002047
2.245000E-8	0.001541
2.250000E-8	0.001081
2.255000E-8	0.000709
2.260000E-8	0.000359
2.265000E-8	0.000203
2.270000E-8	0.000197
2.275000E-8	0.000363
2.280000E-8	0.000578
2.285000E-8	0.000938
2.290000E-8	0.001231
2.295000E-8	0.001772
2.300000E-8	0.002409
2.305000E-8	0.002969
2.310000E-8	0.003556
2.315000E-8	0.004022
2.320000E-8	0.004325
2.325000E-8	0.004600
2.330000E-8	0.004691
2.335000E-8	0.004738
2.340000E-8	0.004513
2.345000E-8	0.004219
2.350000E-8	0.003731
2.355000E-8	0.003209
2.360000E-8	0.002578
2.365000E-8	0.002006
2.370000E-8	0.001456
2.375000E-8	0.000909
2.380000E-8	0.000556
2.385000E-8	0.000356
2.390000E-8	0.000200
2.395000E-8	0.000278
2.400000E-8	0.000406
2.405000E-8	0.000681
2.410000E-8	0.000978
2.415000E-8	0.001444
2.420000E-8	0.001834
2.425000E-8	0.002425
2.430000E-8	0.002878
2.435000E-8	0.003259
2.440000E-8	0.003603
2.445000E-8	0.003775
2.450000E-8	0.004056
2.455000E-8	0.004097
2.460000E-8	0.003984
2.465000E-8	0.003959
2.470000E-8	0.003650
2.475000E-8	0.003413
2.480000E-8	0.002881
2.485000E-8	0.002453
2.490000E-8	0.002000
2.495000E-8	0.001506
2.500000E-8	0.001072
2.505000E-8	0.000728
2.510000E-8	0.000481
2.515000E-8	0.000313
2.520000E-8	0.000275
2.525000E-8	0.000378
2.530000E-8	0.000497
2.535000E-8	0.000944
2.540000E-8	0.001372
2.545000E-8	0.001894
2.550000E-8	0.002378
2.555000E-8	0.002813
2.560000E-8	0.003313
2.565000E-8	0.003756
2.570000E-8	0.003997
2.575000E-8	0.004272
2.580000E-8	0.004353
2.585000E-8	0.004384
2.590000E-8	0.004269
2.595000E-8	0.003953
2.600000E-8	0.003625
2.605000E-8	0.003100
2.610000E-8	0.002744
2.615000E-8	0.002166
2.620000E-8	0.001578
2.625000E-8	0.001175
2.630000E-8	0.000847
2.635000E-8	0.000653
2.640000E-8	0.000422
2.645000E-8	0.000391
2.650000E-8	0.000378
2.655000E-8	0.000575
2.660000E-8	0.000716
2.665000E-8	0.001209
2.670000E-8	0.001606
2.675000E-8	0.002106
2.680000E-8	0.002366
2.685000E-8	0.002809
2.690000E-8	0.003081
2.695000E-8	0.003403
2.700000E-8	0.003575
2.705000E-8	0.003806
2.710000E-8	0.003734
2.715000E-8	0.003625
2.720000E-8	0.003512
2.725000E-8	0.003244
2.730000E-8	0.003034
2.735000E-8	0.002650
2.740000E-8	0.002356
2.745000E-8	0.001937
2.750000E-8	0.001506
2.755000E-8	0.001247
2.760000E-8	0.000978
2.765000E-8	0.000700
2.770000E-8	0.000522
2.775000E-8	0.000544
2.780000E-8	0.000706
2.785000E-8	0.000953
2.790000E-8	0.001334
2.795000E-8	0.001691
2.800000E-8	0.002069
2.805000E-8	0.002500
2.810000E-8	0.002913
2.815000E-8	0.003166
2.820000E-8	0.003622
2.825000E-8	0.003841
2.830000E-8	0.003978
2.835000E-8	0.004016
2.840000E-8	0.003934
2.845000E-8	0.003641
2.850000E-8	0.003388
2.855000E-8	0.002991
2.860000E-8	0.002544
2.865000E-8	0.002128
2.870000E-8	0.001547
2.875000E-8	0.001100
2.880000E-8	0.000684
2.885000E-8	0.000453
2.890000E-8	0.000241
2.895000E-8	6.562500E-5
2.900000E-8	0.000150
2.905000E-8	0.000259
2.910000E-8	0.000519
2.915000E-8	0.000909
2.920000E-8	0.001206
2.925000E-8	0.001653
2.930000E-8	0.002038
2.935000E-8	0.002547
2.940000E-8	0.003000
2.945000E-8	0.003397
2.950000E-8	0.003669
2.955000E-8	0.003722
2.960000E-8	0.003834
2.965000E-8	0.003822
2.970000E-8	0.003666
2.975000E-8	0.003469
2.980000E-8	0.003031
2.985000E-8	0.002609
2.990000E-8	0.002166
2.995000E-8	0.001819
3.000000E-8	0.001472
3.005000E-8	0.000972
3.010000E-8	0.000606
3.015000E-8	0.000425
3.020000E-8	0.000263
3.025000E-8	0.000263
3.030000E-8	0.000331
3.035000E-8	0.000606
3.040000E-8	0.000784
3.045000E-8	0.001206
3.050000E-8	0.001641
3.055000E-8	0.001972
3.060000E-8	0.002472
3.065000E-8	0.002922
3.070000E-8	0.003216
3.075000E-8	0.003559
3.080000E-8	0.003744
3.085000E-8	0.003872
3.090000E-8	0.003856
3.095000E-8	0.003656
3.100000E-8	0.003381
3.105000E-8	0.003028
3.110000E-8	0.002578
3.115000E-8	0.002241
3.120000E-8	0.001747
3.125000E-8	0.001441
3.130000E-8	0.001022
3.135000E-8	0.000794
3.140000E-8	0.000528
3.145000E-8	0.000475
3.150000E-8	0.000484
3.155000E-8	0.000503
3.160000E-8	0.000644
3.165000E-8	0.000978
3.170000E-8	0.001266
3.175000E-8	0.001591
3.180000E-8	0.001988
3.185000E-8	0.002472
3.190000E-8	0.002869
3.195000E-8	0.003109
3.200000E-8	0.003272
3.205000E-8	0.003491
3.210000E-8	0.003672
3.215000E-8	0.003575
3.220000E-8	0.003500
3.225000E-8	0.003334
3.230000E-8	0.003081
3.235000E-8	0.002803
3.240000E-8	0.002453
3.245000E-8	0.002087
3.250000E-8	0.001713
3.255000E-8	0.001344
3.260000E-8	0.001147
3.265000E-8	0.000956
3.270000E-8	0.000744
3.275000E-8	0.000828
3.280000E-8	0.000769
3.285000E-8	0.000872
3.290000E-8	0.001003
3.295000E-8	0.001225
3.300000E-8	0.001519
3.305000E-8	0.001863
3.310000E-8	0.002209
3.315000E-8	0.002491
3.320000E-8	0.002844
3.325000E-8	0.003097
3.330000E-8	0.003294
3.335000E-8	0.003488
3.340000E-8	0.003659
3.345000E-8	0.003544
3.350000E-8	0.003497
3.355000E-8	0.003297
3.360000E-8	0.003094
3.365000E-8	0.002713
3.370000E-8	0.002297
3.375000E-8	0.001850
3.380000E-8	0.001347
3.385000E-8	0.000938
3.390000E-8	0.000669
3.395000E-8	0.000594
3.400000E-8	0.000456
3.405000E-8	0.000494
3.410000E-8	0.000778
3.415000E-8	0.000978
3.420000E-8	0.001203
3.425000E-8	0.001575
3.430000E-8	0.001903
3.435000E-8	0.002416
3.440000E-8	0.002619
3.445000E-8	0.002909
3.450000E-8	0.003200
3.455000E-8	0.003447
3.460000E-8	0.003478
3.465000E-8	0.003506
3.470000E-8	0.003431
3.475000E-8	0.003366
3.480000E-8	0.003159
3.485000E-8	0.002919
3.490000E-8	0.002638
3.495000E-8	0.002369
3.500000E-8	0.002087
3.505000E-8	0.001797
3.510000E-8	0.001478
3.515000E-8	0.001184
3.520000E-8	0.000997
3.525000E-8	0.000888
3.530000E-8	0.000900
3.535000E-8	0.000894
3.540000E-8	0.001072
3.545000E-8	0.001275
3.550000E-8	0.001538
3.555000E-8	0.002028
3.560000E-8	0.002359
3.565000E-8	0.002744
3.570000E-8	0.003059
3.575000E-8	0.003209
3.580000E-8	0.003356
3.585000E-8	0.003481
3.590000E-8	0.003363
3.595000E-8	0.003222
3.600000E-8	0.003106
3.605000E-8	0.002900
3.610000E-8	0.002678
3.615000E-8	0.002341
3.620000E-8	0.002012
3.625000E-8	0.001741
3.630000E-8	0.001384
3.635000E-8	0.001231
3.640000E-8	0.000938
3.645000E-8	0.000834
3.650000E-8	0.000725
3.655000E-8	0.000850
3.660000E-8	0.000916
3.665000E-8	0.001150
3.670000E-8	0.001422
3.675000E-8	0.001725
3.680000E-8	0.001928
3.685000E-8	0.002344
3.690000E-8	0.002672
3.695000E-8	0.002928
3.700000E-8	0.003075
3.705000E-8	0.003325
3.710000E-8	0.003363
3.715000E-8	0.003388
3.720000E-8	0.003500
3.725000E-8	0.003344
3.730000E-8	0.003053
3.735000E-8	0.002784
3.740000E-8	0.002587
3.745000E-8	0.002319
3.750000E-8	0.001881
3.755000E-8	0.001600
3.760000E-8	0.001325
3.765000E-8	0.001166
3.770000E-8	0.001144
3.775000E-8	0.001156
3.780000E-8	0.001225
3.785000E-8	0.001300
3.790000E-8	0.001612
3.795000E-8	0.001778
3.800000E-8	0.002025
3.805000E-8	0.002356
3.810000E-8	0.002688
3.815000E-8	0.002972
3.820000E-8	0.003200
3.825000E-8	0.003394
3.830000E-8	0.003450
3.835000E-8	0.003638
3.840000E-8	0.003506
3.845000E-8	0.003481
3.850000E-8	0.003388
3.855000E-8	0.003200
3.860000E-8	0.002941
3.865000E-8	0.002653
3.870000E-8	0.002281
3.875000E-8	0.001903
3.880000E-8	0.001669
3.885000E-8	0.001397
3.890000E-8	0.001184
3.895000E-8	0.000991
3.900000E-8	0.000888
3.905000E-8	0.001050
3.910000E-8	0.001191
3.915000E-8	0.001366
3.920000E-8	0.001450
3.925000E-8	0.001606
3.930000E-8	0.001953
3.935000E-8	0.002125
3.940000E-8	0.002391
3.945000E-8	0.002634
3.950000E-8	0.002828
3.955000E-8	0.003119
3.960000E-8	0.003181
3.965000E-8	0.003284
3.970000E-8	0.003334
3.975000E-8	0.003263
3.980000E-8	0.003113
3.985000E-8	0.002916
3.990000E-8	0.002603
3.995000E-8	0.002384
4.000000E-8	0.002000
4.005000E-8	0.001687
4.010000E-8	0.001450
4.015000E-8	0.001153
4.020000E-8	0.001050
4.025000E-8	0.000853
4.030000E-8	0.000819
4.035000E-8	0.000881
4.040000E-8	0.001091
4.045000E-8	0.001300
4.050000E-8	0.001544
4.055000E-8	0.001866
4.060000E-8	0.002131
4.065000E-8	0.002469
4.070000E-8	0.002700
4.075000E-8	0.003038
4.080000E-8	0.003181
4.085000E-8	0.003353
4.090000E-8	0.003328
4.095000E-8	0.003472
4.100000E-8	0.003272
4.105000E-8	0.003213
4.110000E-8	0.002959
4.115000E-8	0.002725
4.120000E-8	0.002378
4.125000E-8	0.002094
4.130000E-8	0.001838
4.135000E-8	0.001453
4.140000E-8	0.001203
4.145000E-8	0.001009
4.150000E-8	0.000975
4.155000E-8	0.000953
4.160000E-8	0.001019
4.165000E-8	0.001081
4.170000E-8	0.001391
4.175000E-8	0.001600
4.180000E-8	0.001766
4.185000E-8	0.002022
4.190000E-8	0.002231
4.195000E-8	0.002700
4.200000E-8	0.002797
4.205000E-8	0.002922
4.210000E-8	0.003069
4.215000E-8	0.003119
4.220000E-8	0.003084
4.225000E-8	0.002969
4.230000E-8	0.002956
4.235000E-8	0.002803
4.240000E-8	0.002669
4.245000E-8	0.002494
4.250000E-8	0.002284
4.255000E-8	0.001950
4.260000E-8	0.001700
4.265000E-8	0.001281
4.270000E-8	0.001116
4.275000E-8	0.000988
4.280000E-8	0.000791
4.285000E-8	0.000709
4.290000E-8	0.000744
4.295000E-8	0.001000
4.300000E-8	0.001150
4.305000E-8	0.001450
4.310000E-8	0.001778
4.315000E-8	0.002050
4.320000E-8	0.002294
4.325000E-8	0.002638
4.330000E-8	0.002775
4.335000E-8	0.002906
4.340000E-8	0.003156
4.345000E-8	0.003156
4.350000E-8	0.003134
4.355000E-8	0.003106
4.360000E-8	0.002922
4.365000E-8	0.002716
4.370000E-8	0.002512
4.375000E-8	0.002259
4.380000E-8	0.001831
4.385000E-8	0.001538
4.390000E-8	0.001397
4.395000E-8	0.001159
4.400000E-8	0.000878
4.405000E-8	0.000869
4.410000E-8	0.000881
4.415000E-8	0.000997
4.420000E-8	0.001122
4.425000E-8	0.001191
4.430000E-8	0.001459
4.435000E-8	0.001678
4.440000E-8	0.002025
4.445000E-8	0.002372
4.450000E-8	0.002566
4.455000E-8	0.002881
4.460000E-8	0.003063
4.465000E-8	0.003138
4.470000E-8	0.003125
4.475000E-8	0.003156
4.480000E-8	0.002966
4.485000E-8	0.002825
4.490000E-8	0.002534
4.495000E-8	0.002288
4.500000E-8	0.001969
4.505000E-8	0.001700
4.510000E-8	0.001506
4.515000E-8	0.001250
4.520000E-8	0.001025
4.525000E-8	0.000956
4.530000E-8	0.000900
4.535000E-8	0.000850
4.540000E-8	0.000928
4.545000E-8	0.001053
4.550000E-8	0.001284
4.555000E-8	0.001506
4.560000E-8	0.001828
4.565000E-8	0.002169
4.570000E-8	0.002484
4.575000E-8	0.002728
4.580000E-8	0.003000
4.585000E-8	0.003191
4.590000E-8	0.003256
4.595000E-8	0.003203
4.600000E-8	0.003081
4.605000E-8	0.002975
4.610000E-8	0.002722
4.615000E-8	0.002356
4.620000E-8	0.002087
4.625000E-8	0.001928
4.630000E-8	0.001684
4.635000E-8	0.001538
4.640000E-8	0.001422
4.645000E-8	0.001319
4.650000E-8	0.001166
4.655000E-8	0.001112
4.660000E-8	0.001288
4.665000E-8	0.001434
4.670000E-8	0.001519
4.675000E-8	0.001681
4.680000E-8	0.001794
4.685000E-8	0.001956
4.690000E-8	0.002275
4.695000E-8	0.002547
4.700000E-8	0.002625
4.705000E-8	0.002938
4.710000E-8	0.002994
4.715000E-8	0.003172
4.720000E-8	0.003116
4.725000E-8	0.003128
4.730000E-8	0.003063
4.735000E-8	0.003053
4.740000E-8	0.002838
4.745000E-8	0.002509
4.750000E-8	0.002256
4.755000E-8	0.002019
4.760000E-8	0.001881
4.765000E-8	0.001713
4.770000E-8	0.001547
4.775000E-8	0.001425
4.780000E-8	0.001303
4.785000E-8	0.001241
4.790000E-8	0.001325
4.795000E-8	0.001425
4.800000E-8	0.001572
4.805000E-8	0.001888
4.810000E-8	0.002078
4.815000E-8	0.002375
4.820000E-8	0.002466
4.825000E-8	0.002722
4.830000E-8	0.002866
4.835000E-8	0.003125
4.840000E-8	0.003038
4.845000E-8	0.003106
4.850000E-8	0.003128
4.855000E-8	0.002981
4.860000E-8	0.002900
4.865000E-8	0.002791
4.870000E-8	0.002578
4.875000E-8	0.002350
4.880000E-8	0.002178
4.885000E-8	0.001909
4.890000E-8	0.001731
4.895000E-8	0.001603
4.900000E-8	0.001547
4.905000E-8	0.001413
4.910000E-8	0.001350
4.915000E-8	0.001391
4.920000E-8	0.001378
4.925000E-8	0.001566
4.930000E-8	0.001706
4.935000E-8	0.001838
4.940000E-8	0.001988
4.945000E-8	0.002281
4.950000E-8	0.002456
4.955000E-8	0.002625
4.960000E-8	0.002763
4.965000E-8	0.002875
4.970000E-8	0.002931
4.975000E-8	0.002997
4.980000E-8	0.002984
4.985000E-8	0.002994
4.990000E-8	0.002772
4.995000E-8	0.002688
5.000000E-8	0.002497
5.005000E-8	0.002237
5.010000E-8	0.002091
5.015000E-8	0.001947
5.020000E-8	0.001784
5.025000E-8	0.001669
5.030000E-8	0.001541
5.035000E-8	0.001406
5.040000E-8	0.001428
5.045000E-8	0.001494
5.050000E-8	0.001494
5.055000E-8	0.001612
5.060000E-8	0.001819
5.065000E-8	0.002019
5.070000E-8	0.002166
5.075000E-8	0.002425
5.080000E-8	0.002547
5.085000E-8	0.002753
5.090000E-8	0.002903
5.095000E-8	0.003034
5.100000E-8	0.003066
5.105000E-8	0.003025
5.110000E-8	0.002994
5.115000E-8	0.002934
5.120000E-8	0.002716
5.125000E-8	0.002463
5.130000E-8	0.002353
5.135000E-8	0.002050
5.140000E-8	0.001684
5.145000E-8	0.001491
5.150000E-8	0.001378
5.155000E-8	0.001250
5.160000E-8	0.001150
5.165000E-8	0.001159
5.170000E-8	0.001419
5.175000E-8	0.001603
5.180000E-8	0.001800
5.185000E-8	0.002031
5.190000E-8	0.002150
5.195000E-8	0.002341
5.200000E-8	0.002516
5.205000E-8	0.002653
5.210000E-8	0.002778
5.215000E-8	0.002766
5.220000E-8	0.002731
5.225000E-8	0.002634
5.230000E-8	0.002691
5.235000E-8	0.002669
5.240000E-8	0.002422
5.245000E-8	0.002225
5.250000E-8	0.002116
5.255000E-8	0.001984
5.260000E-8	0.001719
5.265000E-8	0.001494
5.270000E-8	0.001291
5.275000E-8	0.001222
5.280000E-8	0.001116
5.285000E-8	0.001094
5.290000E-8	0.001131
5.295000E-8	0.001281
5.300000E-8	0.001522
5.305000E-8	0.001700
5.310000E-8	0.001966
5.315000E-8	0.002372
5.320000E-8	0.002478
5.325000E-8	0.002669
5.330000E-8	0.002800
5.335000E-8	0.003084
5.340000E-8	0.003150
5.345000E-8	0.003191
5.350000E-8	0.003141
5.355000E-8	0.002988
5.360000E-8	0.002784
5.365000E-8	0.002553
5.370000E-8	0.002569
5.375000E-8	0.002391
5.380000E-8	0.002231
5.385000E-8	0.001922
5.390000E-8	0.001653
5.395000E-8	0.001500
5.400000E-8	0.001447
5.405000E-8	0.001413
5.410000E-8	0.001275
5.415000E-8	0.001353
5.420000E-8	0.001434
5.425000E-8	0.001497
5.430000E-8	0.001756
5.435000E-8	0.001897
5.440000E-8	0.002087
5.445000E-8	0.002203
5.450000E-8	0.002425
5.455000E-8	0.002575
5.460000E-8	0.002825
5.465000E-8	0.002991
5.470000E-8	0.003053
5.475000E-8	0.003097
5.480000E-8	0.003012
5.485000E-8	0.003031
5.490000E-8	0.002828
5.495000E-8	0.002691
5.500000E-8	0.002366
5.505000E-8	0.002125
5.510000E-8	0.001875
5.515000E-8	0.001694
5.520000E-8	0.001522
5.525000E-8	0.001403
5.530000E-8	0.001278
5.535000E-8	0.001319
5.540000E-8	0.001250
5.545000E-8	0.001400
5.550000E-8	0.001478
5.555000E-8	0.001791
5.560000E-8	0.002000
5.565000E-8	0.002109
5.570000E-8	0.002341
5.575000E-8	0.002528
5.580000E-8	0.002591
5.585000E-8	0.002750
5.590000E-8	0.002809
5.595000E-8	0.002847
5.600000E-8	0.002850
5.605000E-8	0.002694
5.610000E-8	0.002603
5.615000E-8	0.002544
5.620000E-8	0.002378
5.625000E-8	0.002209
5.630000E-8	0.002172
5.635000E-8	0.001963
5.640000E-8	0.001850
5.645000E-8	0.001741
5.650000E-8	0.001556
5.655000E-8	0.001437
5.660000E-8	0.001456
5.665000E-8	0.001519
5.670000E-8	0.001541
5.675000E-8	0.001569
5.680000E-8	0.001703
5.685000E-8	0.001741
5.690000E-8	0.001850
5.695000E-8	0.002144
5.700000E-8	0.002325
5.705000E-8	0.002638
5.710000E-8	0.002856
5.715000E-8	0.002950
5.720000E-8	0.003056
5.725000E-8	0.003003
5.730000E-8	0.003044
5.735000E-8	0.002988
5.740000E-8	0.002847
5.745000E-8	0.002650
5.750000E-8	0.002509
5.755000E-8	0.002253
5.760000E-8	0.002044
5.765000E-8	0.001850
5.770000E-8	0.001600
5.775000E-8	0.001553
5.780000E-8	0.001544
5.785000E-8	0.001428
5.790000E-8	0.001372
5.795000E-8	0.001594
5.800000E-8	0.001653
5.805000E-8	0.001744
5.810000E-8	0.001794
5.815000E-8	0.001925
5.820000E-8	0.002091
5.825000E-8	0.002247
5.830000E-8	0.002341
5.835000E-8	0.002528
5.840000E-8	0.002756
5.845000E-8	0.002834
5.850000E-8	0.002859
5.855000E-8	0.002778
5.860000E-8	0.002691
5.865000E-8	0.002509
5.870000E-8	0.002394
5.875000E-8	0.002316
5.880000E-8	0.002044
5.885000E-8	0.002009
5.890000E-8	0.001791
5.895000E-8	0.001666
5.900000E-8	0.001509
5.905000E-8	0.001475
5.910000E-8	0.001369
5.915000E-8	0.001353
5.920000E-8	0.001356
5.925000E-8	0.001400
5.930000E-8	0.001531
5.935000E-8	0.001722
5.940000E-8	0.001844
5.945000E-8	0.002094
5.950000E-8	0.002313
5.955000E-8	0.002437
5.960000E-8	0.002553
5.965000E-8	0.002622
5.970000E-8	0.002688
5.975000E-8	0.002722
5.980000E-8	0.002747
5.985000E-8	0.002706
5.990000E-8	0.002681
5.995000E-8	0.002634
6.000000E-8	0.002525
6.005000E-8	0.002306
6.010000E-8	0.002091
6.015000E-8	0.002031
6.020000E-8	0.001925
6.025000E-8	0.001828
6.030000E-8	0.001772
6.035000E-8	0.001747
6.040000E-8	0.001594
6.045000E-8	0.001628
6.050000E-8	0.001631
6.055000E-8	0.001641
6.060000E-8	0.001734
6.065000E-8	0.001941
6.070000E-8	0.002087
6.075000E-8	0.002306
6.080000E-8	0.002441
6.085000E-8	0.002653
6.090000E-8	0.002694
6.095000E-8	0.002881
6.100000E-8	0.002934
6.105000E-8	0.002988
6.110000E-8	0.002884
6.115000E-8	0.002856
6.120000E-8	0.002722
6.125000E-8	0.002691
6.130000E-8	0.002581
6.135000E-8	0.002397
6.140000E-8	0.002219
6.145000E-8	0.002006
6.150000E-8	0.001797
6.155000E-8	0.001541
6.160000E-8	0.001478
6.165000E-8	0.001425
6.170000E-8	0.001309
6.175000E-8	0.001294
6.180000E-8	0.001163
6.185000E-8	0.001269
6.190000E-8	0.001328
6.195000E-8	0.001591
6.200000E-8	0.001675
6.205000E-8	0.001866
6.210000E-8	0.002012
6.215000E-8	0.002150
6.220000E-8	0.002341
6.225000E-8	0.002484
6.230000E-8	0.002538
6.235000E-8	0.002509
6.240000E-8	0.002581
6.245000E-8	0.002503
6.250000E-8	0.002388
6.255000E-8	0.002131
6.260000E-8	0.001950
6.265000E-8	0.001806
6.270000E-8	0.001638
6.275000E-8	0.001584
6.280000E-8	0.001484
6.285000E-8	0.001431
6.290000E-8	0.001375
6.295000E-8	0.001478
6.300000E-8	0.001612
6.305000E-8	0.001741
6.310000E-8	0.001931
6.315000E-8	0.002063
6.320000E-8	0.002222
6.325000E-8	0.002416
6.330000E-8	0.002497
6.335000E-8	0.002559
6.340000E-8	0.002594
6.345000E-8	0.002603
6.350000E-8	0.002662
6.355000E-8	0.002662
6.360000E-8	0.002550
6.365000E-8	0.002556
6.370000E-8	0.002528
6.375000E-8	0.002281
6.380000E-8	0.002231
6.385000E-8	0.002175
6.390000E-8	0.002106
6.395000E-8	0.001931
6.400000E-8	0.001825
6.405000E-8	0.001825
6.410000E-8	0.001822
6.415000E-8	0.001863
6.420000E-8	0.001803
6.425000E-8	0.001847
6.430000E-8	0.001834
6.435000E-8	0.002106
6.440000E-8	0.002169
6.445000E-8	0.002241
6.450000E-8	0.002378
6.455000E-8	0.002528
6.460000E-8	0.002512
6.465000E-8	0.002569
6.470000E-8	0.002469
6.475000E-8	0.002481
6.480000E-8	0.002484
6.485000E-8	0.002431
6.490000E-8	0.002428
6.495000E-8	0.002356
6.500000E-8	0.002241
6.505000E-8	0.002103
6.510000E-8	0.002131
6.515000E-8	0.002069
6.520000E-8	0.001803
6.525000E-8	0.001781
6.530000E-8	0.001753
6.535000E-8	0.001609
6.540000E-8	0.001444
6.545000E-8	0.001494
6.550000E-8	0.001600
6.555000E-8	0.001559
6.560000E-8	0.001628
6.565000E-8	0.001722
6.570000E-8	0.001866
6.575000E-8	0.002084
6.580000E-8	0.002244
6.585000E-8	0.002384
6.590000E-8	0.002422
6.595000E-8	0.002622
6.600000E-8	0.002516
6.605000E-8	0.002463
6.610000E-8	0.002366
6.615000E-8	0.002209
6.620000E-8	0.002097
6.625000E-8	0.002047
6.630000E-8	0.001925
6.635000E-8	0.001838
6.640000E-8	0.001731
6.645000E-8	0.001713
6.650000E-8	0.001597
6.655000E-8	0.001603
6.660000E-8	0.001497
6.665000E-8	0.001484
6.670000E-8	0.001503
6.675000E-8	0.001513
6.680000E-8	0.001619
6.685000E-8	0.001678
6.690000E-8	0.001772
6.695000E-8	0.001928
6.700000E-8	0.001959
6.705000E-8	0.002094
6.710000E-8	0.002297
6.715000E-8	0.002309
6.720000E-8	0.002281
6.725000E-8	0.002375
6.730000E-8	0.002422
6.735000E-8	0.002306
6.740000E-8	0.002300
6.745000E-8	0.002150
6.750000E-8	0.002141
6.755000E-8	0.002006
6.760000E-8	0.001956
6.765000E-8	0.001778
6.770000E-8	0.001703
6.775000E-8	0.001669
6.780000E-8	0.001503
6.785000E-8	0.001431
6.790000E-8	0.001516
6.795000E-8	0.001534
6.800000E-8	0.001600
6.805000E-8	0.001819
6.810000E-8	0.001888
6.815000E-8	0.001947
6.820000E-8	0.002066
6.825000E-8	0.002234
6.830000E-8	0.002359
6.835000E-8	0.002431
6.840000E-8	0.002444
6.845000E-8	0.002616
6.850000E-8	0.002500
6.855000E-8	0.002444
6.860000E-8	0.002500
6.865000E-8	0.002400
6.870000E-8	0.002209
6.875000E-8	0.002078
6.880000E-8	0.002056
6.885000E-8	0.001834
6.890000E-8	0.001791
6.895000E-8	0.001653
6.900000E-8	0.001572
6.905000E-8	0.001469
6.910000E-8	0.001397
6.915000E-8	0.001475
6.920000E-8	0.001494
6.925000E-8	0.001547
6.930000E-8	0.001666
6.935000E-8	0.001869
6.940000E-8	0.001819
6.945000E-8	0.002103
6.950000E-8	0.002138
6.955000E-8	0.002222
6.960000E-8	0.002372
6.965000E-8	0.002516
6.970000E-8	0.002644
6.975000E-8	0.002669
6.980000E-8	0.002644
6.985000E-8	0.002625
6.990000E-8	0.002575
6.995000E-8	0.002591
7.000000E-8	0.002528
7.005000E-8	0.002484
7.010000E-8	0.002316
7.015000E-8	0.002306
7.020000E-8	0.002128
7.025000E-8	0.002028
7.030000E-8	0.001906
7.035000E-8	0.001841
7.040000E-8	0.001800
7.045000E-8	0.001803
7.050000E-8	0.001700
7.055000E-8	0.001797
7.060000E-8	0.001900
7.065000E-8	0.001956
7.070000E-8	0.002125
7.075000E-8	0.002200
7.080000E-8	0.002200
7.085000E-8	0.002288
7.090000E-8	0.002425
7.095000E-8	0.002488
7.100000E-8	0.002488
7.105000E-8	0.002659
7.110000E-8	0.002681
7.115000E-8	0.002731
7.120000E-8	0.002703
7.125000E-8	0.002688
7.130000E-8	0.002434
7.135000E-8	0.002397
7.140000E-8	0.002222
7.145000E-8	0.002109
7.150000E-8	0.001966
7.155000E-8	0.001859
7.160000E-8	0.001888
7.165000E-8	0.001747
7.170000E-8	0.001797
7.175000E-8	0.001913
7.180000E-8	0.001947
7.185000E-8	0.002066
7.190000E-8	0.002188
7.195000E-8	0.002237
7.200000E-8	0.002178
7.205000E-8	0.002241
7.210000E-8	0.002122
7.215000E-8	0.002141
7.220000E-8	0.002169
7.225000E-8	0.002350
7.230000E-8	0.002512
7.235000E-8	0.002550
7.240000E-8	0.002644
7.245000E-8	0.002584
7.250000E-8	0.002622
7.255000E-8	0.002713
7.260000E-8	0.002625
7.265000E-8	0.002500
7.270000E-8	0.002338
7.275000E-8	0.002181
7.280000E-8	0.002072
7.285000E-8	0.002075
7.290000E-8	0.001850
7.295000E-8	0.001734
7.300000E-8	0.001659
7.305000E-8	0.001725
7.310000E-8	0.001775
7.315000E-8	0.001831
7.320000E-8	0.001794
7.325000E-8	0.001984
7.330000E-8	0.002050
7.335000E-8	0.002247
7.340000E-8	0.002313
7.345000E-8	0.002497
7.350000E-8	0.002737
7.355000E-8	0.002866
7.360000E-8	0.002994
7.365000E-8	0.002888
7.370000E-8	0.002788
7.375000E-8	0.002656
7.380000E-8	0.002497
7.385000E-8	0.002306
7.390000E-8	0.002094
7.395000E-8	0.001916
7.400000E-8	0.001728
7.405000E-8	0.001588
7.410000E-8	0.001491
7.415000E-8	0.001544
7.420000E-8	0.001531
7.425000E-8	0.001584
7.430000E-8	0.001694
7.435000E-8	0.001797
7.440000E-8	0.001900
7.445000E-8	0.001953
7.450000E-8	0.002122
7.455000E-8	0.002216
7.460000E-8	0.002269
7.465000E-8	0.002297
7.470000E-8	0.002388
7.475000E-8	0.002553
7.480000E-8	0.002466
7.485000E-8	0.002375
7.490000E-8	0.002394
7.495000E-8	0.002456
7.500000E-8	0.002247
7.505000E-8	0.002338
7.510000E-8	0.002194
7.515000E-8	0.002150
7.520000E-8	0.002116
7.525000E-8	0.001928
7.530000E-8	0.001872
7.535000E-8	0.001731
7.540000E-8	0.001741
7.545000E-8	0.001725
7.550000E-8	0.001788
7.555000E-8	0.001841
7.560000E-8	0.001931
7.565000E-8	0.002087
7.570000E-8	0.002200
7.575000E-8	0.002294
7.580000E-8	0.002413
7.585000E-8	0.002503
7.590000E-8	0.002600
7.595000E-8	0.002591
7.600000E-8	0.002459
7.605000E-8	0.002512
7.610000E-8	0.002528
7.615000E-8	0.002494
7.620000E-8	0.002422
7.625000E-8	0.002378
7.630000E-8	0.002237
7.635000E-8	0.002184
7.640000E-8	0.002131
7.645000E-8	0.001988
7.650000E-8	0.001878
7.655000E-8	0.001741
7.660000E-8	0.001581
7.665000E-8	0.001606
7.670000E-8	0.001600
7.675000E-8	0.001588
7.680000E-8	0.001756
7.685000E-8	0.001819
7.690000E-8	0.001869
7.695000E-8	0.002044
7.700000E-8	0.002103
7.705000E-8	0.002297
7.710000E-8	0.002259
7.715000E-8	0.002366
7.720000E-8	0.002275
7.725000E-8	0.002272
7.730000E-8	0.002322
7.735000E-8	0.002434
7.740000E-8	0.002425
7.745000E-8	0.002359
7.750000E-8	0.002209
7.755000E-8	0.002175
7.760000E-8	0.002066
7.765000E-8	0.001934
7.770000E-8	0.002025
7.775000E-8	0.001981
7.780000E-8	0.001963
7.785000E-8	0.001972
7.790000E-8	0.001900
7.795000E-8	0.002000
7.800000E-8	0.002028
7.805000E-8	0.002094
7.810000E-8	0.002247
7.815000E-8	0.002306
7.820000E-8	0.002213
7.825000E-8	0.002347
7.830000E-8	0.002459
7.835000E-8	0.002400
7.840000E-8	0.002422
7.845000E-8	0.002478
7.850000E-8	0.002366
7.855000E-8	0.002269
7.860000E-8	0.002259
7.865000E-8	0.002225
7.870000E-8	0.002156
7.875000E-8	0.002125
7.880000E-8	0.002056
7.885000E-8	0.002159
7.890000E-8	0.002162
7.895000E-8	0.002103
7.900000E-8	0.002031
7.905000E-8	0.002091
7.910000E-8	0.002038
7.915000E-8	0.002050
7.920000E-8	0.001922
7.925000E-8	0.001856
7.930000E-8	0.001850
7.935000E-8	0.001875
7.940000E-8	0.001844
7.945000E-8	0.001931
7.950000E-8	0.002019
7.955000E-8	0.002250
7.960000E-8	0.002331
7.965000E-8	0.002472
7.970000E-8	0.002534
7.975000E-8	0.002531
7.980000E-8	0.002550
7.985000E-8	0.002572
7.990000E-8	0.002447
7.995000E-8	0.002263
8.000000E-8	0.002253
8.005000E-8	0.002275
8.010000E-8	0.002166
8.015000E-8	0.002044
8.020000E-8	0.001966
8.025000E-8	0.001984
8.030000E-8	0.001775
8.035000E-8	0.001863
8.040000E-8	0.001925
8.045000E-8	0.002009
8.050000E-8	0.002075
8.055000E-8	0.002116
8.060000E-8	0.002181
8.065000E-8	0.002291
8.070000E-8	0.002331
8.075000E-8	0.002297
8.080000E-8	0.002344
8.085000E-8	0.002525
8.090000E-8	0.002509
8.095000E-8	0.002437
8.100000E-8	0.002459
8.105000E-8	0.002378
8.110000E-8	0.002272
8.115000E-8	0.002334
8.120000E-8	0.002263
8.125000E-8	0.002219
8.130000E-8	0.002147
8.135000E-8	0.002231
8.140000E-8	0.002116
8.145000E-8	0.002066
8.150000E-8	0.001931
8.155000E-8	0.001900
8.160000E-8	0.001772
8.165000E-8	0.001838
8.170000E-8	0.001728
8.175000E-8	0.001716
8.180000E-8	0.001794
8.185000E-8	0.001809
8.190000E-8	0.001784
8.195000E-8	0.001953
8.200000E-8	0.002006
8.205000E-8	0.002181
8.210000E-8	0.002162
8.215000E-8	0.002253
8.220000E-8	0.002328
8.225000E-8	0.002378
8.230000E-8	0.002325
8.235000E-8	0.002319
8.240000E-8	0.002231
8.245000E-8	0.002222
8.250000E-8	0.002172
8.255000E-8	0.002122
8.260000E-8	0.002081
8.265000E-8	0.002000
8.270000E-8	0.002053
8.275000E-8	0.001972
8.280000E-8	0.001863
8.285000E-8	0.001866
8.290000E-8	0.001869
8.295000E-8	0.001866
8.300000E-8	0.001863
8.305000E-8	0.001988
8.310000E-8	0.002028
8.315000E-8	0.002106
8.320000E-8	0.002159
8.325000E-8	0.002228
8.330000E-8	0.002325
8.335000E-8	0.002303
8.340000E-8	0.002309
8.345000E-8	0.002450
8.350000E-8	0.002475
8.355000E-8	0.002478
8.360000E-8	0.002369
8.365000E-8	0.002341
8.370000E-8	0.002416
8.375000E-8	0.002456
8.380000E-8	0.002328
8.385000E-8	0.002422
8.390000E-8	0.002347
8.395000E-8	0.002381
8.400000E-8	0.002369
8.405000E-8	0.002284
8.410000E-8	0.002253
8.415000E-8	0.002194
8.420000E-8	0.002169
8.425000E-8	0.002191
8.430000E-8	0.002200
8.435000E-8	0.002138
8.440000E-8	0.002087
8.445000E-8	0.002109
8.450000E-8	0.002250
8.455000E-8	0.002278
8.460000E-8	0.002244
8.465000E-8	0.002159
8.470000E-8	0.002225
8.475000E-8	0.002363
8.480000E-8	0.002303
8.485000E-8	0.002475
8.490000E-8	0.002428
8.495000E-8	0.002300
8.500000E-8	0.002328
8.505000E-8	0.002456
8.510000E-8	0.002275
8.515000E-8	0.002197
8.520000E-8	0.002087
8.525000E-8	0.002038
8.530000E-8	0.001922
8.535000E-8	0.001794
8.540000E-8	0.001706
8.545000E-8	0.001766
8.550000E-8	0.001725
8.555000E-8	0.001828
8.560000E-8	0.001734
8.565000E-8	0.001972
8.570000E-8	0.002053
8.575000E-8	0.002213
8.580000E-8	0.002194
8.585000E-8	0.002188
8.590000E-8	0.002197
8.595000E-8	0.002216
8.600000E-8	0.002162
8.605000E-8	0.002219
8.610000E-8	0.002200
8.615000E-8	0.002225
8.620000E-8	0.002237
8.625000E-8	0.002225
8.630000E-8	0.002216
8.635000E-8	0.002141
8.640000E-8	0.001956
8.645000E-8	0.001906
8.650000E-8	0.001881
8.655000E-8	0.001813
8.660000E-8	0.001731
8.665000E-8	0.001772
8.670000E-8	0.001659
8.675000E-8	0.001722
8.680000E-8	0.001647
8.685000E-8	0.001728
8.690000E-8	0.001891
8.695000E-8	0.001988
8.700000E-8	0.002050
8.705000E-8	0.002162
8.710000E-8	0.002341
8.715000E-8	0.002428
8.720000E-8	0.002484
8.725000E-8	0.002559
8.730000E-8	0.002437
8.735000E-8	0.002594
8.740000E-8	0.002466
8.745000E-8	0.002494
8.750000E-8	0.002494
8.755000E-8	0.002481
8.760000E-8	0.002447
8.765000E-8	0.002453
8.770000E-8	0.002156
8.775000E-8	0.002166
8.780000E-8	0.002016
8.785000E-8	0.001950
8.790000E-8	0.001816
8.795000E-8	0.001609
8.800000E-8	0.001628
8.805000E-8	0.001653
8.810000E-8	0.001672
8.815000E-8	0.001750
8.820000E-8	0.001784
8.825000E-8	0.002019
8.830000E-8	0.002169
8.835000E-8	0.002272
8.840000E-8	0.002484
8.845000E-8	0.002519
8.850000E-8	0.002650
8.855000E-8	0.002634
8.860000E-8	0.002566
8.865000E-8	0.002553
8.870000E-8	0.002478
8.875000E-8	0.002328
8.880000E-8	0.002234
8.885000E-8	0.002050
8.890000E-8	0.002144
8.895000E-8	0.001994
8.900000E-8	0.001916
8.905000E-8	0.001825
8.910000E-8	0.001869
8.915000E-8	0.001953
8.920000E-8	0.001894
8.925000E-8	0.001928
8.930000E-8	0.001991
8.935000E-8	0.001925
8.940000E-8	0.001734
8.945000E-8	0.001825
8.950000E-8	0.001872
8.955000E-8	0.001931
8.960000E-8	0.002034
8.965000E-8	0.002050
8.970000E-8	0.002153
8.975000E-8	0.002162
8.980000E-8	0.002206
8.985000E-8	0.002341
8.990000E-8	0.002334
8.995000E-8	0.002266
9.000000E-8	0.002288
9.005000E-8	0.002200
9.010000E-8	0.002188
9.015000E-8	0.002119
9.020000E-8	0.002012
9.025000E-8	0.001972
9.030000E-8	0.001975
9.035000E-8	0.001984
9.040000E-8	0.002012
9.045000E-8	0.002119
9.050000E-8	0.002159
9.055000E-8	0.002097
9.060000E-8	0.002091
9.065000E-8	0.002084
9.070000E-8	0.002059
9.075000E-8	0.002169
9.080000E-8	0.002122
9.085000E-8	0.002188
9.090000E-8	0.002184
9.095000E-8	0.002306
9.100000E-8	0.002309
9.105000E-8	0.002384
9.110000E-8	0.002306
9.115000E-8	0.002428
9.120000E-8	0.002406
9.125000E-8	0.002459
9.130000E-8	0.002403
9.135000E-8	0.002288
9.140000E-8	0.002172
9.145000E-8	0.002134
9.150000E-8	0.002075
9.155000E-8	0.002050
9.160000E-8	0.001916
9.165000E-8	0.001928
9.170000E-8	0.001944
9.175000E-8	0.002025
9.180000E-8	0.001994
9.185000E-8	0.001981
9.190000E-8	0.002041
9.195000E-8	0.002069
9.200000E-8	0.002087
9.205000E-8	0.002000
9.210000E-8	0.002075
9.215000E-8	0.002034
9.220000E-8	0.002044
9.225000E-8	0.002091
9.230000E-8	0.002122
9.235000E-8	0.002147
9.240000E-8	0.002078
9.245000E-8	0.002116
9.250000E-8	0.002116
9.255000E-8	0.002184
9.260000E-8	0.002141
9.265000E-8	0.002150
9.270000E-8	0.002087
9.275000E-8	0.002087
9.280000E-8	0.002053
9.285000E-8	0.002172
9.290000E-8	0.002019
9.295000E-8	0.002022
9.300000E-8	0.002097
9.305000E-8	0.002034
9.310000E-8	0.002138
9.315000E-8	0.002144
9.320000E-8	0.002138
9.325000E-8	0.002184
9.330000E-8	0.002153
9.335000E-8	0.002225
9.340000E-8	0.002162
9.345000E-8	0.002209
9.350000E-8	0.002294
9.355000E-8	0.002347
9.360000E-8	0.002366
9.365000E-8	0.002322
9.370000E-8	0.002338
9.375000E-8	0.002381
9.380000E-8	0.002294
9.385000E-8	0.002253
9.390000E-8	0.002156
9.395000E-8	0.002128
9.400000E-8	0.002056
9.405000E-8	0.001956
9.410000E-8	0.001850
9.415000E-8	0.001759
9.420000E-8	0.001728
9.425000E-8	0.001669
9.430000E-8	0.001738
9.435000E-8	0.001606
9.440000E-8	0.001606
9.445000E-8	0.001634
9.450000E-8	0.001606
9.455000E-8	0.001856
9.460000E-8	0.001919
9.465000E-8	0.002006
9.470000E-8	0.002106
9.475000E-8	0.002328
9.480000E-8	0.002409
9.485000E-8	0.002559
9.490000E-8	0.002578
9.495000E-8	0.002569
9.500000E-8	0.002506
9.505000E-8	0.002547
9.510000E-8	0.002425
9.515000E-8	0.002372
9.520000E-8	0.002119
9.525000E-8	0.002100
9.530000E-8	0.002153
9.535000E-8	0.002078
9.540000E-8	0.001937
9.545000E-8	0.001881
9.550000E-8	0.001803
9.555000E-8	0.001838
9.560000E-8	0.001916
9.565000E-8	0.001947
9.570000E-8	0.002106
9.575000E-8	0.002172
9.580000E-8	0.002012
9.585000E-8	0.002119
9.590000E-8	0.002119
9.595000E-8	0.002175
9.600000E-8	0.002147
9.605000E-8	0.002116
9.610000E-8	0.002188
9.615000E-8	0.002253
9.620000E-8	0.002256
9.625000E-8	0.002234
9.630000E-8	0.002313
9.635000E-8	0.002231
9.640000E-8	0.002122
9.645000E-8	0.002159
9.650000E-8	0.002119
9.655000E-8	0.002156
9.660000E-8	0.002081
9.665000E-8	0.002044
9.670000E-8	0.002097
9.675000E-8	0.001963
9.680000E-8	0.001934
9.685000E-8	0.002006
9.690000E-8	0.002019
9.695000E-8	0.001966
9.700000E-8	0.002044
9.705000E-8	0.002000
9.710000E-8	0.002000
9.715000E-8	0.001975
9.720000E-8	0.001916
9.725000E-8	0.001963
9.730000E-8	0.001975
9.735000E-8	0.002006
9.740000E-8	0.002019
9.745000E-8	0.002019
9.750000E-8	0.001988
9.755000E-8	0.002066
9.760000E-8	0.002006
9.765000E-8	0.001913
9.770000E-8	0.001950
9.775000E-8	0.001959
9.780000E-8	0.001903
9.785000E-8	0.001878
9.790000E-8	0.001937
9.795000E-8	0.001994
9.800000E-8	0.001900
9.805000E-8	0.002006
9.810000E-8	0.001966
9.815000E-8	0.001937
9.820000E-8	0.001975
9.825000E-8	0.002041
9.830000E-8	0.002066
9.835000E-8	0.002191
9.840000E-8	0.002181
9.845000E-8	0.002256
9.850000E-8	0.002209
9.855000E-8	0.002166
9.860000E-8	0.002122
9.865000E-8	0.002025
9.870000E-8	0.001900
9.875000E-8	0.001978
9.880000E-8	0.001853
9.885000E-8	0.001859
9.890000E-8	0.001828
9.895000E-8	0.001847
9.900000E-8	0.001944
9.905000E-8	0.001981
9.910000E-8	0.002153
9.915000E-8	0.002203
9.920000E-8	0.002206
9.925000E-8	0.002188
9.930000E-8	0.002103
9.935000E-8	0.002125
9.940000E-8	0.002006
9.945000E-8	0.001956
9.950000E-8	0.001813
9.955000E-8	0.001719
9.960000E-8	0.001828
9.965000E-8	0.001713
9.970000E-8	0.001741
9.975000E-8	0.001753
9.980000E-8	0.001791
9.985000E-8	0.001978
9.990000E-8	0.002053
9.995000E-8	0.002063
