LabVIEW Measurement	
Writer_Version	2
Reader_Version	2
Separator	Tab
Decimal_Separator	.
Multi_Headings	No
X_Columns	Multi
Time_Pref	Relative
Operator	TG lab
Date	2015/03/06
Time	19:31:50.9009661674499511719
***End_of_Header***	
	
Channels	1	
Samples	2000	
Date	1903/12/31	
Time	19:00:00	
X_Dimension	Time	
X0	0.0000000000000000E+0	
Delta_X	5.000000E-11	
***End_of_Header***		
X_Value	Untitled	Comment
0.000000	0.003300
5.000000E-11	0.003328
1.000000E-10	0.003238
1.500000E-10	0.003234
2.000000E-10	0.003225
2.500000E-10	0.003222
3.000000E-10	0.003250
3.500000E-10	0.003297
4.000000E-10	0.003272
4.500000E-10	0.003278
5.000000E-10	0.003238
5.500000E-10	0.003272
6.000000E-10	0.003213
6.500000E-10	0.003162
7.000000E-10	0.003069
7.500000E-10	0.003050
8.000000E-10	0.003100
8.500000E-10	0.003056
9.000000E-10	0.003081
9.500000E-10	0.003034
1.000000E-9	0.003091
1.050000E-9	0.003206
1.100000E-9	0.003184
1.150000E-9	0.003275
1.200000E-9	0.003222
1.250000E-9	0.003150
1.300000E-9	0.003078
1.350000E-9	0.002984
1.400000E-9	0.003078
1.450000E-9	0.003103
1.500000E-9	0.003059
1.550000E-9	0.003012
1.600000E-9	0.002925
1.650000E-9	0.002900
1.700000E-9	0.002778
1.750000E-9	0.002831
1.800000E-9	0.002778
1.850000E-9	0.002778
1.900000E-9	0.002819
1.950000E-9	0.002800
2.000000E-9	0.002931
2.050000E-9	0.002988
2.100000E-9	0.003106
2.150000E-9	0.003200
2.200000E-9	0.003297
2.250000E-9	0.003306
2.300000E-9	0.003272
2.350000E-9	0.003244
2.400000E-9	0.003194
2.450000E-9	0.003178
2.500000E-9	0.003006
2.550000E-9	0.002872
2.600000E-9	0.002728
2.650000E-9	0.002688
2.700000E-9	0.002638
2.750000E-9	0.002575
2.800000E-9	0.002419
2.850000E-9	0.002463
2.900000E-9	0.002512
2.950000E-9	0.002494
3.000000E-9	0.002453
3.050000E-9	0.002456
3.100000E-9	0.002603
3.150000E-9	0.002709
3.200000E-9	0.002622
3.250000E-9	0.002597
3.300000E-9	0.002609
3.350000E-9	0.002512
3.400000E-9	0.002578
3.450000E-9	0.002431
3.500000E-9	0.002294
3.550000E-9	0.002194
3.600000E-9	0.002231
3.650000E-9	0.002128
3.700000E-9	0.002000
3.750000E-9	0.002009
3.800000E-9	0.002028
3.850000E-9	0.002047
3.900000E-9	0.002053
3.950000E-9	0.002156
4.000000E-9	0.002153
4.050000E-9	0.002172
4.100000E-9	0.002197
4.150000E-9	0.002213
4.200000E-9	0.002103
4.250000E-9	0.002063
4.300000E-9	0.001884
4.350000E-9	0.001716
4.400000E-9	0.001500
4.450000E-9	0.001472
4.500000E-9	0.001256
4.550000E-9	0.001006
4.600000E-9	0.000784
4.650000E-9	0.000537
4.700000E-9	7.812500E-5
4.750000E-9	-0.000341
4.800000E-9	-0.000863
4.850000E-9	-0.001759
4.900000E-9	-0.002931
4.950000E-9	-0.004497
5.000000E-9	-0.006088
5.050000E-9	-0.008109
5.100000E-9	-0.010503
5.150000E-9	-0.012800
5.200000E-9	-0.015456
5.250000E-9	-0.018041
5.300000E-9	-0.020481
5.350000E-9	-0.022734
5.400000E-9	-0.024806
5.450000E-9	-0.026456
5.500000E-9	-0.027813
5.550000E-9	-0.028872
5.600000E-9	-0.029622
5.650000E-9	-0.029947
5.700000E-9	-0.029978
5.750000E-9	-0.029603
5.800000E-9	-0.028872
5.850000E-9	-0.027738
5.900000E-9	-0.026444
5.950000E-9	-0.024913
6.000000E-9	-0.023122
6.050000E-9	-0.021353
6.100000E-9	-0.019513
6.150000E-9	-0.017853
6.200000E-9	-0.016384
6.250000E-9	-0.015325
6.300000E-9	-0.014653
6.350000E-9	-0.014406
6.400000E-9	-0.014566
6.450000E-9	-0.014984
6.500000E-9	-0.015794
6.550000E-9	-0.016534
6.600000E-9	-0.017372
6.650000E-9	-0.018281
6.700000E-9	-0.019003
6.750000E-9	-0.019444
6.800000E-9	-0.019903
6.850000E-9	-0.020025
6.900000E-9	-0.020019
6.950000E-9	-0.019684
7.000000E-9	-0.019256
7.050000E-9	-0.018337
7.100000E-9	-0.017494
7.150000E-9	-0.016334
7.200000E-9	-0.015137
7.250000E-9	-0.013713
7.300000E-9	-0.012284
7.350000E-9	-0.011009
7.400000E-9	-0.009628
7.450000E-9	-0.008516
7.500000E-9	-0.007528
7.550000E-9	-0.006916
7.600000E-9	-0.006659
7.650000E-9	-0.006563
7.700000E-9	-0.006738
7.750000E-9	-0.007238
7.800000E-9	-0.007869
7.850000E-9	-0.008844
7.900000E-9	-0.009775
7.950000E-9	-0.010753
8.000000E-9	-0.011650
8.050000E-9	-0.012450
8.100000E-9	-0.013025
8.150000E-9	-0.013159
8.200000E-9	-0.013244
8.250000E-9	-0.012844
8.300000E-9	-0.012122
8.350000E-9	-0.011147
8.400000E-9	-0.010094
8.450000E-9	-0.008887
8.500000E-9	-0.007550
8.550000E-9	-0.006200
8.600000E-9	-0.004988
8.650000E-9	-0.003813
8.700000E-9	-0.002972
8.750000E-9	-0.002247
8.800000E-9	-0.001894
8.850000E-9	-0.001669
8.900000E-9	-0.001813
8.950000E-9	-0.002206
9.000000E-9	-0.002834
9.050000E-9	-0.003544
9.100000E-9	-0.004453
9.150000E-9	-0.005375
9.200000E-9	-0.006441
9.250000E-9	-0.007306
9.300000E-9	-0.008131
9.350000E-9	-0.008769
9.400000E-9	-0.009181
9.450000E-9	-0.009256
9.500000E-9	-0.009216
9.550000E-9	-0.008831
9.600000E-9	-0.008059
9.650000E-9	-0.007091
9.700000E-9	-0.006038
9.750000E-9	-0.004847
9.800000E-9	-0.003675
9.850000E-9	-0.002341
9.900000E-9	-0.001184
9.950000E-9	-0.000266
1.000000E-8	0.000522
1.005000E-8	0.001094
1.010000E-8	0.001338
1.015000E-8	0.001362
1.020000E-8	0.000984
1.025000E-8	0.000522
1.030000E-8	-0.000403
1.035000E-8	-0.001484
1.040000E-8	-0.002519
1.045000E-8	-0.003684
1.050000E-8	-0.004822
1.055000E-8	-0.005641
1.060000E-8	-0.006366
1.065000E-8	-0.006709
1.070000E-8	-0.007031
1.075000E-8	-0.006884
1.080000E-8	-0.006450
1.085000E-8	-0.005812
1.090000E-8	-0.004959
1.095000E-8	-0.003888
1.100000E-8	-0.002575
1.105000E-8	-0.001437
1.110000E-8	-0.000206
1.115000E-8	0.001028
1.120000E-8	0.002022
1.125000E-8	0.002659
1.130000E-8	0.003203
1.135000E-8	0.003372
1.140000E-8	0.003322
1.145000E-8	0.002847
1.150000E-8	0.002156
1.155000E-8	0.001306
1.160000E-8	0.000291
1.165000E-8	-0.000841
1.170000E-8	-0.002075
1.175000E-8	-0.003003
1.180000E-8	-0.003938
1.185000E-8	-0.004650
1.190000E-8	-0.005122
1.195000E-8	-0.005434
1.200000E-8	-0.005497
1.205000E-8	-0.005159
1.210000E-8	-0.004631
1.215000E-8	-0.003869
1.220000E-8	-0.002772
1.225000E-8	-0.001594
1.230000E-8	-0.000344
1.235000E-8	0.000875
1.240000E-8	0.001944
1.245000E-8	0.002988
1.250000E-8	0.003794
1.255000E-8	0.004363
1.260000E-8	0.004594
1.265000E-8	0.004522
1.270000E-8	0.003950
1.275000E-8	0.003422
1.280000E-8	0.002541
1.285000E-8	0.001609
1.290000E-8	0.000391
1.295000E-8	-0.000625
1.300000E-8	-0.001566
1.305000E-8	-0.002516
1.310000E-8	-0.003206
1.315000E-8	-0.003663
1.320000E-8	-0.003903
1.325000E-8	-0.003681
1.330000E-8	-0.003434
1.335000E-8	-0.002750
1.340000E-8	-0.001966
1.345000E-8	-0.000872
1.350000E-8	0.000259
1.355000E-8	0.001338
1.360000E-8	0.002453
1.365000E-8	0.003503
1.370000E-8	0.004372
1.375000E-8	0.005197
1.380000E-8	0.005516
1.385000E-8	0.005700
1.390000E-8	0.005516
1.395000E-8	0.004978
1.400000E-8	0.004112
1.405000E-8	0.003344
1.410000E-8	0.002281
1.415000E-8	0.001247
1.420000E-8	0.000166
1.425000E-8	-0.000747
1.430000E-8	-0.001559
1.435000E-8	-0.002250
1.440000E-8	-0.002572
1.445000E-8	-0.002784
1.450000E-8	-0.002766
1.455000E-8	-0.002394
1.460000E-8	-0.001756
1.465000E-8	-0.001091
1.470000E-8	-0.000297
1.475000E-8	0.000641
1.480000E-8	0.001684
1.485000E-8	0.002609
1.490000E-8	0.003556
1.495000E-8	0.004425
1.500000E-8	0.004922
1.505000E-8	0.005475
1.510000E-8	0.005681
1.515000E-8	0.005547
1.520000E-8	0.005194
1.525000E-8	0.004675
1.530000E-8	0.003941
1.535000E-8	0.003113
1.540000E-8	0.002200
1.545000E-8	0.001184
1.550000E-8	0.000141
1.555000E-8	-0.000756
1.560000E-8	-0.001428
1.565000E-8	-0.001894
1.570000E-8	-0.002284
1.575000E-8	-0.002263
1.580000E-8	-0.002169
1.585000E-8	-0.001603
1.590000E-8	-0.001031
1.595000E-8	-0.000116
1.600000E-8	0.000875
1.605000E-8	0.001997
1.610000E-8	0.003016
1.615000E-8	0.004094
1.620000E-8	0.004984
1.625000E-8	0.005725
1.630000E-8	0.006297
1.635000E-8	0.006656
1.640000E-8	0.006656
1.645000E-8	0.006353
1.650000E-8	0.005788
1.655000E-8	0.004938
1.660000E-8	0.004041
1.665000E-8	0.003144
1.670000E-8	0.001988
1.675000E-8	0.001038
1.680000E-8	7.187500E-5
1.685000E-8	-0.000625
1.690000E-8	-0.001112
1.695000E-8	-0.001463
1.700000E-8	-0.001463
1.705000E-8	-0.001181
1.710000E-8	-0.000809
1.715000E-8	-6.250000E-5
1.720000E-8	0.000688
1.725000E-8	0.001703
1.730000E-8	0.002744
1.735000E-8	0.003738
1.740000E-8	0.004584
1.745000E-8	0.005506
1.750000E-8	0.005888
1.755000E-8	0.006356
1.760000E-8	0.006591
1.765000E-8	0.006463
1.770000E-8	0.006034
1.775000E-8	0.005469
1.780000E-8	0.004741
1.785000E-8	0.003797
1.790000E-8	0.002678
1.795000E-8	0.001638
1.800000E-8	0.000581
1.805000E-8	-0.000169
1.810000E-8	-0.000763
1.815000E-8	-0.001275
1.820000E-8	-0.001625
1.825000E-8	-0.001591
1.830000E-8	-0.001288
1.835000E-8	-0.000722
1.840000E-8	-0.000109
1.845000E-8	0.000691
1.850000E-8	0.001609
1.855000E-8	0.002528
1.860000E-8	0.003466
1.865000E-8	0.004309
1.870000E-8	0.005056
1.875000E-8	0.005613
1.880000E-8	0.005991
1.885000E-8	0.006153
1.890000E-8	0.006131
1.895000E-8	0.005900
1.900000E-8	0.005309
1.905000E-8	0.004741
1.910000E-8	0.004056
1.915000E-8	0.003175
1.920000E-8	0.002116
1.925000E-8	0.001250
1.930000E-8	0.000422
1.935000E-8	-0.000253
1.940000E-8	-0.000778
1.945000E-8	-0.001003
1.950000E-8	-0.001072
1.955000E-8	-0.000859
1.960000E-8	-0.000463
1.965000E-8	0.000200
1.970000E-8	0.000963
1.975000E-8	0.001919
1.980000E-8	0.002678
1.985000E-8	0.003581
1.990000E-8	0.004403
1.995000E-8	0.005175
2.000000E-8	0.005700
2.005000E-8	0.006116
2.010000E-8	0.006131
2.015000E-8	0.006116
2.020000E-8	0.005831
2.025000E-8	0.005297
2.030000E-8	0.004594
2.035000E-8	0.003850
2.040000E-8	0.002919
2.045000E-8	0.002134
2.050000E-8	0.001313
2.055000E-8	0.000509
2.060000E-8	-6.250000E-5
2.065000E-8	-0.000494
2.070000E-8	-0.000784
2.075000E-8	-0.000813
2.080000E-8	-0.000784
2.085000E-8	-0.000438
2.090000E-8	-6.562500E-5
2.095000E-8	0.000428
2.100000E-8	0.001159
2.105000E-8	0.002019
2.110000E-8	0.002803
2.115000E-8	0.003753
2.120000E-8	0.004522
2.125000E-8	0.005191
2.130000E-8	0.005719
2.135000E-8	0.006044
2.140000E-8	0.006216
2.145000E-8	0.006025
2.150000E-8	0.005594
2.155000E-8	0.005091
2.160000E-8	0.004297
2.165000E-8	0.003434
2.170000E-8	0.002531
2.175000E-8	0.001772
2.180000E-8	0.001022
2.185000E-8	0.000347
2.190000E-8	-8.750000E-5
2.195000E-8	-0.000381
2.200000E-8	-0.000494
2.205000E-8	-0.000237
2.210000E-8	8.125000E-5
2.215000E-8	0.000756
2.220000E-8	0.001356
2.225000E-8	0.002087
2.230000E-8	0.002838
2.235000E-8	0.003772
2.240000E-8	0.004503
2.245000E-8	0.005144
2.250000E-8	0.005650
2.255000E-8	0.006047
2.260000E-8	0.006350
2.265000E-8	0.006338
2.270000E-8	0.006184
2.275000E-8	0.005722
2.280000E-8	0.005278
2.285000E-8	0.004513
2.290000E-8	0.003728
2.295000E-8	0.002809
2.300000E-8	0.001900
2.305000E-8	0.001050
2.310000E-8	0.000313
2.315000E-8	-9.375000E-5
2.320000E-8	-0.000378
2.325000E-8	-0.000544
2.330000E-8	-0.000381
2.335000E-8	3.125000E-6
2.340000E-8	0.000444
2.345000E-8	0.001175
2.350000E-8	0.001766
2.355000E-8	0.002609
2.360000E-8	0.003522
2.365000E-8	0.004138
2.370000E-8	0.004784
2.375000E-8	0.005397
2.380000E-8	0.005803
2.385000E-8	0.006056
2.390000E-8	0.005984
2.395000E-8	0.005931
2.400000E-8	0.005597
2.405000E-8	0.005147
2.410000E-8	0.004488
2.415000E-8	0.003788
2.420000E-8	0.002934
2.425000E-8	0.002116
2.430000E-8	0.001313
2.435000E-8	0.000656
2.440000E-8	-3.125000E-6
2.445000E-8	-0.000275
2.450000E-8	-0.000484
2.455000E-8	-0.000331
2.460000E-8	-6.250000E-5
2.465000E-8	0.000412
2.470000E-8	0.001063
2.475000E-8	0.001825
2.480000E-8	0.002763
2.485000E-8	0.003522
2.490000E-8	0.004306
2.495000E-8	0.005016
2.500000E-8	0.005678
2.505000E-8	0.006088
2.510000E-8	0.006300
2.515000E-8	0.006244
2.520000E-8	0.006059
2.525000E-8	0.005725
2.530000E-8	0.005266
2.535000E-8	0.004463
2.540000E-8	0.003684
2.545000E-8	0.003038
2.550000E-8	0.002216
2.555000E-8	0.001484
2.560000E-8	0.000913
2.565000E-8	0.000472
2.570000E-8	0.000119
2.575000E-8	1.562500E-5
2.580000E-8	8.750000E-5
2.585000E-8	0.000388
2.590000E-8	0.000759
2.595000E-8	0.001378
2.600000E-8	0.002087
2.605000E-8	0.002866
2.610000E-8	0.003609
2.615000E-8	0.004441
2.620000E-8	0.005050
2.625000E-8	0.005600
2.630000E-8	0.006003
2.635000E-8	0.006241
2.640000E-8	0.006288
2.645000E-8	0.006325
2.650000E-8	0.005956
2.655000E-8	0.005444
2.660000E-8	0.004800
2.665000E-8	0.004303
2.670000E-8	0.003506
2.675000E-8	0.002703
2.680000E-8	0.001947
2.685000E-8	0.001181
2.690000E-8	0.000619
2.695000E-8	0.000231
2.700000E-8	0.000188
2.705000E-8	0.000234
2.710000E-8	0.000459
2.715000E-8	0.000884
2.720000E-8	0.001275
2.725000E-8	0.002084
2.730000E-8	0.002822
2.735000E-8	0.003550
2.740000E-8	0.004203
2.745000E-8	0.004784
2.750000E-8	0.005244
2.755000E-8	0.005628
2.760000E-8	0.005959
2.765000E-8	0.005959
2.770000E-8	0.005863
2.775000E-8	0.005634
2.780000E-8	0.005244
2.785000E-8	0.004738
2.790000E-8	0.003947
2.795000E-8	0.003269
2.800000E-8	0.002450
2.805000E-8	0.001725
2.810000E-8	0.001103
2.815000E-8	0.000678
2.820000E-8	0.000353
2.825000E-8	0.000206
2.830000E-8	0.000278
2.835000E-8	0.000572
2.840000E-8	0.000878
2.845000E-8	0.001341
2.850000E-8	0.002041
2.855000E-8	0.002772
2.860000E-8	0.003378
2.865000E-8	0.004163
2.870000E-8	0.004666
2.875000E-8	0.005237
2.880000E-8	0.005581
2.885000E-8	0.005812
2.890000E-8	0.005734
2.895000E-8	0.005756
2.900000E-8	0.005506
2.905000E-8	0.005156
2.910000E-8	0.004700
2.915000E-8	0.004150
2.920000E-8	0.003544
2.925000E-8	0.002872
2.930000E-8	0.002309
2.935000E-8	0.001697
2.940000E-8	0.001222
2.945000E-8	0.000916
2.950000E-8	0.000634
2.955000E-8	0.000678
2.960000E-8	0.000822
2.965000E-8	0.001019
2.970000E-8	0.001409
2.975000E-8	0.002053
2.980000E-8	0.002566
2.985000E-8	0.003084
2.990000E-8	0.003638
2.995000E-8	0.004213
3.000000E-8	0.004697
3.005000E-8	0.005022
3.010000E-8	0.005219
3.015000E-8	0.005325
3.020000E-8	0.005275
3.025000E-8	0.005138
3.030000E-8	0.004894
3.035000E-8	0.004444
3.040000E-8	0.004050
3.045000E-8	0.003466
3.050000E-8	0.002753
3.055000E-8	0.002078
3.060000E-8	0.001463
3.065000E-8	0.000988
3.070000E-8	0.000644
3.075000E-8	0.000334
3.080000E-8	0.000322
3.085000E-8	0.000459
3.090000E-8	0.000700
3.095000E-8	0.001031
3.100000E-8	0.001569
3.105000E-8	0.002253
3.110000E-8	0.002953
3.115000E-8	0.003572
3.120000E-8	0.004269
3.125000E-8	0.004809
3.130000E-8	0.005216
3.135000E-8	0.005522
3.140000E-8	0.005616
3.145000E-8	0.005691
3.150000E-8	0.005553
3.155000E-8	0.005250
3.160000E-8	0.004831
3.165000E-8	0.004450
3.170000E-8	0.003806
3.175000E-8	0.003266
3.180000E-8	0.002584
3.185000E-8	0.002041
3.190000E-8	0.001488
3.195000E-8	0.001144
3.200000E-8	0.000803
3.205000E-8	0.000784
3.210000E-8	0.000741
3.215000E-8	0.000922
3.220000E-8	0.001353
3.225000E-8	0.001766
3.230000E-8	0.002219
3.235000E-8	0.002806
3.240000E-8	0.003316
3.245000E-8	0.003900
3.250000E-8	0.004275
3.255000E-8	0.004700
3.260000E-8	0.005106
3.265000E-8	0.005275
3.270000E-8	0.005306
3.275000E-8	0.005072
3.280000E-8	0.004816
3.285000E-8	0.004438
3.290000E-8	0.003975
3.295000E-8	0.003419
3.300000E-8	0.002825
3.305000E-8	0.002225
3.310000E-8	0.001687
3.315000E-8	0.001384
3.320000E-8	0.000925
3.325000E-8	0.000678
3.330000E-8	0.000575
3.335000E-8	0.000694
3.340000E-8	0.001028
3.345000E-8	0.001394
3.350000E-8	0.001784
3.355000E-8	0.002316
3.360000E-8	0.002941
3.365000E-8	0.003556
3.370000E-8	0.004259
3.375000E-8	0.004725
3.380000E-8	0.005091
3.385000E-8	0.005425
3.390000E-8	0.005597
3.395000E-8	0.005531
3.400000E-8	0.005366
3.405000E-8	0.005088
3.410000E-8	0.004572
3.415000E-8	0.004109
3.420000E-8	0.003472
3.425000E-8	0.002906
3.430000E-8	0.002213
3.435000E-8	0.001788
3.440000E-8	0.001409
3.445000E-8	0.001112
3.450000E-8	0.000884
3.455000E-8	0.000919
3.460000E-8	0.001003
3.465000E-8	0.001244
3.470000E-8	0.001575
3.475000E-8	0.002087
3.480000E-8	0.002641
3.485000E-8	0.003203
3.490000E-8	0.003725
3.495000E-8	0.004178
3.500000E-8	0.004728
3.505000E-8	0.005125
3.510000E-8	0.005425
3.515000E-8	0.005431
3.520000E-8	0.005497
3.525000E-8	0.005309
3.530000E-8	0.005031
3.535000E-8	0.004819
3.540000E-8	0.004303
3.545000E-8	0.003797
3.550000E-8	0.003191
3.555000E-8	0.002788
3.560000E-8	0.002203
3.565000E-8	0.001778
3.570000E-8	0.001181
3.575000E-8	0.000838
3.580000E-8	0.000684
3.585000E-8	0.000741
3.590000E-8	0.000753
3.595000E-8	0.001025
3.600000E-8	0.001403
3.605000E-8	0.001963
3.610000E-8	0.002509
3.615000E-8	0.003109
3.620000E-8	0.003594
3.625000E-8	0.004081
3.630000E-8	0.004541
3.635000E-8	0.004800
3.640000E-8	0.005056
3.645000E-8	0.005153
3.650000E-8	0.004897
3.655000E-8	0.004687
3.660000E-8	0.004406
3.665000E-8	0.004009
3.670000E-8	0.003419
3.675000E-8	0.002819
3.680000E-8	0.002347
3.685000E-8	0.001988
3.690000E-8	0.001397
3.695000E-8	0.001178
3.700000E-8	0.000909
3.705000E-8	0.000859
3.710000E-8	0.000881
3.715000E-8	0.001144
3.720000E-8	0.001347
3.725000E-8	0.001834
3.730000E-8	0.002169
3.735000E-8	0.002766
3.740000E-8	0.003356
3.745000E-8	0.003959
3.750000E-8	0.004297
3.755000E-8	0.004713
3.760000E-8	0.005066
3.765000E-8	0.005144
3.770000E-8	0.005166
3.775000E-8	0.005078
3.780000E-8	0.004906
3.785000E-8	0.004566
3.790000E-8	0.004084
3.795000E-8	0.003650
3.800000E-8	0.003169
3.805000E-8	0.002622
3.810000E-8	0.002063
3.815000E-8	0.001666
3.820000E-8	0.001359
3.825000E-8	0.001294
3.830000E-8	0.001116
3.835000E-8	0.001178
3.840000E-8	0.001359
3.845000E-8	0.001694
3.850000E-8	0.001953
3.855000E-8	0.002378
3.860000E-8	0.002878
3.865000E-8	0.003328
3.870000E-8	0.003725
3.875000E-8	0.004134
3.880000E-8	0.004475
3.885000E-8	0.004681
3.890000E-8	0.004884
3.895000E-8	0.004919
3.900000E-8	0.004891
3.905000E-8	0.004725
3.910000E-8	0.004413
3.915000E-8	0.004081
3.920000E-8	0.003734
3.925000E-8	0.003338
3.930000E-8	0.002884
3.935000E-8	0.002453
3.940000E-8	0.002012
3.945000E-8	0.001706
3.950000E-8	0.001581
3.955000E-8	0.001531
3.960000E-8	0.001559
3.965000E-8	0.001681
3.970000E-8	0.001972
3.975000E-8	0.002284
3.980000E-8	0.002597
3.985000E-8	0.003009
3.990000E-8	0.003463
3.995000E-8	0.003781
4.000000E-8	0.004013
4.005000E-8	0.004350
4.010000E-8	0.004469
4.015000E-8	0.004709
4.020000E-8	0.004778
4.025000E-8	0.004775
4.030000E-8	0.004572
4.035000E-8	0.004475
4.040000E-8	0.004106
4.045000E-8	0.003763
4.050000E-8	0.003319
4.055000E-8	0.002825
4.060000E-8	0.002281
4.065000E-8	0.001913
4.070000E-8	0.001581
4.075000E-8	0.001288
4.080000E-8	0.001184
4.085000E-8	0.001138
4.090000E-8	0.001159
4.095000E-8	0.001488
4.100000E-8	0.001850
4.105000E-8	0.002316
4.110000E-8	0.002763
4.115000E-8	0.003269
4.120000E-8	0.003725
4.125000E-8	0.004209
4.130000E-8	0.004559
4.135000E-8	0.004900
4.140000E-8	0.005091
4.145000E-8	0.005253
4.150000E-8	0.005028
4.155000E-8	0.004978
4.160000E-8	0.004625
4.165000E-8	0.004213
4.170000E-8	0.003719
4.175000E-8	0.003219
4.180000E-8	0.002703
4.185000E-8	0.002091
4.190000E-8	0.001675
4.195000E-8	0.001434
4.200000E-8	0.001222
4.205000E-8	0.001213
4.210000E-8	0.001178
4.215000E-8	0.001406
4.220000E-8	0.001687
4.225000E-8	0.002103
4.230000E-8	0.002469
4.235000E-8	0.002913
4.240000E-8	0.003363
4.245000E-8	0.003888
4.250000E-8	0.004250
4.255000E-8	0.004525
4.260000E-8	0.004784
4.265000E-8	0.004841
4.270000E-8	0.004909
4.275000E-8	0.004978
4.280000E-8	0.004756
4.285000E-8	0.004475
4.290000E-8	0.004163
4.295000E-8	0.003828
4.300000E-8	0.003419
4.305000E-8	0.003056
4.310000E-8	0.002559
4.315000E-8	0.002209
4.320000E-8	0.001875
4.325000E-8	0.001681
4.330000E-8	0.001484
4.335000E-8	0.001538
4.340000E-8	0.001591
4.345000E-8	0.001778
4.350000E-8	0.001863
4.355000E-8	0.002197
4.360000E-8	0.002587
4.365000E-8	0.002978
4.370000E-8	0.003338
4.375000E-8	0.003778
4.380000E-8	0.004288
4.385000E-8	0.004378
4.390000E-8	0.004659
4.395000E-8	0.004781
4.400000E-8	0.004803
4.405000E-8	0.004700
4.410000E-8	0.004531
4.415000E-8	0.004300
4.420000E-8	0.003953
4.425000E-8	0.003666
4.430000E-8	0.003131
4.435000E-8	0.002597
4.440000E-8	0.002306
4.445000E-8	0.002034
4.450000E-8	0.001700
4.455000E-8	0.001428
4.460000E-8	0.001231
4.465000E-8	0.001406
4.470000E-8	0.001475
4.475000E-8	0.001625
4.480000E-8	0.002006
4.485000E-8	0.002437
4.490000E-8	0.002816
4.495000E-8	0.003306
4.500000E-8	0.003731
4.505000E-8	0.004075
4.510000E-8	0.004306
4.515000E-8	0.004541
4.520000E-8	0.004553
4.525000E-8	0.004534
4.530000E-8	0.004375
4.535000E-8	0.004063
4.540000E-8	0.003816
4.545000E-8	0.003506
4.550000E-8	0.003181
4.555000E-8	0.002791
4.560000E-8	0.002437
4.565000E-8	0.002344
4.570000E-8	0.002125
4.575000E-8	0.001959
4.580000E-8	0.001953
4.585000E-8	0.002003
4.590000E-8	0.002084
4.595000E-8	0.002281
4.600000E-8	0.002481
4.605000E-8	0.002656
4.610000E-8	0.002869
4.615000E-8	0.003103
4.620000E-8	0.003341
4.625000E-8	0.003503
4.630000E-8	0.003666
4.635000E-8	0.003916
4.640000E-8	0.003922
4.645000E-8	0.004041
4.650000E-8	0.004066
4.655000E-8	0.004159
4.660000E-8	0.004138
4.665000E-8	0.004053
4.670000E-8	0.003863
4.675000E-8	0.003609
4.680000E-8	0.003138
4.685000E-8	0.002816
4.690000E-8	0.002550
4.695000E-8	0.002206
4.700000E-8	0.001975
4.705000E-8	0.001750
4.710000E-8	0.001622
4.715000E-8	0.001731
4.720000E-8	0.001728
4.725000E-8	0.001934
4.730000E-8	0.002072
4.735000E-8	0.002494
4.740000E-8	0.002922
4.745000E-8	0.003363
4.750000E-8	0.003794
4.755000E-8	0.004222
4.760000E-8	0.004447
4.765000E-8	0.004628
4.770000E-8	0.004734
4.775000E-8	0.004781
4.780000E-8	0.004681
4.785000E-8	0.004678
4.790000E-8	0.004328
4.795000E-8	0.003953
4.800000E-8	0.003550
4.805000E-8	0.003250
4.810000E-8	0.002797
4.815000E-8	0.002459
4.820000E-8	0.002241
4.825000E-8	0.002006
4.830000E-8	0.001816
4.835000E-8	0.001797
4.840000E-8	0.001978
4.845000E-8	0.002041
4.850000E-8	0.002231
4.855000E-8	0.002500
4.860000E-8	0.002747
4.865000E-8	0.003113
4.870000E-8	0.003438
4.875000E-8	0.003866
4.880000E-8	0.004200
4.885000E-8	0.004481
4.890000E-8	0.004656
4.895000E-8	0.004791
4.900000E-8	0.004925
4.905000E-8	0.004788
4.910000E-8	0.004809
4.915000E-8	0.004631
4.920000E-8	0.004475
4.925000E-8	0.004031
4.930000E-8	0.003594
4.935000E-8	0.003325
4.940000E-8	0.002778
4.945000E-8	0.002384
4.950000E-8	0.001947
4.955000E-8	0.001619
4.960000E-8	0.001463
4.965000E-8	0.001519
4.970000E-8	0.001603
4.975000E-8	0.001794
4.980000E-8	0.002094
4.985000E-8	0.002494
4.990000E-8	0.002847
4.995000E-8	0.003278
5.000000E-8	0.003644
5.005000E-8	0.004103
5.010000E-8	0.004378
5.015000E-8	0.004472
5.020000E-8	0.004525
5.025000E-8	0.004544
5.030000E-8	0.004416
5.035000E-8	0.004153
5.040000E-8	0.003875
5.045000E-8	0.003684
5.050000E-8	0.003353
5.055000E-8	0.002997
5.060000E-8	0.002650
5.065000E-8	0.002275
5.070000E-8	0.002075
5.075000E-8	0.001853
5.080000E-8	0.001666
5.085000E-8	0.001612
5.090000E-8	0.001750
5.095000E-8	0.001831
5.100000E-8	0.001969
5.105000E-8	0.002284
5.110000E-8	0.002609
5.115000E-8	0.002869
5.120000E-8	0.003169
5.125000E-8	0.003591
5.130000E-8	0.003878
5.135000E-8	0.004147
5.140000E-8	0.004291
5.145000E-8	0.004537
5.150000E-8	0.004500
5.155000E-8	0.004531
5.160000E-8	0.004375
5.165000E-8	0.004228
5.170000E-8	0.003881
5.175000E-8	0.003647
5.180000E-8	0.003297
5.185000E-8	0.003100
5.190000E-8	0.002603
5.195000E-8	0.002491
5.200000E-8	0.002084
5.205000E-8	0.001866
5.210000E-8	0.001738
5.215000E-8	0.001619
5.220000E-8	0.001781
5.225000E-8	0.001888
5.230000E-8	0.002106
5.235000E-8	0.002272
5.240000E-8	0.002631
5.245000E-8	0.003050
5.250000E-8	0.003300
5.255000E-8	0.003656
5.260000E-8	0.003950
5.265000E-8	0.004147
5.270000E-8	0.004353
5.275000E-8	0.004522
5.280000E-8	0.004456
5.285000E-8	0.004344
5.290000E-8	0.004091
5.295000E-8	0.003900
5.300000E-8	0.003678
5.305000E-8	0.003278
5.310000E-8	0.003034
5.315000E-8	0.002747
5.320000E-8	0.002466
5.325000E-8	0.002194
5.330000E-8	0.002003
5.335000E-8	0.001903
5.340000E-8	0.001781
5.345000E-8	0.001841
5.350000E-8	0.001922
5.355000E-8	0.002081
5.360000E-8	0.002341
5.365000E-8	0.002662
5.370000E-8	0.003087
5.375000E-8	0.003459
5.380000E-8	0.003788
5.385000E-8	0.003984
5.390000E-8	0.004197
5.395000E-8	0.004366
5.400000E-8	0.004406
5.405000E-8	0.004372
5.410000E-8	0.004291
5.415000E-8	0.004216
5.420000E-8	0.003972
5.425000E-8	0.003847
5.430000E-8	0.003541
5.435000E-8	0.003297
5.440000E-8	0.003041
5.445000E-8	0.002859
5.450000E-8	0.002512
5.455000E-8	0.002350
5.460000E-8	0.002216
5.465000E-8	0.002194
5.470000E-8	0.002181
5.475000E-8	0.002269
5.480000E-8	0.002506
5.485000E-8	0.002828
5.490000E-8	0.003047
5.495000E-8	0.003416
5.500000E-8	0.003634
5.505000E-8	0.004041
5.510000E-8	0.004191
5.515000E-8	0.004341
5.520000E-8	0.004403
5.525000E-8	0.004381
5.530000E-8	0.004194
5.535000E-8	0.004028
5.540000E-8	0.003925
5.545000E-8	0.003741
5.550000E-8	0.003472
5.555000E-8	0.003347
5.560000E-8	0.003016
5.565000E-8	0.002806
5.570000E-8	0.002559
5.575000E-8	0.002475
5.580000E-8	0.002316
5.585000E-8	0.002247
5.590000E-8	0.002075
5.595000E-8	0.002253
5.600000E-8	0.002194
5.605000E-8	0.002397
5.610000E-8	0.002575
5.615000E-8	0.002819
5.620000E-8	0.003078
5.625000E-8	0.003434
5.630000E-8	0.003575
5.635000E-8	0.003781
5.640000E-8	0.003950
5.645000E-8	0.003941
5.650000E-8	0.003947
5.655000E-8	0.004003
5.660000E-8	0.003800
5.665000E-8	0.003709
5.670000E-8	0.003544
5.675000E-8	0.003384
5.680000E-8	0.003131
5.685000E-8	0.002903
5.690000E-8	0.002641
5.695000E-8	0.002488
5.700000E-8	0.002300
5.705000E-8	0.002162
5.710000E-8	0.002116
5.715000E-8	0.002106
5.720000E-8	0.002188
5.725000E-8	0.002219
5.730000E-8	0.002322
5.735000E-8	0.002569
5.740000E-8	0.002756
5.745000E-8	0.003169
5.750000E-8	0.003444
5.755000E-8	0.003825
5.760000E-8	0.004081
5.765000E-8	0.004197
5.770000E-8	0.004441
5.775000E-8	0.004488
5.780000E-8	0.004469
5.785000E-8	0.004422
5.790000E-8	0.004378
5.795000E-8	0.004234
5.800000E-8	0.004031
5.805000E-8	0.003653
5.810000E-8	0.003303
5.815000E-8	0.003081
5.820000E-8	0.002706
5.825000E-8	0.002638
5.830000E-8	0.002522
5.835000E-8	0.002447
5.840000E-8	0.002322
5.845000E-8	0.002331
5.850000E-8	0.002541
5.855000E-8	0.002675
5.860000E-8	0.002672
5.865000E-8	0.002878
5.870000E-8	0.003038
5.875000E-8	0.003341
5.880000E-8	0.003594
5.885000E-8	0.003819
5.890000E-8	0.003994
5.895000E-8	0.004219
5.900000E-8	0.004244
5.905000E-8	0.004272
5.910000E-8	0.004203
5.915000E-8	0.004031
5.920000E-8	0.003822
5.925000E-8	0.003497
5.930000E-8	0.003269
5.935000E-8	0.002947
5.940000E-8	0.002716
5.945000E-8	0.002397
5.950000E-8	0.002209
5.955000E-8	0.002100
5.960000E-8	0.002025
5.965000E-8	0.001937
5.970000E-8	0.002012
5.975000E-8	0.002116
5.980000E-8	0.002344
5.985000E-8	0.002591
5.990000E-8	0.002841
5.995000E-8	0.003044
6.000000E-8	0.003384
6.005000E-8	0.003500
6.010000E-8	0.003756
6.015000E-8	0.003888
6.020000E-8	0.004084
6.025000E-8	0.004125
6.030000E-8	0.004216
6.035000E-8	0.004281
6.040000E-8	0.004059
6.045000E-8	0.003972
6.050000E-8	0.003816
6.055000E-8	0.003647
6.060000E-8	0.003466
6.065000E-8	0.003281
6.070000E-8	0.003134
6.075000E-8	0.002847
6.080000E-8	0.002722
6.085000E-8	0.002419
6.090000E-8	0.002422
6.095000E-8	0.002512
6.100000E-8	0.002516
6.105000E-8	0.002575
6.110000E-8	0.002794
6.115000E-8	0.003006
6.120000E-8	0.003159
6.125000E-8	0.003381
6.130000E-8	0.003519
6.135000E-8	0.003747
6.140000E-8	0.003931
6.145000E-8	0.004134
6.150000E-8	0.004125
6.155000E-8	0.004081
6.160000E-8	0.003975
6.165000E-8	0.003853
6.170000E-8	0.003678
6.175000E-8	0.003547
6.180000E-8	0.003403
6.185000E-8	0.003172
6.190000E-8	0.002956
6.195000E-8	0.002772
6.200000E-8	0.002531
6.205000E-8	0.002434
6.210000E-8	0.002331
6.215000E-8	0.002306
6.220000E-8	0.002341
6.225000E-8	0.002363
6.230000E-8	0.002522
6.235000E-8	0.002628
6.240000E-8	0.002803
6.245000E-8	0.003063
6.250000E-8	0.003253
6.255000E-8	0.003341
6.260000E-8	0.003569
6.265000E-8	0.003800
6.270000E-8	0.003884
6.275000E-8	0.003925
6.280000E-8	0.003978
6.285000E-8	0.003988
6.290000E-8	0.003956
6.295000E-8	0.003766
6.300000E-8	0.003603
6.305000E-8	0.003341
6.310000E-8	0.003097
6.315000E-8	0.002956
6.320000E-8	0.002675
6.325000E-8	0.002547
6.330000E-8	0.002331
6.335000E-8	0.002144
6.340000E-8	0.002166
6.345000E-8	0.002253
6.350000E-8	0.002256
6.355000E-8	0.002369
6.360000E-8	0.002656
6.365000E-8	0.002809
6.370000E-8	0.003034
6.375000E-8	0.003359
6.380000E-8	0.003559
6.385000E-8	0.003819
6.390000E-8	0.004047
6.395000E-8	0.004181
6.400000E-8	0.004406
6.405000E-8	0.004513
6.410000E-8	0.004425
6.415000E-8	0.004316
6.420000E-8	0.004069
6.425000E-8	0.003834
6.430000E-8	0.003650
6.435000E-8	0.003447
6.440000E-8	0.003141
6.445000E-8	0.002903
6.450000E-8	0.002672
6.455000E-8	0.002563
6.460000E-8	0.002497
6.465000E-8	0.002516
6.470000E-8	0.002488
6.475000E-8	0.002506
6.480000E-8	0.002594
6.485000E-8	0.002753
6.490000E-8	0.002784
6.495000E-8	0.002925
6.500000E-8	0.003072
6.505000E-8	0.003238
6.510000E-8	0.003522
6.515000E-8	0.003666
6.520000E-8	0.003697
6.525000E-8	0.003750
6.530000E-8	0.003844
6.535000E-8	0.003828
6.540000E-8	0.003928
6.545000E-8	0.003822
6.550000E-8	0.003481
6.555000E-8	0.003225
6.560000E-8	0.003016
6.565000E-8	0.002750
6.570000E-8	0.002444
6.575000E-8	0.002291
6.580000E-8	0.002231
6.585000E-8	0.002231
6.590000E-8	0.002272
6.595000E-8	0.002278
6.600000E-8	0.002403
6.605000E-8	0.002519
6.610000E-8	0.002825
6.615000E-8	0.002991
6.620000E-8	0.003219
6.625000E-8	0.003478
6.630000E-8	0.003587
6.635000E-8	0.003797
6.640000E-8	0.003991
6.645000E-8	0.004125
6.650000E-8	0.004134
6.655000E-8	0.004178
6.660000E-8	0.004184
6.665000E-8	0.004022
6.670000E-8	0.003913
6.675000E-8	0.003803
6.680000E-8	0.003409
6.685000E-8	0.003309
6.690000E-8	0.003181
6.695000E-8	0.002891
6.700000E-8	0.002706
6.705000E-8	0.002669
6.710000E-8	0.002525
6.715000E-8	0.002519
6.720000E-8	0.002547
6.725000E-8	0.002650
6.730000E-8	0.002669
6.735000E-8	0.002900
6.740000E-8	0.003028
6.745000E-8	0.003197
6.750000E-8	0.003372
6.755000E-8	0.003569
6.760000E-8	0.003631
6.765000E-8	0.003813
6.770000E-8	0.003791
6.775000E-8	0.003803
6.780000E-8	0.003791
6.785000E-8	0.003681
6.790000E-8	0.003644
6.795000E-8	0.003541
6.800000E-8	0.003531
6.805000E-8	0.003366
6.810000E-8	0.003191
6.815000E-8	0.003100
6.820000E-8	0.002878
6.825000E-8	0.002797
6.830000E-8	0.002594
6.835000E-8	0.002478
6.840000E-8	0.002272
6.845000E-8	0.002322
6.850000E-8	0.002269
6.855000E-8	0.002366
6.860000E-8	0.002459
6.865000E-8	0.002713
6.870000E-8	0.002806
6.875000E-8	0.003072
6.880000E-8	0.003353
6.885000E-8	0.003600
6.890000E-8	0.003728
6.895000E-8	0.003803
6.900000E-8	0.003906
6.905000E-8	0.003966
6.910000E-8	0.003938
6.915000E-8	0.003847
6.920000E-8	0.003713
6.925000E-8	0.003559
6.930000E-8	0.003475
6.935000E-8	0.003384
6.940000E-8	0.003341
6.945000E-8	0.003203
6.950000E-8	0.003038
6.955000E-8	0.002944
6.960000E-8	0.002831
6.965000E-8	0.002669
6.970000E-8	0.002556
6.975000E-8	0.002525
6.980000E-8	0.002525
6.985000E-8	0.002675
6.990000E-8	0.002822
6.995000E-8	0.002966
7.000000E-8	0.003113
7.005000E-8	0.003344
7.010000E-8	0.003416
7.015000E-8	0.003691
7.020000E-8	0.003922
7.025000E-8	0.003972
7.030000E-8	0.003925
7.035000E-8	0.003969
7.040000E-8	0.003994
7.045000E-8	0.003850
7.050000E-8	0.003769
7.055000E-8	0.003594
7.060000E-8	0.003488
7.065000E-8	0.003475
7.070000E-8	0.003244
7.075000E-8	0.003119
7.080000E-8	0.002900
7.085000E-8	0.002772
7.090000E-8	0.002669
7.095000E-8	0.002541
7.100000E-8	0.002378
7.105000E-8	0.002634
7.110000E-8	0.002703
7.115000E-8	0.002909
7.120000E-8	0.003097
7.125000E-8	0.003250
7.130000E-8	0.003463
7.135000E-8	0.003656
7.140000E-8	0.003841
7.145000E-8	0.003913
7.150000E-8	0.004078
7.155000E-8	0.004072
7.160000E-8	0.003941
7.165000E-8	0.003938
7.170000E-8	0.003934
7.175000E-8	0.003838
7.180000E-8	0.003738
7.185000E-8	0.003703
7.190000E-8	0.003631
7.195000E-8	0.003531
7.200000E-8	0.003319
7.205000E-8	0.003228
7.210000E-8	0.003100
7.215000E-8	0.002972
7.220000E-8	0.002863
7.225000E-8	0.002841
7.230000E-8	0.002813
7.235000E-8	0.002934
7.240000E-8	0.002981
7.245000E-8	0.002963
7.250000E-8	0.003263
7.255000E-8	0.003472
7.260000E-8	0.003503
7.265000E-8	0.003781
7.270000E-8	0.003928
7.275000E-8	0.004150
7.280000E-8	0.004156
7.285000E-8	0.004184
7.290000E-8	0.004003
7.295000E-8	0.004106
7.300000E-8	0.003869
7.305000E-8	0.003684
7.310000E-8	0.003478
7.315000E-8	0.003350
7.320000E-8	0.003094
7.325000E-8	0.002884
7.330000E-8	0.002653
7.335000E-8	0.002594
7.340000E-8	0.002503
7.345000E-8	0.002384
7.350000E-8	0.002416
7.355000E-8	0.002472
7.360000E-8	0.002522
7.365000E-8	0.002594
7.370000E-8	0.002750
7.375000E-8	0.002925
7.380000E-8	0.002906
7.385000E-8	0.003106
7.390000E-8	0.003078
7.395000E-8	0.003359
7.400000E-8	0.003319
7.405000E-8	0.003363
7.410000E-8	0.003413
7.415000E-8	0.003491
7.420000E-8	0.003403
7.425000E-8	0.003478
7.430000E-8	0.003416
7.435000E-8	0.003294
7.440000E-8	0.003350
7.445000E-8	0.003172
7.450000E-8	0.003050
7.455000E-8	0.003119
7.460000E-8	0.003084
7.465000E-8	0.003038
7.470000E-8	0.002928
7.475000E-8	0.002997
7.480000E-8	0.002966
7.485000E-8	0.002950
7.490000E-8	0.003016
7.495000E-8	0.003250
7.500000E-8	0.003231
7.505000E-8	0.003438
7.510000E-8	0.003597
7.515000E-8	0.003681
7.520000E-8	0.003941
7.525000E-8	0.003941
7.530000E-8	0.004013
7.535000E-8	0.003972
7.540000E-8	0.003859
7.545000E-8	0.003731
7.550000E-8	0.003572
7.555000E-8	0.003434
7.560000E-8	0.003334
7.565000E-8	0.003228
7.570000E-8	0.003175
7.575000E-8	0.003216
7.580000E-8	0.003063
7.585000E-8	0.003006
7.590000E-8	0.003097
7.595000E-8	0.003197
7.600000E-8	0.003078
7.605000E-8	0.003072
7.610000E-8	0.003016
7.615000E-8	0.003047
7.620000E-8	0.003081
7.625000E-8	0.003147
7.630000E-8	0.003272
7.635000E-8	0.003388
7.640000E-8	0.003509
7.645000E-8	0.003594
7.650000E-8	0.003572
7.655000E-8	0.003622
7.660000E-8	0.003609
7.665000E-8	0.003706
7.670000E-8	0.003509
7.675000E-8	0.003506
7.680000E-8	0.003350
7.685000E-8	0.003200
7.690000E-8	0.003006
7.695000E-8	0.002981
7.700000E-8	0.002872
7.705000E-8	0.002822
7.710000E-8	0.002681
7.715000E-8	0.002719
7.720000E-8	0.002666
7.725000E-8	0.002681
7.730000E-8	0.002734
7.735000E-8	0.002781
7.740000E-8	0.002972
7.745000E-8	0.003012
7.750000E-8	0.003103
7.755000E-8	0.003275
7.760000E-8	0.003491
7.765000E-8	0.003525
7.770000E-8	0.003631
7.775000E-8	0.003694
7.780000E-8	0.003756
7.785000E-8	0.003738
7.790000E-8	0.003781
7.795000E-8	0.003719
7.800000E-8	0.003581
7.805000E-8	0.003606
7.810000E-8	0.003541
7.815000E-8	0.003459
7.820000E-8	0.003375
7.825000E-8	0.003372
7.830000E-8	0.003300
7.835000E-8	0.003175
7.840000E-8	0.003141
7.845000E-8	0.003103
7.850000E-8	0.003144
7.855000E-8	0.003047
7.860000E-8	0.003003
7.865000E-8	0.003066
7.870000E-8	0.003178
7.875000E-8	0.003272
7.880000E-8	0.003359
7.885000E-8	0.003503
7.890000E-8	0.003541
7.895000E-8	0.003653
7.900000E-8	0.003625
7.905000E-8	0.003722
7.910000E-8	0.003663
7.915000E-8	0.003606
7.920000E-8	0.003522
7.925000E-8	0.003344
7.930000E-8	0.003119
7.935000E-8	0.003091
7.940000E-8	0.002947
7.945000E-8	0.002819
7.950000E-8	0.002759
7.955000E-8	0.002675
7.960000E-8	0.002497
7.965000E-8	0.002556
7.970000E-8	0.002563
7.975000E-8	0.002647
7.980000E-8	0.002656
7.985000E-8	0.002744
7.990000E-8	0.002838
7.995000E-8	0.003006
8.000000E-8	0.003156
8.005000E-8	0.003294
8.010000E-8	0.003475
8.015000E-8	0.003597
8.020000E-8	0.003728
8.025000E-8	0.003816
8.030000E-8	0.003906
8.035000E-8	0.003972
8.040000E-8	0.003994
8.045000E-8	0.003953
8.050000E-8	0.003878
8.055000E-8	0.003800
8.060000E-8	0.003759
8.065000E-8	0.003775
8.070000E-8	0.003581
8.075000E-8	0.003550
8.080000E-8	0.003334
8.085000E-8	0.003297
8.090000E-8	0.003134
8.095000E-8	0.003097
8.100000E-8	0.003047
8.105000E-8	0.003200
8.110000E-8	0.003028
8.115000E-8	0.003028
8.120000E-8	0.003106
8.125000E-8	0.003278
8.130000E-8	0.003369
8.135000E-8	0.003466
8.140000E-8	0.003484
8.145000E-8	0.003569
8.150000E-8	0.003597
8.155000E-8	0.003684
8.160000E-8	0.003700
8.165000E-8	0.003703
8.170000E-8	0.003678
8.175000E-8	0.003616
8.180000E-8	0.003416
8.185000E-8	0.003409
8.190000E-8	0.003234
8.195000E-8	0.003150
8.200000E-8	0.003072
8.205000E-8	0.002963
8.210000E-8	0.002850
8.215000E-8	0.002831
8.220000E-8	0.002744
8.225000E-8	0.002841
8.230000E-8	0.002816
8.235000E-8	0.002972
8.240000E-8	0.002994
8.245000E-8	0.003047
8.250000E-8	0.003059
8.255000E-8	0.003153
8.260000E-8	0.003284
8.265000E-8	0.003509
8.270000E-8	0.003572
8.275000E-8	0.003631
8.280000E-8	0.003622
8.285000E-8	0.003516
8.290000E-8	0.003484
8.295000E-8	0.003456
8.300000E-8	0.003359
8.305000E-8	0.003366
8.310000E-8	0.003231
8.315000E-8	0.003181
8.320000E-8	0.003022
8.325000E-8	0.002953
8.330000E-8	0.002913
8.335000E-8	0.002831
8.340000E-8	0.002672
8.345000E-8	0.002625
8.350000E-8	0.002525
8.355000E-8	0.002581
8.360000E-8	0.002697
8.365000E-8	0.002719
8.370000E-8	0.002788
8.375000E-8	0.002938
8.380000E-8	0.003147
8.385000E-8	0.003325
8.390000E-8	0.003434
8.395000E-8	0.003575
8.400000E-8	0.003684
8.405000E-8	0.003538
8.410000E-8	0.003497
8.415000E-8	0.003509
8.420000E-8	0.003406
8.425000E-8	0.003388
8.430000E-8	0.003122
8.435000E-8	0.002994
8.440000E-8	0.002869
8.445000E-8	0.002647
8.450000E-8	0.002569
8.455000E-8	0.002400
8.460000E-8	0.002375
8.465000E-8	0.002434
8.470000E-8	0.002263
8.475000E-8	0.002225
8.480000E-8	0.002403
8.485000E-8	0.002622
8.490000E-8	0.002641
8.495000E-8	0.002722
8.500000E-8	0.002959
8.505000E-8	0.003031
8.510000E-8	0.003084
8.515000E-8	0.003191
8.520000E-8	0.003238
8.525000E-8	0.003288
8.530000E-8	0.003238
8.535000E-8	0.003384
8.540000E-8	0.003406
8.545000E-8	0.003253
8.550000E-8	0.003222
8.555000E-8	0.003181
8.560000E-8	0.003081
8.565000E-8	0.003159
8.570000E-8	0.003069
8.575000E-8	0.002994
8.580000E-8	0.002956
8.585000E-8	0.002972
8.590000E-8	0.002875
8.595000E-8	0.002934
8.600000E-8	0.002772
8.605000E-8	0.002741
8.610000E-8	0.002728
8.615000E-8	0.002725
8.620000E-8	0.002688
8.625000E-8	0.002716
8.630000E-8	0.002722
8.635000E-8	0.002928
8.640000E-8	0.002994
8.645000E-8	0.003222
8.650000E-8	0.003306
8.655000E-8	0.003609
8.660000E-8	0.003634
8.665000E-8	0.003700
8.670000E-8	0.003669
8.675000E-8	0.003744
8.680000E-8	0.003684
8.685000E-8	0.003741
8.690000E-8	0.003559
8.695000E-8	0.003456
8.700000E-8	0.003338
8.705000E-8	0.003303
8.710000E-8	0.003178
8.715000E-8	0.003213
8.720000E-8	0.003069
8.725000E-8	0.003153
8.730000E-8	0.003100
8.735000E-8	0.003247
8.740000E-8	0.003156
8.745000E-8	0.003213
8.750000E-8	0.003309
8.755000E-8	0.003250
8.760000E-8	0.003128
8.765000E-8	0.003300
8.770000E-8	0.003228
8.775000E-8	0.003269
8.780000E-8	0.003334
8.785000E-8	0.003366
8.790000E-8	0.003378
8.795000E-8	0.003456
8.800000E-8	0.003356
8.805000E-8	0.003422
8.810000E-8	0.003484
8.815000E-8	0.003466
8.820000E-8	0.003309
8.825000E-8	0.003206
8.830000E-8	0.003141
8.835000E-8	0.003066
8.840000E-8	0.003044
8.845000E-8	0.002984
8.850000E-8	0.002944
8.855000E-8	0.002984
8.860000E-8	0.003050
8.865000E-8	0.003181
8.870000E-8	0.003122
8.875000E-8	0.003294
8.880000E-8	0.003334
8.885000E-8	0.003441
8.890000E-8	0.003419
8.895000E-8	0.003438
8.900000E-8	0.003447
8.905000E-8	0.003463
8.910000E-8	0.003394
8.915000E-8	0.003391
8.920000E-8	0.003447
8.925000E-8	0.003397
8.930000E-8	0.003319
8.935000E-8	0.003372
8.940000E-8	0.003281
8.945000E-8	0.003259
8.950000E-8	0.003216
8.955000E-8	0.003169
8.960000E-8	0.003100
8.965000E-8	0.003078
8.970000E-8	0.003084
8.975000E-8	0.003028
8.980000E-8	0.003063
8.985000E-8	0.003050
8.990000E-8	0.002991
8.995000E-8	0.003097
9.000000E-8	0.003056
9.005000E-8	0.003100
9.010000E-8	0.003113
9.015000E-8	0.003159
9.020000E-8	0.003338
9.025000E-8	0.003544
9.030000E-8	0.003566
9.035000E-8	0.003616
9.040000E-8	0.003669
9.045000E-8	0.003672
9.050000E-8	0.003650
9.055000E-8	0.003563
9.060000E-8	0.003381
9.065000E-8	0.003213
9.070000E-8	0.002981
9.075000E-8	0.003016
9.080000E-8	0.002816
9.085000E-8	0.002825
9.090000E-8	0.002800
9.095000E-8	0.002816
9.100000E-8	0.002759
9.105000E-8	0.002869
9.110000E-8	0.002984
9.115000E-8	0.003003
9.120000E-8	0.003103
9.125000E-8	0.003294
9.130000E-8	0.003325
9.135000E-8	0.003425
9.140000E-8	0.003428
9.145000E-8	0.003481
9.150000E-8	0.003494
9.155000E-8	0.003503
9.160000E-8	0.003297
9.165000E-8	0.003241
9.170000E-8	0.003119
9.175000E-8	0.003012
9.180000E-8	0.003041
9.185000E-8	0.003044
9.190000E-8	0.003047
9.195000E-8	0.003000
9.200000E-8	0.003031
9.205000E-8	0.003131
9.210000E-8	0.003031
9.215000E-8	0.003006
9.220000E-8	0.002891
9.225000E-8	0.002984
9.230000E-8	0.002919
9.235000E-8	0.003009
9.240000E-8	0.003028
9.245000E-8	0.002972
9.250000E-8	0.003063
9.255000E-8	0.003091
9.260000E-8	0.003109
9.265000E-8	0.003153
9.270000E-8	0.003250
9.275000E-8	0.003372
9.280000E-8	0.003350
9.285000E-8	0.003406
9.290000E-8	0.003388
9.295000E-8	0.003488
9.300000E-8	0.003469
9.305000E-8	0.003534
9.310000E-8	0.003378
9.315000E-8	0.003400
9.320000E-8	0.003325
9.325000E-8	0.003144
9.330000E-8	0.003012
9.335000E-8	0.002956
9.340000E-8	0.002859
9.345000E-8	0.002803
9.350000E-8	0.002691
9.355000E-8	0.002772
9.360000E-8	0.002725
9.365000E-8	0.002744
9.370000E-8	0.002753
9.375000E-8	0.002778
9.380000E-8	0.002884
9.385000E-8	0.003050
9.390000E-8	0.003069
9.395000E-8	0.003194
9.400000E-8	0.003300
9.405000E-8	0.003222
9.410000E-8	0.003369
9.415000E-8	0.003366
9.420000E-8	0.003378
9.425000E-8	0.003484
9.430000E-8	0.003512
9.435000E-8	0.003456
9.440000E-8	0.003334
9.445000E-8	0.003338
9.450000E-8	0.003197
9.455000E-8	0.003141
9.460000E-8	0.003081
9.465000E-8	0.002928
9.470000E-8	0.002800
9.475000E-8	0.002741
9.480000E-8	0.002859
9.485000E-8	0.002919
9.490000E-8	0.003000
9.495000E-8	0.003066
9.500000E-8	0.003159
9.505000E-8	0.003319
9.510000E-8	0.003284
9.515000E-8	0.003434
9.520000E-8	0.003491
9.525000E-8	0.003569
9.530000E-8	0.003472
9.535000E-8	0.003453
9.540000E-8	0.003413
9.545000E-8	0.003409
9.550000E-8	0.003319
9.555000E-8	0.003278
9.560000E-8	0.003150
9.565000E-8	0.002950
9.570000E-8	0.002956
9.575000E-8	0.002984
9.580000E-8	0.002878
9.585000E-8	0.003006
9.590000E-8	0.002956
9.595000E-8	0.002881
9.600000E-8	0.002825
9.605000E-8	0.002856
9.610000E-8	0.002888
9.615000E-8	0.002906
9.620000E-8	0.002941
9.625000E-8	0.003019
9.630000E-8	0.003119
9.635000E-8	0.003181
9.640000E-8	0.003194
9.645000E-8	0.003403
9.650000E-8	0.003519
9.655000E-8	0.003566
9.660000E-8	0.003553
9.665000E-8	0.003622
9.670000E-8	0.003587
9.675000E-8	0.003497
9.680000E-8	0.003375
9.685000E-8	0.003338
9.690000E-8	0.003144
9.695000E-8	0.003050
9.700000E-8	0.002978
9.705000E-8	0.002881
9.710000E-8	0.002906
9.715000E-8	0.002816
9.720000E-8	0.002800
9.725000E-8	0.002950
9.730000E-8	0.002875
9.735000E-8	0.003022
9.740000E-8	0.003003
9.745000E-8	0.003084
9.750000E-8	0.003106
9.755000E-8	0.003263
9.760000E-8	0.003300
9.765000E-8	0.003228
9.770000E-8	0.003203
9.775000E-8	0.003319
9.780000E-8	0.003338
9.785000E-8	0.003484
9.790000E-8	0.003456
9.795000E-8	0.003463
9.800000E-8	0.003519
9.805000E-8	0.003522
9.810000E-8	0.003469
9.815000E-8	0.003359
9.820000E-8	0.003250
9.825000E-8	0.003113
9.830000E-8	0.003041
9.835000E-8	0.003000
9.840000E-8	0.003100
9.845000E-8	0.002969
9.850000E-8	0.003087
9.855000E-8	0.003100
9.860000E-8	0.003091
9.865000E-8	0.003019
9.870000E-8	0.003056
9.875000E-8	0.003203
9.880000E-8	0.003197
9.885000E-8	0.003166
9.890000E-8	0.003244
9.895000E-8	0.003322
9.900000E-8	0.003431
9.905000E-8	0.003438
9.910000E-8	0.003478
9.915000E-8	0.003491
9.920000E-8	0.003369
9.925000E-8	0.003441
9.930000E-8	0.003309
9.935000E-8	0.003184
9.940000E-8	0.002975
9.945000E-8	0.002931
9.950000E-8	0.002913
9.955000E-8	0.002897
9.960000E-8	0.002966
9.965000E-8	0.002963
9.970000E-8	0.002950
9.975000E-8	0.003059
9.980000E-8	0.003072
9.985000E-8	0.003213
9.990000E-8	0.003138
9.995000E-8	0.003194
