LabVIEW Measurement	
Writer_Version	2
Reader_Version	2
Separator	Tab
Decimal_Separator	.
Multi_Headings	No
X_Columns	Multi
Time_Pref	Relative
Operator	TG lab
Date	2015/03/06
Time	19:31:50.9009661674499511719
***End_of_Header***	
	
Channels	1	
Samples	2000	
Date	1903/12/31	
Time	19:00:00	
X_Dimension	Time	
X0	0.0000000000000000E+0	
Delta_X	5.000000E-11	
***End_of_Header***		
X_Value	Untitled	Comment
0.000000	0.003097
5.000000E-11	0.003050
1.000000E-10	0.003053
1.500000E-10	0.002941
2.000000E-10	0.002963
2.500000E-10	0.002991
3.000000E-10	0.002953
3.500000E-10	0.003003
4.000000E-10	0.003078
4.500000E-10	0.003028
5.000000E-10	0.002884
5.500000E-10	0.002934
6.000000E-10	0.002850
6.500000E-10	0.003050
7.000000E-10	0.002878
7.500000E-10	0.003003
8.000000E-10	0.003038
8.500000E-10	0.003059
9.000000E-10	0.003056
9.500000E-10	0.003028
1.000000E-9	0.003028
1.050000E-9	0.003106
1.100000E-9	0.002956
1.150000E-9	0.002944
1.200000E-9	0.002872
1.250000E-9	0.002906
1.300000E-9	0.002763
1.350000E-9	0.002728
1.400000E-9	0.002713
1.450000E-9	0.002859
1.500000E-9	0.002822
1.550000E-9	0.002841
1.600000E-9	0.002775
1.650000E-9	0.002838
1.700000E-9	0.002794
1.750000E-9	0.002909
1.800000E-9	0.002931
1.850000E-9	0.002903
1.900000E-9	0.002947
1.950000E-9	0.002969
2.000000E-9	0.002853
2.050000E-9	0.002994
2.100000E-9	0.002991
2.150000E-9	0.003003
2.200000E-9	0.002969
2.250000E-9	0.002984
2.300000E-9	0.002813
2.350000E-9	0.002844
2.400000E-9	0.002816
2.450000E-9	0.002806
2.500000E-9	0.002731
2.550000E-9	0.002700
2.600000E-9	0.002631
2.650000E-9	0.002587
2.700000E-9	0.002500
2.750000E-9	0.002512
2.800000E-9	0.002447
2.850000E-9	0.002525
2.900000E-9	0.002547
2.950000E-9	0.002569
3.000000E-9	0.002528
3.050000E-9	0.002434
3.100000E-9	0.002375
3.150000E-9	0.002394
3.200000E-9	0.002222
3.250000E-9	0.002197
3.300000E-9	0.002125
3.350000E-9	0.002003
3.400000E-9	0.001913
3.450000E-9	0.001872
3.500000E-9	0.001884
3.550000E-9	0.001866
3.600000E-9	0.001900
3.650000E-9	0.001978
3.700000E-9	0.002019
3.750000E-9	0.002028
3.800000E-9	0.001950
3.850000E-9	0.002009
3.900000E-9	0.001981
3.950000E-9	0.001878
4.000000E-9	0.001663
4.050000E-9	0.001597
4.100000E-9	0.001566
4.150000E-9	0.001609
4.200000E-9	0.001509
4.250000E-9	0.001466
4.300000E-9	0.001322
4.350000E-9	0.001397
4.400000E-9	0.001313
4.450000E-9	0.001306
4.500000E-9	0.001209
4.550000E-9	0.001131
4.600000E-9	0.000881
4.650000E-9	0.000737
4.700000E-9	0.000409
4.750000E-9	0.000100
4.800000E-9	-0.000653
4.850000E-9	-0.001500
4.900000E-9	-0.002722
4.950000E-9	-0.004216
5.000000E-9	-0.006050
5.050000E-9	-0.008075
5.100000E-9	-0.010400
5.150000E-9	-0.012919
5.200000E-9	-0.015578
5.250000E-9	-0.018131
5.300000E-9	-0.020484
5.350000E-9	-0.022666
5.400000E-9	-0.024684
5.450000E-9	-0.026234
5.500000E-9	-0.027550
5.550000E-9	-0.028488
5.600000E-9	-0.029144
5.650000E-9	-0.029466
5.700000E-9	-0.029450
5.750000E-9	-0.028975
5.800000E-9	-0.028350
5.850000E-9	-0.027350
5.900000E-9	-0.025956
5.950000E-9	-0.024416
6.000000E-9	-0.022738
6.050000E-9	-0.020887
6.100000E-9	-0.019166
6.150000E-9	-0.017522
6.200000E-9	-0.016119
6.250000E-9	-0.015134
6.300000E-9	-0.014494
6.350000E-9	-0.014131
6.400000E-9	-0.014272
6.450000E-9	-0.014684
6.500000E-9	-0.015525
6.550000E-9	-0.016228
6.600000E-9	-0.017147
6.650000E-9	-0.017878
6.700000E-9	-0.018616
6.750000E-9	-0.019159
6.800000E-9	-0.019559
6.850000E-9	-0.019784
6.900000E-9	-0.019787
6.950000E-9	-0.019578
7.000000E-9	-0.019088
7.050000E-9	-0.018284
7.100000E-9	-0.017381
7.150000E-9	-0.016213
7.200000E-9	-0.014938
7.250000E-9	-0.013513
7.300000E-9	-0.012038
7.350000E-9	-0.010634
7.400000E-9	-0.009381
7.450000E-9	-0.007959
7.500000E-9	-0.007141
7.550000E-9	-0.006625
7.600000E-9	-0.006338
7.650000E-9	-0.006303
7.700000E-9	-0.006688
7.750000E-9	-0.007250
7.800000E-9	-0.007972
7.850000E-9	-0.008850
7.900000E-9	-0.009647
7.950000E-9	-0.010537
8.000000E-9	-0.011369
8.050000E-9	-0.011941
8.100000E-9	-0.012375
8.150000E-9	-0.012666
8.200000E-9	-0.012609
8.250000E-9	-0.012172
8.300000E-9	-0.011666
8.350000E-9	-0.010747
8.400000E-9	-0.009816
8.450000E-9	-0.008575
8.500000E-9	-0.007206
8.550000E-9	-0.005819
8.600000E-9	-0.004581
8.650000E-9	-0.003297
8.700000E-9	-0.002447
8.750000E-9	-0.001788
8.800000E-9	-0.001444
8.850000E-9	-0.001356
8.900000E-9	-0.001497
8.950000E-9	-0.001863
9.000000E-9	-0.002634
9.050000E-9	-0.003375
9.100000E-9	-0.004425
9.150000E-9	-0.005203
9.200000E-9	-0.006194
9.250000E-9	-0.006959
9.300000E-9	-0.007694
9.350000E-9	-0.008159
9.400000E-9	-0.008534
9.450000E-9	-0.008684
9.500000E-9	-0.008569
9.550000E-9	-0.008044
9.600000E-9	-0.007537
9.650000E-9	-0.006591
9.700000E-9	-0.005616
9.750000E-9	-0.004522
9.800000E-9	-0.003359
9.850000E-9	-0.002100
9.900000E-9	-0.001088
9.950000E-9	-0.000166
1.000000E-8	0.000394
1.005000E-8	0.000913
1.010000E-8	0.001084
1.015000E-8	0.001025
1.020000E-8	0.000744
1.025000E-8	0.000303
1.030000E-8	-0.000472
1.035000E-8	-0.001353
1.040000E-8	-0.002394
1.045000E-8	-0.003378
1.050000E-8	-0.004428
1.055000E-8	-0.005231
1.060000E-8	-0.005812
1.065000E-8	-0.006259
1.070000E-8	-0.006534
1.075000E-8	-0.006306
1.080000E-8	-0.005916
1.085000E-8	-0.005134
1.090000E-8	-0.004228
1.095000E-8	-0.002991
1.100000E-8	-0.001909
1.105000E-8	-0.000759
1.110000E-8	0.000400
1.115000E-8	0.001597
1.120000E-8	0.002338
1.125000E-8	0.003072
1.130000E-8	0.003475
1.135000E-8	0.003594
1.140000E-8	0.003388
1.145000E-8	0.002866
1.150000E-8	0.002319
1.155000E-8	0.001375
1.160000E-8	0.000325
1.165000E-8	-0.000697
1.170000E-8	-0.001844
1.175000E-8	-0.002919
1.180000E-8	-0.003834
1.185000E-8	-0.004572
1.190000E-8	-0.005150
1.195000E-8	-0.005331
1.200000E-8	-0.005263
1.205000E-8	-0.004913
1.210000E-8	-0.004341
1.215000E-8	-0.003328
1.220000E-8	-0.002309
1.225000E-8	-0.001106
1.230000E-8	-9.375000E-6
1.235000E-8	0.001213
1.240000E-8	0.002247
1.245000E-8	0.003156
1.250000E-8	0.003788
1.255000E-8	0.004278
1.260000E-8	0.004563
1.265000E-8	0.004409
1.270000E-8	0.003997
1.275000E-8	0.003469
1.280000E-8	0.002634
1.285000E-8	0.001775
1.290000E-8	0.000731
1.295000E-8	-0.000225
1.300000E-8	-0.001306
1.305000E-8	-0.002038
1.310000E-8	-0.002788
1.315000E-8	-0.003356
1.320000E-8	-0.003634
1.325000E-8	-0.003634
1.330000E-8	-0.003438
1.335000E-8	-0.002875
1.340000E-8	-0.002169
1.345000E-8	-0.001109
1.350000E-8	1.875000E-5
1.355000E-8	0.001231
1.360000E-8	0.002347
1.365000E-8	0.003450
1.370000E-8	0.004325
1.375000E-8	0.005006
1.380000E-8	0.005428
1.385000E-8	0.005594
1.390000E-8	0.005294
1.395000E-8	0.004941
1.400000E-8	0.004262
1.405000E-8	0.003409
1.410000E-8	0.002419
1.415000E-8	0.001322
1.420000E-8	0.000237
1.425000E-8	-0.000709
1.430000E-8	-0.001538
1.435000E-8	-0.002309
1.440000E-8	-0.002797
1.445000E-8	-0.002928
1.450000E-8	-0.003003
1.455000E-8	-0.002672
1.460000E-8	-0.002069
1.465000E-8	-0.001334
1.470000E-8	-0.000447
1.475000E-8	0.000591
1.480000E-8	0.001809
1.485000E-8	0.002819
1.490000E-8	0.003913
1.495000E-8	0.004772
1.500000E-8	0.005125
1.505000E-8	0.005472
1.510000E-8	0.005431
1.515000E-8	0.005309
1.520000E-8	0.004759
1.525000E-8	0.004181
1.530000E-8	0.003375
1.535000E-8	0.002622
1.540000E-8	0.001600
1.545000E-8	0.000691
1.550000E-8	-0.000213
1.555000E-8	-0.000919
1.560000E-8	-0.001413
1.565000E-8	-0.001869
1.570000E-8	-0.002091
1.575000E-8	-0.002075
1.580000E-8	-0.001794
1.585000E-8	-0.001391
1.590000E-8	-0.000566
1.595000E-8	0.000166
1.600000E-8	0.001072
1.605000E-8	0.002097
1.610000E-8	0.003003
1.615000E-8	0.004009
1.620000E-8	0.004722
1.625000E-8	0.005541
1.630000E-8	0.005909
1.635000E-8	0.006194
1.640000E-8	0.006106
1.645000E-8	0.005803
1.650000E-8	0.005206
1.655000E-8	0.004588
1.660000E-8	0.003681
1.665000E-8	0.002850
1.670000E-8	0.001753
1.675000E-8	0.000953
1.680000E-8	0.000134
1.685000E-8	-0.000612
1.690000E-8	-0.001100
1.695000E-8	-0.001325
1.700000E-8	-0.001316
1.705000E-8	-0.000994
1.710000E-8	-0.000753
1.715000E-8	-2.187500E-5
1.720000E-8	0.000694
1.725000E-8	0.001522
1.730000E-8	0.002525
1.735000E-8	0.003553
1.740000E-8	0.004434
1.745000E-8	0.005306
1.750000E-8	0.005916
1.755000E-8	0.006309
1.760000E-8	0.006456
1.765000E-8	0.006419
1.770000E-8	0.006025
1.775000E-8	0.005513
1.780000E-8	0.004716
1.785000E-8	0.003975
1.790000E-8	0.002916
1.795000E-8	0.002100
1.800000E-8	0.001112
1.805000E-8	0.000328
1.810000E-8	-0.000422
1.815000E-8	-0.000891
1.820000E-8	-0.001247
1.825000E-8	-0.001288
1.830000E-8	-0.001209
1.835000E-8	-0.000722
1.840000E-8	-0.000156
1.845000E-8	0.000475
1.850000E-8	0.001463
1.855000E-8	0.002372
1.860000E-8	0.003241
1.865000E-8	0.004259
1.870000E-8	0.004928
1.875000E-8	0.005628
1.880000E-8	0.005847
1.885000E-8	0.006119
1.890000E-8	0.005906
1.895000E-8	0.005809
1.900000E-8	0.005406
1.905000E-8	0.004775
1.910000E-8	0.004075
1.915000E-8	0.003250
1.920000E-8	0.002356
1.925000E-8	0.001491
1.930000E-8	0.000688
1.935000E-8	-1.250000E-5
1.940000E-8	-0.000509
1.945000E-8	-0.000853
1.950000E-8	-0.000931
1.955000E-8	-0.000825
1.960000E-8	-0.000400
1.965000E-8	0.000203
1.970000E-8	0.001028
1.975000E-8	0.001947
1.980000E-8	0.002772
1.985000E-8	0.003825
1.990000E-8	0.004634
1.995000E-8	0.005403
2.000000E-8	0.005969
2.005000E-8	0.006288
2.010000E-8	0.006416
2.015000E-8	0.006369
2.020000E-8	0.006031
2.025000E-8	0.005484
2.030000E-8	0.004738
2.035000E-8	0.003969
2.040000E-8	0.003269
2.045000E-8	0.002506
2.050000E-8	0.001606
2.055000E-8	0.000844
2.060000E-8	0.000131
2.065000E-8	-0.000269
2.070000E-8	-0.000606
2.075000E-8	-0.000569
2.080000E-8	-0.000481
2.085000E-8	-0.000175
2.090000E-8	0.000350
2.095000E-8	0.001050
2.100000E-8	0.001644
2.105000E-8	0.002434
2.110000E-8	0.003191
2.115000E-8	0.003950
2.120000E-8	0.004537
2.125000E-8	0.005084
2.130000E-8	0.005497
2.135000E-8	0.005816
2.140000E-8	0.005725
2.145000E-8	0.005713
2.150000E-8	0.005291
2.155000E-8	0.005003
2.160000E-8	0.004353
2.165000E-8	0.003619
2.170000E-8	0.002844
2.175000E-8	0.002194
2.180000E-8	0.001362
2.185000E-8	0.000638
2.190000E-8	0.000103
2.195000E-8	-0.000138
2.200000E-8	-0.000344
2.205000E-8	-0.000156
2.210000E-8	0.000109
2.215000E-8	0.000566
2.220000E-8	0.001116
2.225000E-8	0.002016
2.230000E-8	0.002781
2.235000E-8	0.003581
2.240000E-8	0.004253
2.245000E-8	0.004869
2.250000E-8	0.005394
2.255000E-8	0.005812
2.260000E-8	0.005953
2.265000E-8	0.006125
2.270000E-8	0.005919
2.275000E-8	0.005681
2.280000E-8	0.005228
2.285000E-8	0.004691
2.290000E-8	0.003978
2.295000E-8	0.003272
2.300000E-8	0.002369
2.305000E-8	0.001666
2.310000E-8	0.000953
2.315000E-8	0.000475
2.320000E-8	6.250000E-6
2.325000E-8	-6.250000E-5
2.330000E-8	-0.000103
2.335000E-8	0.000213
2.340000E-8	0.000634
2.345000E-8	0.001291
2.350000E-8	0.001959
2.355000E-8	0.002838
2.360000E-8	0.003563
2.365000E-8	0.004331
2.370000E-8	0.004981
2.375000E-8	0.005725
2.380000E-8	0.006025
2.385000E-8	0.006334
2.390000E-8	0.006363
2.395000E-8	0.006219
2.400000E-8	0.006047
2.405000E-8	0.005456
2.410000E-8	0.004822
2.415000E-8	0.004156
2.420000E-8	0.003278
2.425000E-8	0.002409
2.430000E-8	0.001697
2.435000E-8	0.001181
2.440000E-8	0.000684
2.445000E-8	0.000359
2.450000E-8	0.000147
2.455000E-8	0.000409
2.460000E-8	0.000713
2.465000E-8	0.001184
2.470000E-8	0.001563
2.475000E-8	0.002228
2.480000E-8	0.002947
2.485000E-8	0.003684
2.490000E-8	0.004331
2.495000E-8	0.004981
2.500000E-8	0.005463
2.505000E-8	0.005919
2.510000E-8	0.006022
2.515000E-8	0.006206
2.520000E-8	0.006053
2.525000E-8	0.005869
2.530000E-8	0.005350
2.535000E-8	0.004784
2.540000E-8	0.004166
2.545000E-8	0.003506
2.550000E-8	0.002778
2.555000E-8	0.002188
2.560000E-8	0.001325
2.565000E-8	0.000938
2.570000E-8	0.000459
2.575000E-8	0.000284
2.580000E-8	0.000278
2.585000E-8	0.000438
2.590000E-8	0.000844
2.595000E-8	0.001297
2.600000E-8	0.002000
2.605000E-8	0.002797
2.610000E-8	0.003525
2.615000E-8	0.004275
2.620000E-8	0.004831
2.625000E-8	0.005269
2.630000E-8	0.005553
2.635000E-8	0.005731
2.640000E-8	0.005675
2.645000E-8	0.005531
2.650000E-8	0.005097
2.655000E-8	0.004709
2.660000E-8	0.004244
2.665000E-8	0.003800
2.670000E-8	0.003150
2.675000E-8	0.002662
2.680000E-8	0.002022
2.685000E-8	0.001569
2.690000E-8	0.001178
2.695000E-8	0.000922
2.700000E-8	0.000581
2.705000E-8	0.000572
2.710000E-8	0.000666
2.715000E-8	0.000938
2.720000E-8	0.001428
2.725000E-8	0.001953
2.730000E-8	0.002606
2.735000E-8	0.003306
2.740000E-8	0.003962
2.745000E-8	0.004659
2.750000E-8	0.005138
2.755000E-8	0.005634
2.760000E-8	0.005781
2.765000E-8	0.005884
2.770000E-8	0.005812
2.775000E-8	0.005622
2.780000E-8	0.005172
2.785000E-8	0.004675
2.790000E-8	0.004063
2.795000E-8	0.003397
2.800000E-8	0.002591
2.805000E-8	0.001978
2.810000E-8	0.001403
2.815000E-8	0.000991
2.820000E-8	0.000650
2.825000E-8	0.000503
2.830000E-8	0.000400
2.835000E-8	0.000494
2.840000E-8	0.000800
2.845000E-8	0.001331
2.850000E-8	0.001906
2.855000E-8	0.002678
2.860000E-8	0.003300
2.865000E-8	0.004034
2.870000E-8	0.004609
2.875000E-8	0.005244
2.880000E-8	0.005822
2.885000E-8	0.006075
2.890000E-8	0.006019
2.895000E-8	0.005934
2.900000E-8	0.005622
2.905000E-8	0.005338
2.910000E-8	0.004769
2.915000E-8	0.004034
2.920000E-8	0.003322
2.925000E-8	0.002722
2.930000E-8	0.002084
2.935000E-8	0.001572
2.940000E-8	0.000944
2.945000E-8	0.000713
2.950000E-8	0.000547
2.955000E-8	0.000709
2.960000E-8	0.000803
2.965000E-8	0.001153
2.970000E-8	0.001653
2.975000E-8	0.002194
2.980000E-8	0.002703
2.985000E-8	0.003372
2.990000E-8	0.003984
2.995000E-8	0.004619
3.000000E-8	0.004978
3.005000E-8	0.005409
3.010000E-8	0.005569
3.015000E-8	0.005659
3.020000E-8	0.005541
3.025000E-8	0.005403
3.030000E-8	0.005009
3.035000E-8	0.004578
3.040000E-8	0.003922
3.045000E-8	0.003316
3.050000E-8	0.002625
3.055000E-8	0.002100
3.060000E-8	0.001622
3.065000E-8	0.001306
3.070000E-8	0.000959
3.075000E-8	0.000744
3.080000E-8	0.000622
3.085000E-8	0.000809
3.090000E-8	0.001053
3.095000E-8	0.001434
3.100000E-8	0.001897
3.105000E-8	0.002488
3.110000E-8	0.003197
3.115000E-8	0.003897
3.120000E-8	0.004431
3.125000E-8	0.005059
3.130000E-8	0.005416
3.135000E-8	0.005800
3.140000E-8	0.005906
3.145000E-8	0.005959
3.150000E-8	0.005653
3.155000E-8	0.005338
3.160000E-8	0.004800
3.165000E-8	0.004197
3.170000E-8	0.003547
3.175000E-8	0.002916
3.180000E-8	0.002263
3.185000E-8	0.001653
3.190000E-8	0.001213
3.195000E-8	0.000978
3.200000E-8	0.000916
3.205000E-8	0.000984
3.210000E-8	0.001075
3.215000E-8	0.001444
3.220000E-8	0.001803
3.225000E-8	0.002288
3.230000E-8	0.002844
3.235000E-8	0.003366
3.240000E-8	0.003800
3.245000E-8	0.004381
3.250000E-8	0.004788
3.255000E-8	0.005072
3.260000E-8	0.005297
3.265000E-8	0.005294
3.270000E-8	0.005144
3.275000E-8	0.005166
3.280000E-8	0.004894
3.285000E-8	0.004450
3.290000E-8	0.003878
3.295000E-8	0.003534
3.300000E-8	0.002969
3.305000E-8	0.002506
3.310000E-8	0.001956
3.315000E-8	0.001553
3.320000E-8	0.001238
3.325000E-8	0.001116
3.330000E-8	0.000959
3.335000E-8	0.001100
3.340000E-8	0.001228
3.345000E-8	0.001522
3.350000E-8	0.001963
3.355000E-8	0.002594
3.360000E-8	0.003081
3.365000E-8	0.003587
3.370000E-8	0.004041
3.375000E-8	0.004500
3.380000E-8	0.004925
3.385000E-8	0.005350
3.390000E-8	0.005484
3.395000E-8	0.005484
3.400000E-8	0.005259
3.405000E-8	0.004962
3.410000E-8	0.004491
3.415000E-8	0.004066
3.420000E-8	0.003497
3.425000E-8	0.003116
3.430000E-8	0.002531
3.435000E-8	0.002097
3.440000E-8	0.001603
3.445000E-8	0.001400
3.450000E-8	0.001241
3.455000E-8	0.001322
3.460000E-8	0.001331
3.465000E-8	0.001628
3.470000E-8	0.001891
3.475000E-8	0.002334
3.480000E-8	0.002772
3.485000E-8	0.003162
3.490000E-8	0.003681
3.495000E-8	0.004181
3.500000E-8	0.004428
3.505000E-8	0.004922
3.510000E-8	0.005228
3.515000E-8	0.005528
3.520000E-8	0.005509
3.525000E-8	0.005394
3.530000E-8	0.005200
3.535000E-8	0.004775
3.540000E-8	0.004197
3.545000E-8	0.003816
3.550000E-8	0.003213
3.555000E-8	0.002647
3.560000E-8	0.002166
3.565000E-8	0.001763
3.570000E-8	0.001481
3.575000E-8	0.001278
3.580000E-8	0.001222
3.585000E-8	0.001403
3.590000E-8	0.001578
3.595000E-8	0.001969
3.600000E-8	0.002375
3.605000E-8	0.002809
3.610000E-8	0.003313
3.615000E-8	0.003884
3.620000E-8	0.004194
3.625000E-8	0.004500
3.630000E-8	0.004741
3.635000E-8	0.004897
3.640000E-8	0.004956
3.645000E-8	0.005041
3.650000E-8	0.004875
3.655000E-8	0.004666
3.660000E-8	0.004316
3.665000E-8	0.003938
3.670000E-8	0.003322
3.675000E-8	0.003069
3.680000E-8	0.002619
3.685000E-8	0.002178
3.690000E-8	0.001706
3.695000E-8	0.001425
3.700000E-8	0.001184
3.705000E-8	0.001116
3.710000E-8	0.001187
3.715000E-8	0.001406
3.720000E-8	0.001634
3.725000E-8	0.002097
3.730000E-8	0.002481
3.735000E-8	0.002891
3.740000E-8	0.003391
3.745000E-8	0.003931
3.750000E-8	0.004331
3.755000E-8	0.004600
3.760000E-8	0.004947
3.765000E-8	0.005100
3.770000E-8	0.005072
3.775000E-8	0.005181
3.780000E-8	0.005003
3.785000E-8	0.004681
3.790000E-8	0.004338
3.795000E-8	0.004031
3.800000E-8	0.003550
3.805000E-8	0.002975
3.810000E-8	0.002453
3.815000E-8	0.002006
3.820000E-8	0.001597
3.825000E-8	0.001506
3.830000E-8	0.001316
3.835000E-8	0.001362
3.840000E-8	0.001516
3.845000E-8	0.001778
3.850000E-8	0.002128
3.855000E-8	0.002572
3.860000E-8	0.003034
3.865000E-8	0.003575
3.870000E-8	0.004053
3.875000E-8	0.004563
3.880000E-8	0.004812
3.885000E-8	0.005072
3.890000E-8	0.005003
3.895000E-8	0.005128
3.900000E-8	0.004975
3.905000E-8	0.004638
3.910000E-8	0.004109
3.915000E-8	0.003822
3.920000E-8	0.003341
3.925000E-8	0.002747
3.930000E-8	0.002269
3.935000E-8	0.001872
3.940000E-8	0.001572
3.945000E-8	0.001331
3.950000E-8	0.001300
3.955000E-8	0.001234
3.960000E-8	0.001253
3.965000E-8	0.001444
3.970000E-8	0.001678
3.975000E-8	0.001991
3.980000E-8	0.002341
3.985000E-8	0.002838
3.990000E-8	0.003334
3.995000E-8	0.003869
4.000000E-8	0.004284
4.005000E-8	0.004644
4.010000E-8	0.004894
4.015000E-8	0.005031
4.020000E-8	0.005094
4.025000E-8	0.005103
4.030000E-8	0.004794
4.035000E-8	0.004613
4.040000E-8	0.004175
4.045000E-8	0.003763
4.050000E-8	0.003319
4.055000E-8	0.002900
4.060000E-8	0.002338
4.065000E-8	0.002031
4.070000E-8	0.001709
4.075000E-8	0.001591
4.080000E-8	0.001566
4.085000E-8	0.001578
4.090000E-8	0.001663
4.095000E-8	0.002078
4.100000E-8	0.002263
4.105000E-8	0.002697
4.110000E-8	0.003053
4.115000E-8	0.003481
4.120000E-8	0.003916
4.125000E-8	0.004391
4.130000E-8	0.004644
4.135000E-8	0.004997
4.140000E-8	0.005053
4.145000E-8	0.005209
4.150000E-8	0.005041
4.155000E-8	0.004853
4.160000E-8	0.004591
4.165000E-8	0.004219
4.170000E-8	0.003822
4.175000E-8	0.003400
4.180000E-8	0.002975
4.185000E-8	0.002603
4.190000E-8	0.002263
4.195000E-8	0.002131
4.200000E-8	0.001775
4.205000E-8	0.001628
4.210000E-8	0.001600
4.215000E-8	0.001631
4.220000E-8	0.001784
4.225000E-8	0.002044
4.230000E-8	0.002278
4.235000E-8	0.002788
4.240000E-8	0.003225
4.245000E-8	0.003641
4.250000E-8	0.003928
4.255000E-8	0.004262
4.260000E-8	0.004581
4.265000E-8	0.004687
4.270000E-8	0.004684
4.275000E-8	0.004803
4.280000E-8	0.004544
4.285000E-8	0.004272
4.290000E-8	0.004087
4.295000E-8	0.003756
4.300000E-8	0.003284
4.305000E-8	0.002841
4.310000E-8	0.002366
4.315000E-8	0.002128
4.320000E-8	0.001766
4.325000E-8	0.001481
4.330000E-8	0.001466
4.335000E-8	0.001453
4.340000E-8	0.001544
4.345000E-8	0.001884
4.350000E-8	0.002025
4.355000E-8	0.002419
4.360000E-8	0.002850
4.365000E-8	0.003259
4.370000E-8	0.003713
4.375000E-8	0.004159
4.380000E-8	0.004406
4.385000E-8	0.004650
4.390000E-8	0.004681
4.395000E-8	0.004734
4.400000E-8	0.004659
4.405000E-8	0.004581
4.410000E-8	0.004372
4.415000E-8	0.004081
4.420000E-8	0.003669
4.425000E-8	0.003322
4.430000E-8	0.002938
4.435000E-8	0.002550
4.440000E-8	0.002203
4.445000E-8	0.002059
4.450000E-8	0.001691
4.455000E-8	0.001556
4.460000E-8	0.001469
4.465000E-8	0.001528
4.470000E-8	0.001600
4.475000E-8	0.001813
4.480000E-8	0.002031
4.485000E-8	0.002322
4.490000E-8	0.002709
4.495000E-8	0.003188
4.500000E-8	0.003519
4.505000E-8	0.004069
4.510000E-8	0.004419
4.515000E-8	0.004738
4.520000E-8	0.004706
4.525000E-8	0.004716
4.530000E-8	0.004625
4.535000E-8	0.004547
4.540000E-8	0.004084
4.545000E-8	0.003766
4.550000E-8	0.003313
4.555000E-8	0.002984
4.560000E-8	0.002512
4.565000E-8	0.002256
4.570000E-8	0.002012
4.575000E-8	0.001891
4.580000E-8	0.001753
4.585000E-8	0.001866
4.590000E-8	0.001953
4.595000E-8	0.002053
4.600000E-8	0.002253
4.605000E-8	0.002678
4.610000E-8	0.002953
4.615000E-8	0.003409
4.620000E-8	0.003731
4.625000E-8	0.004128
4.630000E-8	0.004366
4.635000E-8	0.004750
4.640000E-8	0.004869
4.645000E-8	0.004844
4.650000E-8	0.004803
4.655000E-8	0.004850
4.660000E-8	0.004606
4.665000E-8	0.004409
4.670000E-8	0.004069
4.675000E-8	0.003778
4.680000E-8	0.003391
4.685000E-8	0.003106
4.690000E-8	0.002731
4.695000E-8	0.002447
4.700000E-8	0.002225
4.705000E-8	0.002103
4.710000E-8	0.001878
4.715000E-8	0.002038
4.720000E-8	0.001922
4.725000E-8	0.002078
4.730000E-8	0.002309
4.735000E-8	0.002628
4.740000E-8	0.002866
4.745000E-8	0.003144
4.750000E-8	0.003434
4.755000E-8	0.003853
4.760000E-8	0.004059
4.765000E-8	0.004344
4.770000E-8	0.004500
4.775000E-8	0.004553
4.780000E-8	0.004384
4.785000E-8	0.004253
4.790000E-8	0.004028
4.795000E-8	0.003784
4.800000E-8	0.003434
4.805000E-8	0.003066
4.810000E-8	0.002741
4.815000E-8	0.002453
4.820000E-8	0.002284
4.825000E-8	0.002147
4.830000E-8	0.001916
4.835000E-8	0.001903
4.840000E-8	0.001994
4.845000E-8	0.002191
4.850000E-8	0.002266
4.855000E-8	0.002469
4.860000E-8	0.002728
4.865000E-8	0.003000
4.870000E-8	0.003306
4.875000E-8	0.003772
4.880000E-8	0.003975
4.885000E-8	0.004262
4.890000E-8	0.004422
4.895000E-8	0.004556
4.900000E-8	0.004566
4.905000E-8	0.004466
4.910000E-8	0.004300
4.915000E-8	0.004131
4.920000E-8	0.003775
4.925000E-8	0.003491
4.930000E-8	0.003188
4.935000E-8	0.002922
4.940000E-8	0.002650
4.945000E-8	0.002416
4.950000E-8	0.002241
4.955000E-8	0.002256
4.960000E-8	0.002159
4.965000E-8	0.002162
4.970000E-8	0.002166
4.975000E-8	0.002347
4.980000E-8	0.002531
4.985000E-8	0.002750
4.990000E-8	0.002891
4.995000E-8	0.003259
5.000000E-8	0.003509
5.005000E-8	0.003941
5.010000E-8	0.004172
5.015000E-8	0.004425
5.020000E-8	0.004528
5.025000E-8	0.004687
5.030000E-8	0.004503
5.035000E-8	0.004503
5.040000E-8	0.004231
5.045000E-8	0.003894
5.050000E-8	0.003669
5.055000E-8	0.003369
5.060000E-8	0.002822
5.065000E-8	0.002406
5.070000E-8	0.002150
5.075000E-8	0.001944
5.080000E-8	0.001834
5.085000E-8	0.001909
5.090000E-8	0.001934
5.095000E-8	0.002066
5.100000E-8	0.002291
5.105000E-8	0.002600
5.110000E-8	0.002875
5.115000E-8	0.003269
5.120000E-8	0.003481
5.125000E-8	0.003797
5.130000E-8	0.004050
5.135000E-8	0.004288
5.140000E-8	0.004375
5.145000E-8	0.004484
5.150000E-8	0.004513
5.155000E-8	0.004497
5.160000E-8	0.004475
5.165000E-8	0.004331
5.170000E-8	0.003900
5.175000E-8	0.003587
5.180000E-8	0.003175
5.185000E-8	0.002884
5.190000E-8	0.002453
5.195000E-8	0.002162
5.200000E-8	0.001894
5.205000E-8	0.001813
5.210000E-8	0.001759
5.215000E-8	0.001794
5.220000E-8	0.001878
5.225000E-8	0.002116
5.230000E-8	0.002378
5.235000E-8	0.002638
5.240000E-8	0.002850
5.245000E-8	0.003172
5.250000E-8	0.003450
5.255000E-8	0.003694
5.260000E-8	0.003831
5.265000E-8	0.003975
5.270000E-8	0.004112
5.275000E-8	0.004206
5.280000E-8	0.004206
5.285000E-8	0.004144
5.290000E-8	0.004000
5.295000E-8	0.003788
5.300000E-8	0.003534
5.305000E-8	0.003381
5.310000E-8	0.003106
5.315000E-8	0.002950
5.320000E-8	0.002581
5.325000E-8	0.002459
5.330000E-8	0.002213
5.335000E-8	0.002266
5.340000E-8	0.002200
5.345000E-8	0.002231
5.350000E-8	0.002209
5.355000E-8	0.002437
5.360000E-8	0.002522
5.365000E-8	0.002831
5.370000E-8	0.003016
5.375000E-8	0.003366
5.380000E-8	0.003628
5.385000E-8	0.003925
5.390000E-8	0.004172
5.395000E-8	0.004519
5.400000E-8	0.004563
5.405000E-8	0.004750
5.410000E-8	0.004609
5.415000E-8	0.004419
5.420000E-8	0.004203
5.425000E-8	0.003859
5.430000E-8	0.003481
5.435000E-8	0.003059
5.440000E-8	0.002709
5.445000E-8	0.002403
5.450000E-8	0.002078
5.455000E-8	0.001928
5.460000E-8	0.001784
5.465000E-8	0.001825
5.470000E-8	0.001903
5.475000E-8	0.002209
5.480000E-8	0.002322
5.485000E-8	0.002681
5.490000E-8	0.002950
5.495000E-8	0.003203
5.500000E-8	0.003469
5.505000E-8	0.003825
5.510000E-8	0.003956
5.515000E-8	0.004144
5.520000E-8	0.004313
5.525000E-8	0.004387
5.530000E-8	0.004422
5.535000E-8	0.004391
5.540000E-8	0.004206
5.545000E-8	0.004063
5.550000E-8	0.003719
5.555000E-8	0.003497
5.560000E-8	0.003084
5.565000E-8	0.002853
5.570000E-8	0.002363
5.575000E-8	0.002134
5.580000E-8	0.001891
5.585000E-8	0.001850
5.590000E-8	0.001800
5.595000E-8	0.002003
5.600000E-8	0.002075
5.605000E-8	0.002219
5.610000E-8	0.002356
5.615000E-8	0.002619
5.620000E-8	0.002828
5.625000E-8	0.003162
5.630000E-8	0.003447
5.635000E-8	0.003656
5.640000E-8	0.003784
5.645000E-8	0.004000
5.650000E-8	0.004059
5.655000E-8	0.004184
5.660000E-8	0.004087
5.665000E-8	0.004019
5.670000E-8	0.003766
5.675000E-8	0.003559
5.680000E-8	0.003253
5.685000E-8	0.002941
5.690000E-8	0.002669
5.695000E-8	0.002472
5.700000E-8	0.002316
5.705000E-8	0.002141
5.710000E-8	0.001950
5.715000E-8	0.002028
5.720000E-8	0.001988
5.725000E-8	0.002094
5.730000E-8	0.002244
5.735000E-8	0.002472
5.740000E-8	0.002775
5.745000E-8	0.003175
5.750000E-8	0.003422
5.755000E-8	0.003716
5.760000E-8	0.004056
5.765000E-8	0.004262
5.770000E-8	0.004431
5.775000E-8	0.004438
5.780000E-8	0.004513
5.785000E-8	0.004359
5.790000E-8	0.004319
5.795000E-8	0.004038
5.800000E-8	0.003713
5.805000E-8	0.003566
5.810000E-8	0.003266
5.815000E-8	0.003019
5.820000E-8	0.002775
5.825000E-8	0.002559
5.830000E-8	0.002469
5.835000E-8	0.002469
5.840000E-8	0.002391
5.845000E-8	0.002484
5.850000E-8	0.002544
5.855000E-8	0.002638
5.860000E-8	0.002734
5.865000E-8	0.002950
5.870000E-8	0.003109
5.875000E-8	0.003313
5.880000E-8	0.003488
5.885000E-8	0.003738
5.890000E-8	0.003794
5.895000E-8	0.003941
5.900000E-8	0.003759
5.905000E-8	0.003844
5.910000E-8	0.003806
5.915000E-8	0.003766
5.920000E-8	0.003563
5.925000E-8	0.003453
5.930000E-8	0.003169
5.935000E-8	0.003000
5.940000E-8	0.002669
5.945000E-8	0.002506
5.950000E-8	0.002316
5.955000E-8	0.002144
5.960000E-8	0.001806
5.965000E-8	0.001809
5.970000E-8	0.001750
5.975000E-8	0.002066
5.980000E-8	0.002209
5.985000E-8	0.002419
5.990000E-8	0.002559
5.995000E-8	0.002966
6.000000E-8	0.003369
6.005000E-8	0.003650
6.010000E-8	0.003772
6.015000E-8	0.004000
6.020000E-8	0.004184
6.025000E-8	0.004281
6.030000E-8	0.004188
6.035000E-8	0.004069
6.040000E-8	0.003953
6.045000E-8	0.003853
6.050000E-8	0.003703
6.055000E-8	0.003525
6.060000E-8	0.003353
6.065000E-8	0.003169
6.070000E-8	0.002913
6.075000E-8	0.002734
6.080000E-8	0.002569
6.085000E-8	0.002403
6.090000E-8	0.002375
6.095000E-8	0.002372
6.100000E-8	0.002350
6.105000E-8	0.002509
6.110000E-8	0.002650
6.115000E-8	0.002750
6.120000E-8	0.003022
6.125000E-8	0.003347
6.130000E-8	0.003538
6.135000E-8	0.003734
6.140000E-8	0.003838
6.145000E-8	0.003903
6.150000E-8	0.004013
6.155000E-8	0.004006
6.160000E-8	0.004016
6.165000E-8	0.003894
6.170000E-8	0.003628
6.175000E-8	0.003447
6.180000E-8	0.003194
6.185000E-8	0.003103
6.190000E-8	0.002934
6.195000E-8	0.002763
6.200000E-8	0.002591
6.205000E-8	0.002506
6.210000E-8	0.002497
6.215000E-8	0.002597
6.220000E-8	0.002525
6.225000E-8	0.002737
6.230000E-8	0.002909
6.235000E-8	0.003078
6.240000E-8	0.003019
6.245000E-8	0.003184
6.250000E-8	0.003278
6.255000E-8	0.003422
6.260000E-8	0.003597
6.265000E-8	0.003819
6.270000E-8	0.003934
6.275000E-8	0.004016
6.280000E-8	0.004134
6.285000E-8	0.004153
6.290000E-8	0.004028
6.295000E-8	0.003922
6.300000E-8	0.003769
6.305000E-8	0.003553
6.310000E-8	0.003241
6.315000E-8	0.002916
6.320000E-8	0.002781
6.325000E-8	0.002572
6.330000E-8	0.002325
6.335000E-8	0.002253
6.340000E-8	0.002250
6.345000E-8	0.002350
6.350000E-8	0.002397
6.355000E-8	0.002616
6.360000E-8	0.002766
6.365000E-8	0.003000
6.370000E-8	0.003216
6.375000E-8	0.003488
6.380000E-8	0.003544
6.385000E-8	0.003803
6.390000E-8	0.003972
6.395000E-8	0.004181
6.400000E-8	0.004284
6.405000E-8	0.004272
6.410000E-8	0.004284
6.415000E-8	0.004172
6.420000E-8	0.003953
6.425000E-8	0.003969
6.430000E-8	0.003550
6.435000E-8	0.003522
6.440000E-8	0.003353
6.445000E-8	0.003166
6.450000E-8	0.002850
6.455000E-8	0.002678
6.460000E-8	0.002525
6.465000E-8	0.002497
6.470000E-8	0.002397
6.475000E-8	0.002550
6.480000E-8	0.002547
6.485000E-8	0.002775
6.490000E-8	0.002997
6.495000E-8	0.003206
6.500000E-8	0.003428
6.505000E-8	0.003572
6.510000E-8	0.003669
6.515000E-8	0.003806
6.520000E-8	0.003906
6.525000E-8	0.003988
6.530000E-8	0.003894
6.535000E-8	0.003813
6.540000E-8	0.003778
6.545000E-8	0.003766
6.550000E-8	0.003544
6.555000E-8	0.003550
6.560000E-8	0.003363
6.565000E-8	0.003216
6.570000E-8	0.003006
6.575000E-8	0.002797
6.580000E-8	0.002544
6.585000E-8	0.002453
6.590000E-8	0.002213
6.595000E-8	0.002113
6.600000E-8	0.002156
6.605000E-8	0.002328
6.610000E-8	0.002384
6.615000E-8	0.002688
6.620000E-8	0.002944
6.625000E-8	0.003191
6.630000E-8	0.003381
6.635000E-8	0.003716
6.640000E-8	0.003753
6.645000E-8	0.003950
6.650000E-8	0.004022
6.655000E-8	0.004163
6.660000E-8	0.004178
6.665000E-8	0.004044
6.670000E-8	0.003953
6.675000E-8	0.003956
6.680000E-8	0.003763
6.685000E-8	0.003575
6.690000E-8	0.003509
6.695000E-8	0.003228
6.700000E-8	0.002997
6.705000E-8	0.002894
6.710000E-8	0.002597
6.715000E-8	0.002475
6.720000E-8	0.002413
6.725000E-8	0.002591
6.730000E-8	0.002784
6.735000E-8	0.003038
6.740000E-8	0.003209
6.745000E-8	0.003450
6.750000E-8	0.003572
6.755000E-8	0.003938
6.760000E-8	0.004081
6.765000E-8	0.004237
6.770000E-8	0.004234
6.775000E-8	0.004428
6.780000E-8	0.004403
6.785000E-8	0.004375
6.790000E-8	0.004122
6.795000E-8	0.004025
6.800000E-8	0.003872
6.805000E-8	0.003697
6.810000E-8	0.003409
6.815000E-8	0.003253
6.820000E-8	0.002975
6.825000E-8	0.002794
6.830000E-8	0.002713
6.835000E-8	0.002572
6.840000E-8	0.002578
6.845000E-8	0.002591
6.850000E-8	0.002597
6.855000E-8	0.002744
6.860000E-8	0.002963
6.865000E-8	0.003313
6.870000E-8	0.003388
6.875000E-8	0.003591
6.880000E-8	0.003747
6.885000E-8	0.003847
6.890000E-8	0.003931
6.895000E-8	0.003966
6.900000E-8	0.003994
6.905000E-8	0.004059
6.910000E-8	0.004006
6.915000E-8	0.004031
6.920000E-8	0.003891
6.925000E-8	0.003894
6.930000E-8	0.003663
6.935000E-8	0.003597
6.940000E-8	0.003244
6.945000E-8	0.003144
6.950000E-8	0.002925
6.955000E-8	0.002759
6.960000E-8	0.002566
6.965000E-8	0.002566
6.970000E-8	0.002528
6.975000E-8	0.002603
6.980000E-8	0.002647
6.985000E-8	0.002734
6.990000E-8	0.002850
6.995000E-8	0.003156
7.000000E-8	0.003203
7.005000E-8	0.003306
7.010000E-8	0.003463
7.015000E-8	0.003647
7.020000E-8	0.003741
7.025000E-8	0.003756
7.030000E-8	0.003700
7.035000E-8	0.003759
7.040000E-8	0.003678
7.045000E-8	0.003747
7.050000E-8	0.003738
7.055000E-8	0.003641
7.060000E-8	0.003547
7.065000E-8	0.003550
7.070000E-8	0.003397
7.075000E-8	0.003188
7.080000E-8	0.002991
7.085000E-8	0.002953
7.090000E-8	0.002741
7.095000E-8	0.002666
7.100000E-8	0.002591
7.105000E-8	0.002737
7.110000E-8	0.002741
7.115000E-8	0.002875
7.120000E-8	0.003072
7.125000E-8	0.003141
7.130000E-8	0.003278
7.135000E-8	0.003534
7.140000E-8	0.003716
7.145000E-8	0.003691
7.150000E-8	0.003709
7.155000E-8	0.003766
7.160000E-8	0.003650
7.165000E-8	0.003528
7.170000E-8	0.003403
7.175000E-8	0.003356
7.180000E-8	0.003188
7.185000E-8	0.003106
7.190000E-8	0.002919
7.195000E-8	0.002841
7.200000E-8	0.002769
7.205000E-8	0.002725
7.210000E-8	0.002581
7.215000E-8	0.002662
7.220000E-8	0.002778
7.225000E-8	0.002838
7.230000E-8	0.002966
7.235000E-8	0.003119
7.240000E-8	0.002997
7.245000E-8	0.003150
7.250000E-8	0.003294
7.255000E-8	0.003384
7.260000E-8	0.003509
7.265000E-8	0.003719
7.270000E-8	0.003844
7.275000E-8	0.003953
7.280000E-8	0.003869
7.285000E-8	0.003847
7.290000E-8	0.003894
7.295000E-8	0.003869
7.300000E-8	0.003753
7.305000E-8	0.003613
7.310000E-8	0.003444
7.315000E-8	0.003341
7.320000E-8	0.003119
7.325000E-8	0.003009
7.330000E-8	0.002838
7.335000E-8	0.002794
7.340000E-8	0.002531
7.345000E-8	0.002538
7.350000E-8	0.002478
7.355000E-8	0.002622
7.360000E-8	0.002681
7.365000E-8	0.002797
7.370000E-8	0.002909
7.375000E-8	0.003219
7.380000E-8	0.003284
7.385000E-8	0.003403
7.390000E-8	0.003556
7.395000E-8	0.003725
7.400000E-8	0.003750
7.405000E-8	0.003794
7.410000E-8	0.003872
7.415000E-8	0.003906
7.420000E-8	0.003834
7.425000E-8	0.003800
7.430000E-8	0.003519
7.435000E-8	0.003528
7.440000E-8	0.003272
7.445000E-8	0.003209
7.450000E-8	0.003109
7.455000E-8	0.002963
7.460000E-8	0.002878
7.465000E-8	0.002850
7.470000E-8	0.002766
7.475000E-8	0.002691
7.480000E-8	0.002659
7.485000E-8	0.002669
7.490000E-8	0.002822
7.495000E-8	0.002953
7.500000E-8	0.002894
7.505000E-8	0.003034
7.510000E-8	0.003047
7.515000E-8	0.003166
7.520000E-8	0.003272
7.525000E-8	0.003319
7.530000E-8	0.003266
7.535000E-8	0.003344
7.540000E-8	0.003206
7.545000E-8	0.003266
7.550000E-8	0.003231
7.555000E-8	0.003188
7.560000E-8	0.003191
7.565000E-8	0.003188
7.570000E-8	0.003156
7.575000E-8	0.003119
7.580000E-8	0.002919
7.585000E-8	0.002884
7.590000E-8	0.002759
7.595000E-8	0.002666
7.600000E-8	0.002587
7.605000E-8	0.002594
7.610000E-8	0.002628
7.615000E-8	0.002813
7.620000E-8	0.002975
7.625000E-8	0.003119
7.630000E-8	0.003250
7.635000E-8	0.003416
7.640000E-8	0.003519
7.645000E-8	0.003722
7.650000E-8	0.003769
7.655000E-8	0.003853
7.660000E-8	0.003919
7.665000E-8	0.003734
7.670000E-8	0.003653
7.675000E-8	0.003600
7.680000E-8	0.003331
7.685000E-8	0.003059
7.690000E-8	0.002850
7.695000E-8	0.002806
7.700000E-8	0.002700
7.705000E-8	0.002594
7.710000E-8	0.002484
7.715000E-8	0.002550
7.720000E-8	0.002653
7.725000E-8	0.002781
7.730000E-8	0.002781
7.735000E-8	0.003069
7.740000E-8	0.003263
7.745000E-8	0.003531
7.750000E-8	0.003634
7.755000E-8	0.003788
7.760000E-8	0.003753
7.765000E-8	0.003931
7.770000E-8	0.003919
7.775000E-8	0.003956
7.780000E-8	0.003881
7.785000E-8	0.003841
7.790000E-8	0.003709
7.795000E-8	0.003650
7.800000E-8	0.003406
7.805000E-8	0.003372
7.810000E-8	0.003275
7.815000E-8	0.003106
7.820000E-8	0.002978
7.825000E-8	0.002988
7.830000E-8	0.002716
7.835000E-8	0.002728
7.840000E-8	0.002625
7.845000E-8	0.002559
7.850000E-8	0.002578
7.855000E-8	0.002681
7.860000E-8	0.002788
7.865000E-8	0.002888
7.870000E-8	0.003041
7.875000E-8	0.003066
7.880000E-8	0.002978
7.885000E-8	0.003216
7.890000E-8	0.003097
7.895000E-8	0.003313
7.900000E-8	0.003306
7.905000E-8	0.003353
7.910000E-8	0.003250
7.915000E-8	0.003241
7.920000E-8	0.003084
7.925000E-8	0.003053
7.930000E-8	0.002975
7.935000E-8	0.002856
7.940000E-8	0.002688
7.945000E-8	0.002747
7.950000E-8	0.002597
7.955000E-8	0.002653
7.960000E-8	0.002713
7.965000E-8	0.002700
7.970000E-8	0.002656
7.975000E-8	0.002816
7.980000E-8	0.002653
7.985000E-8	0.002838
7.990000E-8	0.002819
7.995000E-8	0.002859
8.000000E-8	0.002900
8.005000E-8	0.003100
8.010000E-8	0.003138
8.015000E-8	0.003344
8.020000E-8	0.003331
8.025000E-8	0.003544
8.030000E-8	0.003581
8.035000E-8	0.003622
8.040000E-8	0.003563
8.045000E-8	0.003734
8.050000E-8	0.003653
8.055000E-8	0.003584
8.060000E-8	0.003472
8.065000E-8	0.003413
8.070000E-8	0.003219
8.075000E-8	0.003128
8.080000E-8	0.003050
8.085000E-8	0.002953
8.090000E-8	0.002953
8.095000E-8	0.002872
8.100000E-8	0.002888
8.105000E-8	0.002953
8.110000E-8	0.002947
8.115000E-8	0.003056
8.120000E-8	0.003131
8.125000E-8	0.003319
8.130000E-8	0.003450
8.135000E-8	0.003656
8.140000E-8	0.003684
8.145000E-8	0.003934
8.150000E-8	0.004000
8.155000E-8	0.004041
8.160000E-8	0.003997
8.165000E-8	0.003866
8.170000E-8	0.003619
8.175000E-8	0.003581
8.180000E-8	0.003419
8.185000E-8	0.003309
8.190000E-8	0.003053
8.195000E-8	0.003100
8.200000E-8	0.003003
8.205000E-8	0.002906
8.210000E-8	0.002725
8.215000E-8	0.002772
8.220000E-8	0.002706
8.225000E-8	0.002859
8.230000E-8	0.002778
8.235000E-8	0.002853
8.240000E-8	0.002941
8.245000E-8	0.003087
8.250000E-8	0.003075
8.255000E-8	0.003188
8.260000E-8	0.003275
8.265000E-8	0.003463
8.270000E-8	0.003522
8.275000E-8	0.003594
8.280000E-8	0.003713
8.285000E-8	0.003834
8.290000E-8	0.003834
8.295000E-8	0.003928
8.300000E-8	0.003859
8.305000E-8	0.003800
8.310000E-8	0.003644
8.315000E-8	0.003581
8.320000E-8	0.003356
8.325000E-8	0.003166
8.330000E-8	0.002919
8.335000E-8	0.002813
8.340000E-8	0.002703
8.345000E-8	0.002647
8.350000E-8	0.002613
8.355000E-8	0.002653
8.360000E-8	0.002650
8.365000E-8	0.002750
8.370000E-8	0.002775
8.375000E-8	0.003059
8.380000E-8	0.003072
8.385000E-8	0.003341
8.390000E-8	0.003472
8.395000E-8	0.003581
8.400000E-8	0.003634
8.405000E-8	0.003656
8.410000E-8	0.003459
8.415000E-8	0.003484
8.420000E-8	0.003391
8.425000E-8	0.003269
8.430000E-8	0.003166
8.435000E-8	0.003109
8.440000E-8	0.002997
8.445000E-8	0.002919
8.450000E-8	0.002863
8.455000E-8	0.002906
8.460000E-8	0.002931
8.465000E-8	0.002969
8.470000E-8	0.002959
8.475000E-8	0.003025
8.480000E-8	0.003128
8.485000E-8	0.003153
8.490000E-8	0.003169
8.495000E-8	0.003134
8.500000E-8	0.003175
8.505000E-8	0.003275
8.510000E-8	0.003300
8.515000E-8	0.003391
8.520000E-8	0.003291
8.525000E-8	0.003441
8.530000E-8	0.003488
8.535000E-8	0.003597
8.540000E-8	0.003525
8.545000E-8	0.003509
8.550000E-8	0.003441
8.555000E-8	0.003431
8.560000E-8	0.003347
8.565000E-8	0.003272
8.570000E-8	0.003109
8.575000E-8	0.003022
8.580000E-8	0.002803
8.585000E-8	0.002859
8.590000E-8	0.002634
8.595000E-8	0.002709
8.600000E-8	0.002769
8.605000E-8	0.002791
8.610000E-8	0.002816
8.615000E-8	0.003059
8.620000E-8	0.003050
8.625000E-8	0.003206
8.630000E-8	0.003184
8.635000E-8	0.003253
8.640000E-8	0.003147
8.645000E-8	0.003244
8.650000E-8	0.003256
8.655000E-8	0.003272
8.660000E-8	0.003266
8.665000E-8	0.003247
8.670000E-8	0.003194
8.675000E-8	0.003216
8.680000E-8	0.003178
8.685000E-8	0.003116
8.690000E-8	0.003144
8.695000E-8	0.003216
8.700000E-8	0.003153
8.705000E-8	0.003125
8.710000E-8	0.003106
8.715000E-8	0.003194
8.720000E-8	0.003153
8.725000E-8	0.003206
8.730000E-8	0.003200
8.735000E-8	0.003247
8.740000E-8	0.003259
8.745000E-8	0.003172
8.750000E-8	0.003103
8.755000E-8	0.003166
8.760000E-8	0.003222
8.765000E-8	0.003263
8.770000E-8	0.003456
8.775000E-8	0.003500
8.780000E-8	0.003553
8.785000E-8	0.003663
8.790000E-8	0.003606
8.795000E-8	0.003550
8.800000E-8	0.003556
8.805000E-8	0.003481
8.810000E-8	0.003419
8.815000E-8	0.003434
8.820000E-8	0.003238
8.825000E-8	0.003109
8.830000E-8	0.002953
8.835000E-8	0.002922
8.840000E-8	0.002825
8.845000E-8	0.002822
8.850000E-8	0.002897
8.855000E-8	0.002828
8.860000E-8	0.002847
8.865000E-8	0.002966
8.870000E-8	0.002959
8.875000E-8	0.003091
8.880000E-8	0.002944
8.885000E-8	0.002997
8.890000E-8	0.002981
8.895000E-8	0.003156
8.900000E-8	0.003119
8.905000E-8	0.003169
8.910000E-8	0.003200
8.915000E-8	0.003244
8.920000E-8	0.003234
8.925000E-8	0.003184
8.930000E-8	0.003194
8.935000E-8	0.003306
8.940000E-8	0.003284
8.945000E-8	0.003300
8.950000E-8	0.003231
8.955000E-8	0.003269
8.960000E-8	0.003216
8.965000E-8	0.003347
8.970000E-8	0.003159
8.975000E-8	0.003100
8.980000E-8	0.003091
8.985000E-8	0.003047
8.990000E-8	0.002997
8.995000E-8	0.003003
9.000000E-8	0.002959
9.005000E-8	0.003081
9.010000E-8	0.003188
9.015000E-8	0.003309
9.020000E-8	0.003397
9.025000E-8	0.003691
9.030000E-8	0.003631
9.035000E-8	0.003734
9.040000E-8	0.003703
9.045000E-8	0.003678
9.050000E-8	0.003641
9.055000E-8	0.003684
9.060000E-8	0.003644
9.065000E-8	0.003550
9.070000E-8	0.003394
9.075000E-8	0.003266
9.080000E-8	0.003138
9.085000E-8	0.003153
9.090000E-8	0.003031
9.095000E-8	0.002972
9.100000E-8	0.002844
9.105000E-8	0.002938
9.110000E-8	0.002938
9.115000E-8	0.003159
9.120000E-8	0.003200
9.125000E-8	0.003159
9.130000E-8	0.003191
9.135000E-8	0.003375
9.140000E-8	0.003525
9.145000E-8	0.003512
9.150000E-8	0.003481
9.155000E-8	0.003697
9.160000E-8	0.003644
9.165000E-8	0.003631
9.170000E-8	0.003538
9.175000E-8	0.003469
9.180000E-8	0.003381
9.185000E-8	0.003369
9.190000E-8	0.003253
9.195000E-8	0.003172
9.200000E-8	0.003034
9.205000E-8	0.003047
9.210000E-8	0.003000
9.215000E-8	0.002934
9.220000E-8	0.002872
9.225000E-8	0.002925
9.230000E-8	0.002909
9.235000E-8	0.002941
9.240000E-8	0.003119
9.245000E-8	0.003231
9.250000E-8	0.003269
9.255000E-8	0.003369
9.260000E-8	0.003359
9.265000E-8	0.003381
9.270000E-8	0.003278
9.275000E-8	0.003494
9.280000E-8	0.003619
9.285000E-8	0.003609
9.290000E-8	0.003563
9.295000E-8	0.003653
9.300000E-8	0.003688
9.305000E-8	0.003688
9.310000E-8	0.003531
9.315000E-8	0.003491
9.320000E-8	0.003484
9.325000E-8	0.003325
9.330000E-8	0.003228
9.335000E-8	0.003106
9.340000E-8	0.003053
9.345000E-8	0.003103
9.350000E-8	0.003056
9.355000E-8	0.003103
9.360000E-8	0.003084
9.365000E-8	0.003047
9.370000E-8	0.003038
9.375000E-8	0.003200
9.380000E-8	0.003147
9.385000E-8	0.003087
9.390000E-8	0.003159
9.395000E-8	0.003213
9.400000E-8	0.003244
9.405000E-8	0.003353
9.410000E-8	0.003363
9.415000E-8	0.003472
9.420000E-8	0.003497
9.425000E-8	0.003469
9.430000E-8	0.003497
9.435000E-8	0.003553
9.440000E-8	0.003475
9.445000E-8	0.003422
9.450000E-8	0.003331
9.455000E-8	0.003231
9.460000E-8	0.003141
9.465000E-8	0.003094
9.470000E-8	0.003006
9.475000E-8	0.003116
9.480000E-8	0.002913
9.485000E-8	0.002919
9.490000E-8	0.002775
9.495000E-8	0.002853
9.500000E-8	0.002791
9.505000E-8	0.002866
9.510000E-8	0.002950
9.515000E-8	0.003078
9.520000E-8	0.003028
9.525000E-8	0.003141
9.530000E-8	0.003241
9.535000E-8	0.003388
9.540000E-8	0.003463
9.545000E-8	0.003587
9.550000E-8	0.003663
9.555000E-8	0.003703
9.560000E-8	0.003666
9.565000E-8	0.003587
9.570000E-8	0.003444
9.575000E-8	0.003375
9.580000E-8	0.003250
9.585000E-8	0.003188
9.590000E-8	0.003069
9.595000E-8	0.003188
9.600000E-8	0.003222
9.605000E-8	0.003066
9.610000E-8	0.003034
9.615000E-8	0.003203
9.620000E-8	0.003238
9.625000E-8	0.003194
9.630000E-8	0.003384
9.635000E-8	0.003347
9.640000E-8	0.003331
9.645000E-8	0.003347
9.650000E-8	0.003322
9.655000E-8	0.003319
9.660000E-8	0.003303
9.665000E-8	0.003369
9.670000E-8	0.003413
9.675000E-8	0.003409
9.680000E-8	0.003331
9.685000E-8	0.003466
9.690000E-8	0.003441
9.695000E-8	0.003388
9.700000E-8	0.003306
9.705000E-8	0.003309
9.710000E-8	0.003231
9.715000E-8	0.003309
9.720000E-8	0.003241
9.725000E-8	0.003238
9.730000E-8	0.003144
9.735000E-8	0.003150
9.740000E-8	0.003256
9.745000E-8	0.003200
9.750000E-8	0.003334
9.755000E-8	0.003319
9.760000E-8	0.003416
9.765000E-8	0.003431
9.770000E-8	0.003394
9.775000E-8	0.003369
9.780000E-8	0.003275
9.785000E-8	0.003269
9.790000E-8	0.003134
9.795000E-8	0.003091
9.800000E-8	0.003044
9.805000E-8	0.003081
9.810000E-8	0.003053
9.815000E-8	0.003134
9.820000E-8	0.003050
9.825000E-8	0.003072
9.830000E-8	0.003063
9.835000E-8	0.003075
9.840000E-8	0.003000
9.845000E-8	0.002897
9.850000E-8	0.002844
9.855000E-8	0.002884
9.860000E-8	0.002966
9.865000E-8	0.003087
9.870000E-8	0.003159
9.875000E-8	0.003234
9.880000E-8	0.003316
9.885000E-8	0.003363
9.890000E-8	0.003478
9.895000E-8	0.003544
9.900000E-8	0.003541
9.905000E-8	0.003628
9.910000E-8	0.003641
9.915000E-8	0.003784
9.920000E-8	0.003734
9.925000E-8	0.003631
9.930000E-8	0.003631
9.935000E-8	0.003669
9.940000E-8	0.003459
9.945000E-8	0.003413
9.950000E-8	0.003316
9.955000E-8	0.003316
9.960000E-8	0.003219
9.965000E-8	0.003316
9.970000E-8	0.003184
9.975000E-8	0.003263
9.980000E-8	0.003300
9.985000E-8	0.003438
9.990000E-8	0.003506
9.995000E-8	0.003553
